HKL Value		Reward		TotalReward	Chi Squared	Z Appr. 	Error	Two-Thetas	Sfs2
4 4 8			0.0		0.0		0.0		0.3	3.9407	61.1479986878	218.5721
1 3 7			0.0		0.0		81.17		0.37538	0.1893	39.2755843192	5.3372
0 0 10			0.98		0.98		40.9		0.37711	0.8316	38.8438017949	41.7013
3 3 7			0.49		1.48		27.37		0.37673	0.1558	47.1418707618	3.5073
9 1 1			0.24		1.72		22.09		0.37661	0.8793	87.9915459652	19.6393
1 1 17			-0.47		1.24		42.0		0.35687	2.447	70.2810461715	248.4175
2 6 0			-0.48		0.76		80.93		0.35687	4.3567	58.0028534629	558.9791
4 2 14			0.17		0.93		69.46		0.35689	1.2576	70.6282605877	19.9713
0 0 20			0.09		1.02		63.84		0.3637	0.4542	83.3712939521	4.3689
2 4 10			0.11		1.13		57.55		0.36368	0.607	57.0555982332	12.0937
0 0 2			-0.02		1.1		58.88		0.36379	1.161	7.62646333295	98.931
6 4 2			0.1		1.2		53.73		0.36379	0.2211	67.6401768609	4.8049
4 2 10			0.08		1.28		49.81		0.36376	1.1102	57.0442200735	11.3144
4 2 8			0.08		1.35		46.3		0.36349	0.7605	51.4203212226	2.5419
2 2 6			-0.34		1.01		70.19		0.36251	8.3224	34.2684003079	615.2447
6 4 0			0.07		1.08		65.51		0.36251	1.8287	67.0910631577	58.6803
4 4 10			0.04		1.13		62.8		0.3628	0.6886	66.23802526	47.6672
4 6 2			0.06		1.19		59.26		0.3628	0.2349	67.657370766	5.5969
6 0 8			0.06		1.24		56.12		0.36265	2.9234	64.163237895	5.3359
0 6 8			0.05		1.3		53.28		0.36251	0.7694	64.1950429677	5.6946
4 6 0			0.05		1.35		50.62		0.3625	0.7863	67.1083315067	59.4729
6 0 2			0.05		1.4		48.29		0.36252	0.2214	55.354768557	5.4487
2 4 14			0.05		1.44		46.17		0.36241	0.5221	70.6383718296	19.4111
7 3 1			0.04		1.48		44.44		0.36241	0.5095	71.5359286583	22.1332
4 0 2			-0.04		1.44		46.23		0.36252	1.7854	36.5531212028	138.5255
2 6 10			0.02		1.47		45.15		0.3628	0.7069	72.0169435829	44.7171
7 1 5			0.02		1.48		44.38		0.3631	1.5264	69.0427278305	98.726
4 0 10			0.02		1.51		43.44		0.36345	0.6243	53.7713327333	45.2096
3 5 9			0.03		1.53		42.24		0.36324	0.4755	65.0802252419	19.5165
2 0 10			0.02		1.56		41.24		0.36318	0.6169	42.9543880851	20.236
3 7 1			0.03		1.59		40.08		0.36316	1.2822	71.5694631273	22.2453
6 2 8			-0.04		1.55		41.58		0.36374	3.3751	67.1207225085	222.106
6 2 0			-0.15		1.4		49.09		0.36374	4.3933	57.9728440251	566.5186
1 5 3			0.02		1.41		48.37		0.36361	0.9511	47.585042181	85.8034
0 6 10			0.03		1.44		47.08		0.36359	0.8527	69.1637693973	8.5049
6 2 10			0.02		1.46		46.23		0.36401	0.7103	71.9901825081	43.9921
2 0 16			0.03		1.49		44.95		0.36397	0.5935	67.2372591268	11.8907
1 1 15			0.02		1.51		43.98		0.36407	0.656	61.3839959686	20.6242
1 7 1			0.02		1.53		43.12		0.36405	0.5219	65.7901743415	26.2984
5 1 9			0.02		1.55		42.21		0.36381	0.4583	58.9619928854	19.0838
4 2 2			0.02		1.57		41.33		0.36381	0.457	40.8620305525	12.2524
2 4 2			0.02		1.59		40.51		0.36384	0.3828	40.8766170199	13.2501
1 3 15			0.02		1.62		39.61		0.3639	0.2862	67.3623786269	8.1809
3 1 7			0.02		1.64		38.72		0.36392	0.257	39.2655360855	5.205
0 2 16			0.02		1.66		37.84		0.36399	1.8687	67.2407114996	13.8307
2 0 14			0.02		1.68		37.0		0.36396	0.2634	58.6945218607	7.3942
1 1 13			0.02		1.71		36.2		0.36389	0.3722	52.9310122384	10.9703
2 0 8			0.02		1.73		35.44		0.36385	0.1665	35.7565424018	1.5727
1 5 1			0.01		1.74		34.96		0.36383	0.4978	46.196563203	27.3004
2 2 10			0.01		1.75		34.62		0.36412	0.6429	46.7739448495	44.8949
5 3 9			0.01		1.77		34.15		0.36396	0.4833	65.0662013285	20.8409
5 1 1			0.01		1.78		33.72		0.36394	0.5346	46.1701152	26.7419
0 4 20			0.02		1.8		33.07		0.36384	1.027	94.1654323607	18.6345
2 2 16			0.02		1.81		32.54		0.36426	1.1693	70.1293332912	108.6018
5 5 1			0.02		1.83		32.06		0.36425	0.5073	65.769247456	23.9531
6 0 10			0.02		1.84		31.56		0.36425	1.0728	69.1331306246	8.9056
5 3 1			0.01		1.85		31.26		0.36422	0.5252	53.2386121167	32.835
0 6 0			0.01		1.87		30.82		0.36422	1.4277	54.7714555341	59.4019
4 2 6			0.01		1.88		30.48		0.36404	1.6049	46.7233273538	62.1975
0 6 6			0.01		1.89		30.05		0.36391	1.0147	60.183190367	40.9583
1 5 9			0.01		1.91		29.65		0.36378	0.4394	58.984264935	17.7365
0 2 14			0.02		1.92		29.17		0.36378	0.2479	58.6982494177	6.3292
2 4 12			0.02		1.94		28.73		0.36374	0.2205	63.4791913795	4.8908
2 4 6			0.01		1.95		28.46		0.36357	0.785	46.7364348384	64.2552
5 1 3			0.0		1.95		28.43		0.3635	0.9592	47.5591860667	88.1873
3 1 15			0.01		1.96		28.03		0.36353	0.2871	67.3554895111	7.7692
6 4 6			0.02		1.98		27.61		0.36351	0.9247	71.9614498967	41.9809
7 1 1			0.01		1.99		27.35		0.3635	0.5207	65.7483230412	25.2044
0 6 2			0.01		2.0		26.98		0.36351	0.2356	55.3895592761	6.1752
0 4 10			0.0		2.01		26.85		0.36371	0.9893	53.7871001638	44.1425
3 1 9			0.01		2.02		26.51		0.36364	0.36	45.2950695798	8.7768
1 3 9			0.01		2.03		26.17		0.36358	0.2622	45.3040218183	7.1674
6 0 0			0.01		2.05		25.87		0.36357	0.7256	54.7363985401	55.434
3 3 1			0.01		2.05		25.71		0.36356	0.5106	38.1558496662	33.1617
0 6 16			0.01		2.06		25.37		0.36344	0.4825	89.3859051251	7.6515
1 5 13			0.01		2.08		25.03		0.36347	1.1973	71.2966048402	12.6128
1 3 13			0.01		2.09		24.7		0.36347	0.3907	59.4200243294	11.5335
0 0 4			-0.01		2.08		24.92		0.36345	0.8482	15.2869714585	59.1035
1 1 1			0.0		2.08		24.92		0.36343	0.5749	13.0194761966	56.7652
1 7 7			0.01		2.09		24.63		0.36343	0.4353	72.3061031614	6.1143
1 1 3			0.0		2.1		24.53		0.36341	0.4514	16.9416048235	36.8187
2 4 0			0.01		2.1		24.39		0.36341	1.4359	40.0960076051	88.2765
4 4 4			-0.01		2.09		24.73		0.36338	0.8476	53.9354251327	76.9211
3 3 13			0.01		2.1		24.43		0.36332	0.5636	65.4922780779	9.1158
0 2 10			0.01		2.11		24.31		0.36329	0.4317	42.9590557724	21.0204
3 5 1			0.01		2.11		24.18		0.36328	0.5283	53.2544885252	31.9012
0 4 4			-0.01		2.1		24.49		0.36326	0.8482	39.0545896029	78.0016
0 4 16			0.01		2.11		24.24		0.36346	1.5557	75.7704700384	94.8658
1 3 1			0.0		2.11		24.19		0.36344	0.5324	28.3265170018	42.1271
4 4 12			-0.01		2.1		24.46		0.3631	1.9475	72.2035773977	130.2426
6 0 4			0.0		2.1		24.44		0.36312	0.7069	57.1830782131	42.6751
0 4 6			-0.11		1.99		27.4		0.36275	3.7688	42.9189471786	481.9509
5 3 5			-0.01		1.99		27.59		0.36292	2.2247	56.9473208346	134.0256
6 0 6			0.01		2.0		27.34		0.36285	1.0815	60.1501886982	39.9969
0 0 22			0.01		2.01		27.07		0.36288	2.2765	94.0325860765	137.6091
2 0 2			0.0		2.01		27.06		0.36288	0.6502	19.2320929378	35.9547
4 6 4			0.01		2.01		26.91		0.36289	1.0731	69.291881243	33.3045
3 3 9			0.01		2.02		26.68		0.36283	0.3816	52.4524123761	12.0632
0 4 12			-0.02		2.0		27.19		0.36246	1.4889	60.4300914167	161.7651
2 0 12			0.01		2.01		26.98		0.36238	0.8079	50.6101057273	16.6151
4 0 4			-0.01		2.0		27.22		0.36235	1.2165	39.0343929222	79.1487
0 2 20			0.01		2.01		26.96		0.36239	0.4494	86.0769303832	2.8517