HKL Value		Reward		TotalReward	Chi Squared	Z Appr. 	Error	Two-Thetas	Sfs2
6 2 8			0.0		0.0		0.0		0.3	3.3751	67.1207225085	222.106
0 0 10			0.0		0.0		99.9		0.24999	0.8316	38.8438017949	41.7013
0 0 20			0.8		0.8		55.64		0.26559	0.4542	83.3712939521	4.3689
6 4 2			0.49		1.28		37.42		0.26561	0.2211	67.6401768609	4.8049
4 2 10			0.26		1.54		29.74		0.26564	1.1102	57.0442200735	11.3144
6 4 0			0.25		1.79		23.79		0.26564	1.8287	67.0910631577	58.6803
4 0 8			-0.39		1.4		38.89		0.26422	2.9483	47.8850437629	244.3799
4 6 2			0.16		1.57		33.41		0.26422	0.2349	67.657370766	5.5969
4 6 0			0.14		1.71		29.24		0.26422	0.7863	67.1083315067	59.4729
0 6 8			0.12		1.83		26.12		0.26442	0.7694	64.1950429677	5.6946
6 0 8			0.1		1.93		23.64		0.26463	2.9234	64.163237895	5.3359
6 0 2			0.1		2.03		21.51		0.26463	0.2214	55.354768557	5.4487
7 3 1			0.09		2.12		19.72		0.26463	0.5095	71.5359286583	22.1332
2 4 14			0.03		2.15		19.13		0.26436	0.5221	70.6383718296	19.4111
2 6 10			0.01		2.16		18.95		0.26508	0.7069	72.0169435829	44.7171
4 2 14			0.02		2.19		18.54		0.26476	1.2576	70.6282605877	19.9713
4 4 10			0.0		2.19		18.52		0.26611	0.6886	66.23802526	47.6672
4 0 10			0.05		2.24		17.62		0.27482	0.6243	53.7713327333	45.2096
6 2 10			0.05		2.29		16.72		0.27558	0.7103	71.9901825081	43.9921
3 7 1			0.06		2.35		15.84		0.27556	1.2822	71.5694631273	22.2453
3 5 9			0.02		2.37		15.55		0.27563	0.4755	65.0802252419	19.5165
2 0 16			0.03		2.4		15.07		0.27598	0.5935	67.2372591268	11.8907
1 1 15			0.05		2.44		14.41		0.27558	0.656	61.3839959686	20.6242
0 2 16			0.02		2.47		14.08		0.27589	1.8687	67.2407114996	13.8307
4 2 2			0.04		2.5		13.58		0.27586	0.457	40.8620305525	12.2524
5 1 9			0.01		2.51		13.5		0.27589	0.4583	58.9619928854	19.0838
9 1 1			0.04		2.55		12.98		0.27589	0.8793	87.9915459652	19.6393
7 1 1			0.03		2.58		12.56		0.27585	0.5207	65.7483230412	25.2044
0 6 10			0.04		2.62		12.12		0.27605	0.8527	69.1637693973	8.5049
1 3 15			0.01		2.63		11.96		0.27741	0.2862	67.3623786269	8.1809
2 0 14			0.03		2.67		11.57		0.27751	0.2634	58.6945218607	7.3942
2 4 10			0.03		2.7		11.24		0.27769	0.607	57.0555982332	12.0937
1 5 1			0.02		2.72		10.97		0.27766	0.4978	46.196563203	27.3004
2 2 10			0.03		2.75		10.65		0.27777	0.6429	46.7739448495	44.8949
5 3 9			-0.0		2.75		10.65		0.27777	0.4833	65.0662013285	20.8409
5 5 1			0.03		2.78		10.35		0.27777	0.5073	65.769247456	23.9531
2 0 10			0.01		2.79		10.22		0.27804	0.6169	42.9543880851	20.236
6 0 10			0.03		2.82		9.95		0.27807	1.0728	69.1331306246	8.9056
0 4 20			-0.0		2.82		9.95		0.27821	1.027	94.1654323607	18.6345
2 4 2			0.02		2.84		9.76		0.2782	0.3828	40.8766170199	13.2501
2 2 16			-0.13		2.71		11.17		0.27783	1.1693	70.1293332912	108.6018
0 6 6			-0.03		2.68		11.55		0.27799	1.0147	60.183190367	40.9583
3 1 15			0.02		2.7		11.36		0.27862	0.2871	67.3554895111	7.7692
5 3 1			0.02		2.71		11.18		0.27859	0.5252	53.2386121167	32.835
1 5 9			0.0		2.71		11.16		0.27859	0.4394	58.984264935	17.7365
0 0 18			-0.27		2.45		15.21		0.283	0.6609	73.530655613	37.988
2 4 0			0.0		2.45		15.18		0.283	1.4359	40.0960076051	88.2765
0 6 2			0.02		2.47		14.87		0.283	0.2356	55.3895592761	6.1752
0 4 10			0.02		2.49		14.62		0.28232	0.9893	53.7871001638	44.1425
4 2 6			-0.03		2.46		15.05		0.28281	1.6049	46.7233273538	62.1975
6 4 6			-0.0		2.46		15.06		0.28318	0.9247	71.9614498967	41.9809
4 2 8			0.02		2.48		14.78		0.28325	0.7605	51.4203212226	2.5419
5 1 3			-0.03		2.45		15.22		0.28348	0.9592	47.5591860667	88.1873
2 2 4			0.02		2.47		14.94		0.28348	0.7551	29.4672289371	73.6026
2 2 6			-0.35		2.11		23.16		0.28445	8.3224	34.2684003079	615.2447
0 2 14			0.02		2.13		22.75		0.28445	0.2479	58.6982494177	6.3292
3 5 5			-0.06		2.07		24.2		0.28434	1.2751	56.9624934876	133.7285
2 4 6			-0.01		2.06		24.4		0.28461	0.785	46.7364348384	64.2552
1 3 9			0.02		2.08		24.0		0.2846	0.2622	45.3040218183	7.1674
0 6 0			0.01		2.09		23.7		0.28459	1.4277	54.7714555341	59.4019
5 3 11			-0.03		2.06		24.51		0.28363	1.8677	70.5420870211	204.0714
3 3 1			0.01		2.07		24.17		0.28358	0.5106	38.1558496662	33.1617
3 5 1			0.01		2.09		23.84		0.28355	0.5283	53.2544885252	31.9012
4 4 2			-0.05		2.03		25.14		0.28356	1.2125	52.0311030722	128.6454
0 2 10			0.02		2.05		24.77		0.28373	0.4317	42.9590557724	21.0204
1 3 13			0.01		2.06		24.4		0.28393	0.3907	59.4200243294	11.5335
3 1 9			0.01		2.08		24.07		0.2839	0.36	45.2950695798	8.7768
1 1 13			0.01		2.09		23.72		0.28404	0.3722	52.9310122384	10.9703
0 4 16			-0.02		2.07		24.19		0.28432	1.5557	75.7704700384	94.8658
6 0 6			0.0		2.08		24.15		0.28453	1.0815	60.1501886982	39.9969
1 7 1			0.01		2.09		23.85		0.28453	0.5219	65.7901743415	26.2984
3 5 7			-0.16		1.93		28.37		0.28395	0.2309	60.5203777188	5.6046
5 1 1			0.01		1.94		28.02		0.28389	0.5346	46.1701152	26.7419
1 3 7			0.1		2.04		25.42		0.25973	0.1893	39.2755843192	5.3372
4 4 12			0.01		2.06		25.08		0.25977	1.9475	72.2035773977	130.2426
0 6 16			0.01		2.07		24.78		0.25993	0.4825	89.3859051251	7.6515
2 0 12			-0.0		2.06		24.89		0.26038	0.8079	50.6101057273	16.6151
6 0 0			0.01		2.08		24.63		0.26038	0.7256	54.7363985401	55.434
0 4 4			0.01		2.09		24.36		0.26039	0.8482	39.0545896029	78.0016
1 1 3			-0.0		2.09		24.39		0.2604	0.4514	16.9416048235	36.8187
1 3 1			0.01		2.1		24.14		0.26039	0.5324	28.3265170018	42.1271
2 2 12			0.0		2.1		24.06		0.2602	1.9766	54.0147953295	208.0279
1 5 13			0.01		2.11		23.84		0.26016	1.1973	71.2966048402	12.6128
5 1 13			0.01		2.12		23.61		0.26012	0.4567	71.2764535317	11.3258
0 4 12			0.01		2.13		23.4		0.26001	1.4889	60.4300914167	161.7651
3 3 9			0.01		2.14		23.21		0.26001	0.3816	52.4524123761	12.0632
6 4 4			0.01		2.14		23.02		0.26	0.6669	69.2748711385	33.991
2 0 2			0.01		2.15		22.88		0.26	0.6502	19.2320929378	35.9547
0 0 4			0.01		2.16		22.67		0.26001	0.8482	15.2869714585	59.1035
2 0 4			-0.02		2.14		23.21		0.25999	1.3874	23.4143586184	109.347
1 1 5			-0.06		2.07		24.75		0.25985	1.9661	22.8949597146	247.5537
1 1 9			0.01		2.08		24.48		0.25983	0.2216	37.1193146943	1.1702
3 3 15			-0.01		2.07		24.84		0.259	0.3402	73.0835579415	3.8877
7 1 7			-0.02		2.05		25.42		0.25831	0.3505	72.2660298289	5.0526
0 6 14			0.0		2.05		25.29		0.25823	0.9096	81.7552219026	27.2955
6 2 4			0.01		2.06		25.08		0.25824	0.8727	60.3342977717	77.9073
0 4 18			0.01		2.07		24.86		0.25806	0.8369	84.5238780681	17.4513
1 5 11			-0.03		2.04		25.56		0.25833	1.8219	64.7342781598	204.7444
3 1 11			-0.05		1.99		26.84		0.25863	2.3814	52.0481274199	292.2152
6 0 4			0.01		2.0		26.65		0.25863	0.7069	57.1830782131	42.6751
0 6 4			0.01		2.01		26.47		0.25862	0.6675	57.2171401797	42.9768
4 4 4			0.01		2.02		26.24		0.25863	0.8476	53.9354251327	76.9211