HKL Value		Reward		TotalReward	Chi Squared	Z Appr. 	Error	Two-Thetas	Sfs2
0 0 10			0.0		0.0		0.0		0.3	0.8316	38.8438017949	41.7013
3 1 9			0.0		0.0		6.19		0.31756	0.36	45.2950695798	8.7768
0 0 20			0.98		0.98		3.12		0.31724	0.4542	83.3712939521	4.3689
6 4 2			0.41		1.39		2.22		0.31719	0.2211	67.6401768609	4.8049
6 0 6			0.32		1.71		1.68		0.31712	1.0815	60.1501886982	39.9969
1 3 7			-0.76		0.95		6.99		0.32436	0.1893	39.2755843192	5.3372
1 5 11			-0.79		0.16		32.98		0.33526	1.8219	64.7342781598	204.7444
2 4 2			0.12		0.28		29.36		0.33523	0.3828	40.8766170199	13.2501
4 2 10			0.11		0.39		26.53		0.33525	1.1102	57.0442200735	11.3144
6 4 0			0.12		0.51		23.58		0.33525	1.8287	67.0910631577	58.6803
5 5 3			0.02		0.54		23.05		0.33523	0.8107	66.8760743485	64.1048
4 6 0			0.1		0.64		20.96		0.33523	0.7863	67.1083315067	59.4729
0 0 22			0.05		0.68		20.0		0.32193	2.2765	94.0325860765	137.6091
4 2 12			-0.07		0.61		21.57		0.31757	0.2244	63.468523569	4.7972
1 5 9			0.07		0.68		20.15		0.31734	0.4394	58.984264935	17.7365
3 3 13			-0.1		0.58		22.45		0.32036	0.5636	65.4922780779	9.1158
4 2 14			0.06		0.64		21.19		0.32039	1.2576	70.6282605877	19.9713
0 0 14			-0.09		0.54		23.4		0.32041	0.8389	55.4890953336	74.9432
4 6 2			0.06		0.6		22.15		0.3204	0.2349	67.657370766	5.5969
0 4 16			0.06		0.66		20.99		0.32048	1.5557	75.7704700384	94.8658
4 0 10			0.05		0.71		19.95		0.32053	0.6243	53.7713327333	45.2096
2 6 10			0.05		0.76		19.0		0.32059	0.7069	72.0169435829	44.7171
6 0 8			0.04		0.8		18.21		0.32065	2.9234	64.163237895	5.3359
0 6 8			0.04		0.84		17.47		0.32071	0.7694	64.1950429677	5.6946
4 4 10			0.04		0.89		16.75		0.32069	0.6886	66.23802526	47.6672
0 4 14			-0.17		0.72		20.15		0.32068	1.2337	67.7597167724	121.3788
4 4 0			-0.37		0.35		31.92		0.32068	4.9852	51.3853572345	648.027
6 0 2			0.04		0.39		30.82		0.32068	0.2214	55.354768557	5.4487
6 2 10			0.04		0.42		29.72		0.32073	0.7103	71.9901825081	43.9921
5 1 13			0.01		0.43		29.46		0.32178	0.4567	71.2764535317	11.3258
2 4 14			0.03		0.46		28.55		0.32178	0.5221	70.6383718296	19.4111
0 2 8			-0.05		0.42		29.94		0.32267	0.1155	35.7619852008	1.7384
2 4 10			0.03		0.45		29.04		0.32258	0.607	57.0555982332	12.0937
7 3 1			0.03		0.48		28.25		0.32256	0.5095	71.5359286583	22.1332
3 7 1			0.03		0.5		27.51		0.32255	1.2822	71.5694631273	22.2453
0 6 10			0.03		0.53		26.73		0.32252	0.8527	69.1637693973	8.5049
0 2 0			-0.02		0.51		27.3		0.32252	1.4407	17.6394681947	177.2483
6 4 6			0.02		0.53		26.83		0.32242	0.9247	71.9614498967	41.9809
2 0 16			0.03		0.56		26.14		0.32252	0.5935	67.2372591268	11.8907
3 5 9			0.02		0.58		25.51		0.32244	0.4755	65.0802252419	19.5165
1 1 15			0.02		0.6		24.93		0.32259	0.656	61.3839959686	20.6242
4 4 12			0.02		0.63		24.32		0.32257	1.9475	72.2035773977	130.2426
4 2 2			0.02		0.65		23.88		0.32256	0.457	40.8620305525	12.2524
7 1 1			0.02		0.66		23.47		0.32255	0.5207	65.7483230412	25.2044
0 2 16			0.02		0.69		22.94		0.32257	1.8687	67.2407114996	13.8307
2 2 10			0.02		0.71		22.44		0.32252	0.6429	46.7739448495	44.8949
6 0 10			0.02		0.73		21.95		0.3225	1.0728	69.1331306246	8.9056
1 1 11			-0.22		0.51		28.25		0.32261	2.144	44.8525636461	378.5934
1 3 15			0.02		0.53		27.76		0.3223	0.2862	67.3623786269	8.1809
5 3 9			0.02		0.55		27.21		0.32226	0.4833	65.0662013285	20.8409
5 1 9			0.02		0.56		26.78		0.32213	0.4583	58.9619928854	19.0838
5 5 1			0.02		0.58		26.31		0.32212	0.5073	65.769247456	23.9531
9 1 1			0.02		0.6		25.84		0.32212	0.8793	87.9915459652	19.6393
6 2 2			-0.05		0.55		27.27		0.32215	3.3001	58.5687226088	135.1206
1 5 1			0.01		0.56		26.91		0.32214	0.4978	46.196563203	27.3004
2 0 10			0.01		0.57		26.52		0.32203	0.6169	42.9543880851	20.236
0 4 10			0.02		0.59		26.05		0.32202	0.9893	53.7871001638	44.1425
4 0 12			0.01		0.6		25.73		0.3222	2.7435	60.4154589103	161.2613
0 6 6			0.02		0.62		25.3		0.32219	1.0147	60.183190367	40.9583
0 6 2			0.02		0.64		24.92		0.32218	0.2356	55.3895592761	6.1752
0 4 20			0.01		0.65		24.67		0.32213	1.027	94.1654323607	18.6345
2 4 6			0.02		0.66		24.27		0.32214	0.785	46.7364348384	64.2552
2 0 14			0.01		0.67		24.0		0.32217	0.2634	58.6945218607	7.3942
0 4 0			-0.24		0.43		31.63		0.32217	6.137	35.7152072575	818.959
3 5 3			0.0		0.43		31.6		0.32219	0.9259	54.5093201099	87.7589
2 2 0			-0.23		0.2		41.11		0.32219	11.1953	25.0390113278	1035.9387
2 2 16			0.01		0.22		40.52		0.32204	1.1693	70.1293332912	108.6018
4 2 8			0.01		0.23		40.14		0.32221	0.7605	51.4203212226	2.5419
1 3 1			0.01		0.24		39.75		0.32219	0.5324	28.3265170018	42.1271
0 2 10			0.01		0.25		39.27		0.32209	0.4317	42.9590557724	21.0204
3 1 15			0.01		0.26		38.77		0.32185	0.2871	67.3554895111	7.7692
1 7 1			0.01		0.27		38.32		0.32184	0.5219	65.7901743415	26.2984
2 0 2			0.01		0.28		38.06		0.32182	0.6502	19.2320929378	35.9547
0 6 16			0.01		0.29		37.59		0.32202	0.4825	89.3859051251	7.6515
0 4 12			0.01		0.3		37.19		0.32218	1.4889	60.4300914167	161.7651
2 4 0			0.01		0.31		36.88		0.32218	1.4359	40.0960076051	88.2765
3 3 7			0.0		0.31		36.83		0.32263	0.1558	47.1418707618	3.5073
5 3 1			0.01		0.32		36.47		0.32262	0.5252	53.2386121167	32.835
4 2 6			0.01		0.34		36.0		0.32262	1.6049	46.7233273538	62.1975
4 0 0			-0.13		0.2		41.57		0.32263	8.3901	35.6934066618	787.9925
3 3 15			0.01		0.21		41.31		0.32208	0.3402	73.0835579415	3.8877
3 3 1			0.01		0.22		40.91		0.32207	0.5106	38.1558496662	33.1617
3 3 9			0.01		0.23		40.5		0.32197	0.3816	52.4524123761	12.0632
1 1 3			0.01		0.24		40.17		0.32198	0.4514	16.9416048235	36.8187
6 0 0			0.01		0.25		39.74		0.32198	0.7256	54.7363985401	55.434
1 3 13			0.01		0.26		39.46		0.32233	0.3907	59.4200243294	11.5335
0 6 0			0.01		0.26		39.08		0.32233	1.4277	54.7714555341	59.4019
1 5 13			0.01		0.27		38.76		0.32261	1.1973	71.2966048402	12.6128
6 2 4			0.0		0.28		38.59		0.32255	0.8727	60.3342977717	77.9073
0 6 14			0.01		0.29		38.26		0.32254	0.9096	81.7552219026	27.2955
3 5 1			0.01		0.29		37.93		0.32253	0.5283	53.2544885252	31.9012
1 3 9			0.01		0.3		37.71		0.32238	0.2622	45.3040218183	7.1674
4 2 4			-0.0		0.3		37.85		0.32238	0.7624	43.1345383828	64.2766
7 3 5			-0.01		0.29		38.08		0.32241	1.0496	74.7140851895	88.0788
1 1 13			0.01		0.3		37.83		0.32272	0.3722	52.9310122384	10.9703
4 6 4			0.0		0.3		37.68		0.32273	1.0731	69.291881243	33.3045
0 2 20			-0.01		0.3		37.88		0.32227	0.4494	86.0769303832	2.8517
0 0 2			-0.01		0.28		38.32		0.32227	1.161	7.62646333295	98.931
3 1 1			0.01		0.29		38.07		0.32227	0.5239	28.3131072915	41.7464
5 1 1			0.01		0.3		37.76		0.32226	0.5346	46.1701152	26.7419
0 2 14			0.01		0.31		37.48		0.32228	0.2479	58.6982494177	6.3292
1 5 7			0.0		0.31		37.32		0.32255	0.6035	54.1236034243	4.2528