HKL Value		Reward		TotalReward	Chi Squared	Z Appr. 	Error	Two-Thetas	Sfs2
0 0 10			0.0		0.0		0.0		0.3	0.8316	38.8438017949	41.7013
0 0 20			0.0		0.0		1.46		0.32039	0.4542	83.3712939521	4.3689
6 4 2			0.44		0.44		1.02		0.32015	0.2211	67.6401768609	4.8049
4 2 10			0.48		0.92		0.68		0.31984	1.1102	57.0442200735	11.3144
2 6 4			-0.88		0.04		5.65		0.31813	0.8772	60.3635846112	78.02
0 6 8			0.15		0.19		4.91		0.31856	0.7694	64.1950429677	5.6946
2 4 14			0.09		0.28		4.5		0.31901	0.5221	70.6383718296	19.4111
7 3 1			0.06		0.35		4.24		0.31888	0.5095	71.5359286583	22.1332
6 0 8			0.07		0.41		3.97		0.31942	2.9234	64.163237895	5.3359
6 0 2			0.05		0.46		3.77		0.31934	0.2214	55.354768557	5.4487
4 2 14			0.03		0.5		3.65		0.31967	1.2576	70.6282605877	19.9713
4 2 2			-0.05		0.45		3.83		0.31954	0.457	40.8620305525	12.2524
3 1 5			-0.76		-0.3		15.73		0.3206	2.8985	34.1781376955	186.2389
5 3 3			-0.07		-0.38		16.95		0.32093	0.9351	54.4936931553	89.9375
1 1 9			0.01		-0.37		16.82		0.31723	0.2216	37.1193146943	1.1702
3 7 1			0.06		-0.31		15.86		0.31718	1.2822	71.5694631273	22.2453
4 4 10			0.06		-0.25		14.95		0.31768	0.6886	66.23802526	47.6672
0 2 2			-0.02		-0.27		15.22		0.31757	0.4614	19.2417464495	36.8131
1 3 3			-0.02		-0.28		15.51		0.31768	0.7045	30.3940112777	66.1614
3 3 5			-0.26		-0.54		20.88		0.31799	1.3995	42.8396693434	151.0913