HKL Value		Reward		TotalReward	Chi Squared	Z Appr. 	Error	Two-Thetas	Sfs2
0 0 10			0.0		0.0		0.0		0.3	0.8316	38.8438017949	41.7013
0 0 20			0.0		0.0		1.46		0.32039	0.4542	83.3712939521	4.3689
6 4 2			0.44		0.44		1.02		0.32015	0.2211	67.6401768609	4.8049
4 4 12			0.35		0.78		0.75		0.3213	1.9475	72.2035773977	130.2426
4 2 10			0.21		0.99		0.63		0.32081	1.1102	57.0442200735	11.3144
6 4 0			0.24		1.23		0.5		0.32081	1.8287	67.0910631577	58.6803
2 2 8			-0.98		0.25		31.53		0.32131	1.8488	40.1384116224	216.1995
2 4 14			0.15		0.4		27.33		0.32133	0.5221	70.6383718296	19.4111
0 6 8			0.14		0.54		24.04		0.32173	0.7694	64.1950429677	5.6946
0 0 6			-0.6		-0.06		59.92		0.32449	7.4326	23.0169618987	709.6598
6 0 2			0.11		0.05		54.16		0.32443	0.2214	55.354768557	5.4487
7 3 1			0.09		0.14		49.52		0.32431	0.5095	71.5359286583	22.1332
4 2 14			0.09		0.23		45.62		0.32392	1.2576	70.6282605877	19.9713
1 1 3			0.06		0.29		43.08		0.32401	0.4514	16.9416048235	36.8187
6 0 8			0.08		0.36		40.04		0.3243	2.9234	64.163237895	5.3359
1 1 15			0.07		0.43		37.4		0.32484	0.656	61.3839959686	20.6242
0 2 2			0.03		0.46		36.38		0.32465	0.4614	19.2417464495	36.8131
4 2 2			0.05		0.51		34.6		0.32458	0.457	40.8620305525	12.2524
3 7 1			0.05		0.56		32.85		0.32449	1.2822	71.5694631273	22.2453
5 3 11			-0.18		0.39		39.82		0.32558	1.8677	70.5420870211	204.0714
2 0 16			0.05		0.44		37.85		0.32495	0.5935	67.2372591268	11.8907
1 5 1			0.04		0.48		36.44		0.32486	0.4978	46.196563203	27.3004
4 4 10			0.04		0.52		34.89		0.32415	0.6886	66.23802526	47.6672
2 6 10			0.04		0.57		33.41		0.32378	0.7069	72.0169435829	44.7171
3 5 9			0.04		0.61		32.11		0.32348	0.4755	65.0802252419	19.5165
4 4 8			-0.16		0.45		38.24		0.3238	3.9407	61.1479986878	218.5721
5 1 9			0.03		0.48		37.04		0.32319	0.4583	58.9619928854	19.0838
2 4 2			0.03		0.51		35.92		0.32315	0.3828	40.8766170199	13.2501
6 2 10			0.04		0.55		34.65		0.32297	0.7103	71.9901825081	43.9921
2 0 10			0.03		0.58		33.67		0.32255	0.6169	42.9543880851	20.236
4 0 10			0.03		0.61		32.56		0.32242	0.6243	53.7713327333	45.2096
5 3 1			0.02		0.64		31.81		0.32238	0.5252	53.2386121167	32.835
3 5 5			-0.06		0.57		33.94		0.32261	1.2751	56.9624934876	133.7285
2 0 14			0.02		0.6		33.14		0.32278	0.2634	58.6945218607	7.3942
1 5 7			0.01		0.61		32.66		0.32419	0.6035	54.1236034243	4.2528
7 1 7			0.02		0.63		32.01		0.32515	0.3505	72.2660298289	5.0526
2 4 6			0.03		0.66		31.13		0.32517	0.785	46.7364348384	64.2552
5 5 1			0.03		0.69		30.36		0.32515	0.5073	65.769247456	23.9531
3 3 9			0.02		0.7		29.87		0.32459	0.3816	52.4524123761	12.0632
9 1 1			0.02		0.73		29.15		0.32456	0.8793	87.9915459652	19.6393
5 3 9			0.02		0.75		28.47		0.32439	0.4833	65.0662013285	20.8409
1 3 15			0.02		0.77		28.01		0.32329	0.2862	67.3623786269	8.1809
4 6 2			0.02		0.79		27.37		0.32327	0.2349	67.657370766	5.5969
2 2 16			0.02		0.81		26.83		0.32281	1.1693	70.1293332912	108.6018
4 2 6			0.02		0.83		26.22		0.32282	1.6049	46.7233273538	62.1975
6 0 10			0.02		0.86		25.64		0.32278	1.0728	69.1331306246	8.9056
2 2 14			-0.05		0.81		26.92		0.32278	1.0835	61.7979105177	101.9829
0 0 18			-0.01		0.8		27.19		0.32081	0.6609	73.530655613	37.988
0 6 16			0.02		0.82		26.75		0.32117	0.4825	89.3859051251	7.6515
6 0 6			0.02		0.84		26.22		0.32116	1.0815	60.1501886982	39.9969
6 0 0			0.02		0.85		25.79		0.32116	0.7256	54.7363985401	55.434
6 4 6			0.01		0.87		25.46		0.32107	0.9247	71.9614498967	41.9809
0 4 18			-0.03		0.84		26.24		0.31911	0.8369	84.5238780681	17.4513
0 2 14			0.01		0.85		25.92		0.31903	0.2479	58.6982494177	6.3292
1 7 1			0.01		0.86		25.56		0.31903	0.5219	65.7901743415	26.2984
4 6 0			0.02		0.88		25.1		0.31903	0.7863	67.1083315067	59.4729
4 0 2			-0.05		0.83		26.56		0.31904	1.7854	36.5531212028	138.5255
1 5 9			0.02		0.84		26.15		0.31895	0.4394	58.984264935	17.7365
0 6 6			0.02		0.86		25.7		0.31894	1.0147	60.183190367	40.9583
1 3 9			0.01		0.87		25.41		0.31876	0.2622	45.3040218183	7.1674
1 1 1			0.01		0.88		25.27		0.31875	0.5749	13.0194761966	56.7652
5 1 1			0.01		0.89		24.97		0.31873	0.5346	46.1701152	26.7419
0 4 20			0.01		0.9		24.68		0.31861	1.027	94.1654323607	18.6345
0 4 6			-0.13		0.77		28.25		0.3188	3.7688	42.9189471786	481.9509
7 1 1			0.01		0.79		27.9		0.31879	0.5207	65.7483230412	25.2044
0 2 16			0.01		0.8		27.54		0.31895	1.8687	67.2407114996	13.8307
4 6 6			0.01		0.81		27.23		0.31888	1.1903	71.9781772466	41.9784
3 5 1			0.01		0.82		26.95		0.31887	0.5283	53.2544885252	31.9012
0 4 10			0.01		0.83		26.57		0.31894	0.9893	53.7871001638	44.1425
2 2 10			0.01		0.85		26.19		0.31899	0.6429	46.7739448495	44.8949
4 2 4			-0.01		0.84		26.54		0.31899	0.7624	43.1345383828	64.2766
6 2 8			-0.08		0.76		28.81		0.31903	3.3751	67.1207225085	222.106
3 3 1			0.01		0.77		28.53		0.31902	0.5106	38.1558496662	33.1617
3 3 13			-0.01		0.76		28.81		0.3198	0.5636	65.4922780779	9.1158
1 3 13			-0.0		0.76		28.81		0.32031	0.3907	59.4200243294	11.5335
0 6 14			0.01		0.77		28.55		0.32032	0.9096	81.7552219026	27.2955
3 1 9			0.01		0.78		28.27		0.3202	0.36	45.2950695798	8.7768
2 4 4			-0.01		0.77		28.57		0.3202	0.8182	43.1484985256	64.6996
3 3 3			0.0		0.77		28.47		0.32021	0.8081	39.7679129272	70.9373
0 6 10			0.01		0.78		28.11		0.32024	0.8527	69.1637693973	8.5049
4 2 8			0.0		0.79		27.98		0.32035	0.7605	51.4203212226	2.5419
3 1 15			0.01		0.8		27.65		0.32027	0.2871	67.3554895111	7.7692
7 3 3			0.0		0.8		27.52		0.32027	1.9283	72.601334037	69.5466
5 1 13			0.0		0.8		27.52		0.3207	0.4567	71.2764535317	11.3258
0 2 18			-0.0		0.8		27.6		0.31995	0.3755	76.3208597895	3.7538
1 5 13			0.0		0.8		27.57		0.32025	1.1973	71.2966048402	12.6128
2 4 10			0.01		0.81		27.25		0.32024	0.607	57.0555982332	12.0937
0 6 0			0.01		0.82		27.01		0.32024	1.4277	54.7714555341	59.4019
1 5 5			-0.03		0.79		27.84		0.32026	1.8923	50.2743192378	127.3636
6 2 2			-0.03		0.76		28.67		0.32027	3.3001	58.5687226088	135.1206
4 4 4			0.0		0.77		28.62		0.32023	0.8476	53.9354251327	76.9211
2 4 0			0.01		0.77		28.46		0.32023	1.4359	40.0960076051	88.2765
5 1 11			-0.05		0.72		30.01		0.32023	3.2753	64.7131722767	203.727
0 6 2			0.01		0.73		29.72		0.32023	0.2356	55.3895592761	6.1752
0 4 12			0.01		0.74		29.53		0.32035	1.4889	60.4300914167	161.7651
2 2 12			0.0		0.74		29.48		0.32049	1.9766	54.0147953295	208.0279
4 4 2			-0.02		0.71		30.22		0.3205	1.2125	52.0311030722	128.6454
6 2 6			-0.03		0.68		31.28		0.32057	3.9921	63.2107357729	344.5633
0 4 4			0.0		0.68		31.19		0.32053	0.8482	39.0545896029	78.0016
5 3 7			0.0		0.68		31.13		0.32072	0.2523	60.5057581853	5.4388
2 0 0			-0.0		0.68		31.28		0.32072	2.02	17.6289686615	175.6782
5 3 5			-0.02		0.66		31.98		0.32074	2.2247	56.9473208346	134.0256