HKL Value		Reward		TotalReward	Chi Squared	Z Appr. 	Error	Two-Thetas	Sfs2
0 0 10			0.0		0.0		0.0		0.3	0.8316	38.8438017949	41.7013
0 0 18			0.0		0.0		33.25		0.29483	0.6609	73.530655613	37.988
0 0 20			-0.29		-0.29		46.64		0.28831	0.4542	83.3712939521	4.3689
6 4 2			0.5		0.21		31.15		0.28831	0.2211	67.6401768609	4.8049
2 4 14			0.32		0.53		23.54		0.28829	0.5221	70.6383718296	19.4111
4 2 10			0.16		0.69		20.34		0.28801	1.1102	57.0442200735	11.3144
0 2 2			0.05		0.74		19.32		0.28798	0.4614	19.2417464495	36.8131
7 3 1			0.16		0.91		16.62		0.28798	0.5095	71.5359286583	22.1332
4 2 0			0.03		0.94		16.15		0.28798	0.9287	40.0811891304	86.5118
0 6 8			0.11		1.04		14.58		0.28802	0.7694	64.1950429677	5.6946
6 0 2			0.11		1.15		13.19		0.28802	0.2214	55.354768557	5.4487
4 2 14			0.09		1.24		12.07		0.28799	1.2576	70.6282605877	19.9713
6 0 8			0.08		1.32		11.21		0.28803	2.9234	64.163237895	5.3359
1 1 15			-0.02		1.3		11.41		0.28803	0.656	61.3839959686	20.6242
4 2 2			0.06		1.36		10.8		0.28803	0.457	40.8620305525	12.2524
4 4 10			0.01		1.37		10.71		0.28769	0.6886	66.23802526	47.6672
1 5 1			0.04		1.41		10.28		0.28767	0.4978	46.196563203	27.3004
3 7 1			0.06		1.47		9.7		0.28767	1.2822	71.5694631273	22.2453
2 0 16			0.02		1.49		9.49		0.28757	0.5935	67.2372591268	11.8907
6 4 4			-0.03		1.46		9.82		0.2875	0.6669	69.2748711385	33.991
2 6 10			-0.01		1.44		9.92		0.28707	0.7069	72.0169435829	44.7171
3 1 5			-0.4		1.04		16.61		0.287	2.8985	34.1781376955	186.2389