HKL Value		Reward		TotalReward	Chi Squared	Z Appr. 	Error	Two-Thetas	Sfs2
3 7 5			0.0		0.0		0.0		0.3	1.0548	74.7470539899	89.5814
0 0 10			0.0		0.0		2.55		0.42039	0.8316	38.8438017949	41.7013
0 0 20			0.42		0.42		1.79		0.41915	0.4542	83.3712939521	4.3689
6 4 2			0.27		0.69		1.42		0.41884	0.2211	67.6401768609	4.8049
4 2 10			0.32		1.01		1.07		0.41911	1.1102	57.0442200735	11.3144
4 6 0			0.24		1.25		0.87		0.41911	0.7863	67.1083315067	59.4729
6 4 0			0.2		1.44		0.72		0.41911	1.8287	67.0910631577	58.6803
3 5 7			-0.98		0.46		34.99		0.41249	0.2309	60.5203777188	5.6046
4 0 10			0.09		0.56		32.0		0.41309	0.6243	53.7713327333	45.2096
4 6 2			0.12		0.68		28.44		0.41309	0.2349	67.657370766	5.5969
2 6 6			-0.47		0.21		53.95		0.41301	5.383	63.2392339525	346.2148
2 4 14			0.08		0.29		50.09		0.41323	0.5221	70.6383718296	19.4111
2 6 10			0.07		0.36		46.73		0.41395	0.7069	72.0169435829	44.7171
4 4 10			0.07		0.43		43.55		0.41452	0.6886	66.23802526	47.6672
1 5 7			-0.25		0.18		58.01		0.41083	0.6035	54.1236034243	4.2528
6 2 10			0.05		0.23		55.29		0.41137	0.7103	71.9901825081	43.9921
6 0 8			0.06		0.3		51.97		0.41141	2.9234	64.163237895	5.3359
0 6 8			0.06		0.36		49.06		0.41145	0.7694	64.1950429677	5.6946
2 0 0			0.0		0.36		48.91		0.41145	2.02	17.6289686615	175.6782
6 4 4			0.03		0.39		47.41		0.41139	0.6669	69.2748711385	33.991
6 0 10			0.04		0.43		45.77		0.41197	1.0728	69.1331306246	8.9056
2 4 10			0.04		0.47		43.87		0.4123	0.607	57.0555982332	12.0937
0 6 10			0.03		0.5		42.48		0.4129	0.8527	69.1637693973	8.5049
4 0 6			-0.28		0.23		58.72		0.41284	5.3963	42.900258124	488.2208
6 0 2			0.04		0.27		56.38		0.41278	0.2214	55.354768557	5.4487
4 2 14			0.03		0.3		54.61		0.41295	1.2576	70.6282605877	19.9713
3 5 9			0.03		0.33		52.92		0.41311	0.4755	65.0802252419	19.5165
0 2 22			0.02		0.35		51.85		0.41249	1.8317	96.7387030121	97.213
3 1 11			-0.12		0.23		58.84		0.4126	2.3814	52.0481274199	292.2152
0 2 12			-0.0		0.23		58.85		0.4118	0.3827	50.6142203783	17.5707
2 0 16			0.03		0.26		57.07		0.4117	0.5935	67.2372591268	11.8907
7 3 1			0.03		0.29		55.55		0.41168	0.5095	71.5359286583	22.1332
3 7 1			0.03		0.32		54.13		0.41168	1.2822	71.5694631273	22.2453
2 2 10			0.02		0.34		52.86		0.41215	0.6429	46.7739448495	44.8949
0 2 16			0.03		0.37		51.51		0.41206	1.8687	67.2407114996	13.8307
4 2 2			0.03		0.4		50.07		0.41206	0.457	40.8620305525	12.2524
0 4 10			0.02		0.42		49.05		0.41259	0.9893	53.7871001638	44.1425
5 3 9			0.02		0.44		48.05		0.41273	0.4833	65.0662013285	20.8409
1 1 15			0.02		0.46		46.9		0.41244	0.656	61.3839959686	20.6242
7 3 3			-0.0		0.46		46.92		0.41236	1.9283	72.601334037	69.5466
7 1 1			0.02		0.48		46.09		0.41234	0.5207	65.7483230412	25.2044
5 5 1			0.02		0.5		45.22		0.41233	0.5073	65.769247456	23.9531
0 2 0			-0.0		0.5		45.27		0.41233	1.4407	17.6394681947	177.2483
2 6 2			-0.0		0.5		45.39		0.41245	1.2892	58.5985395934	134.3564
3 1 1			0.01		0.51		44.9		0.41245	0.5239	28.3131072915	41.7464
0 6 12			-0.07		0.43		48.53		0.40885	0.3425	75.0250979777	1.887
1 3 15			0.02		0.45		47.71		0.40966	0.2862	67.3623786269	8.1809
9 1 1			0.02		0.47		46.87		0.40967	0.8793	87.9915459652	19.6393
1 3 11			-0.08		0.38		51.19		0.40967	2.4293	52.0561920156	298.4303
0 6 2			0.02		0.4		50.18		0.40967	0.2356	55.3895592761	6.1752
5 1 9			0.02		0.42		49.38		0.40975	0.4583	58.9619928854	19.0838
2 0 10			0.02		0.44		48.43		0.40985	0.6169	42.9543880851	20.236
3 1 15			0.02		0.45		47.65		0.41053	0.2871	67.3554895111	7.7692
1 5 1			0.01		0.47		47.05		0.41053	0.4978	46.196563203	27.3004
0 6 6			0.01		0.47		46.75		0.41053	1.0147	60.183190367	40.9583
4 0 8			-0.05		0.43		49.14		0.41006	2.9483	47.8850437629	244.3799
2 0 14			0.02		0.44		48.32		0.40997	0.2634	58.6945218607	7.3942
0 4 18			0.02		0.46		47.49		0.41015	0.8369	84.5238780681	17.4513
0 6 16			0.02		0.48		46.7		0.41011	0.4825	89.3859051251	7.6515
0 4 0			-0.14		0.33		54.46		0.41011	6.137	35.7152072575	818.959
3 1 13			0.02		0.35		53.6		0.40997	0.3869	59.4126405656	11.7895
0 2 10			0.02		0.37		52.72		0.41001	0.4317	42.9590557724	21.0204
1 5 9			0.01		0.38		52.03		0.4101	0.4394	58.984264935	17.7365
1 7 3			-0.0		0.38		52.13		0.41003	0.9932	66.8968211493	90.2271
0 0 6			-0.13		0.24		60.24		0.4099	7.4326	23.0169618987	709.6598
6 0 6			0.01		0.25		59.78		0.40989	1.0815	60.1501886982	39.9969
2 4 6			0.0		0.25		59.63		0.40988	0.785	46.7364348384	64.2552
0 4 16			0.0		0.26		59.55		0.41011	1.5557	75.7704700384	94.8658
0 4 20			0.01		0.27		58.77		0.41083	1.027	94.1654323607	18.6345
4 6 4			0.01		0.28		58.2		0.41081	1.0731	69.291881243	33.3045
1 1 17			-0.0		0.28		58.28		0.41091	2.447	70.2810461715	248.4175
2 2 16			-0.0		0.28		58.36		0.41116	1.1693	70.1293332912	108.6018
0 4 2			0.0		0.28		58.31		0.41124	3.2657	36.5744795411	137.7475
1 7 1			0.01		0.29		57.71		0.41124	0.5219	65.7901743415	26.2984
3 3 9			0.01		0.3		57.02		0.41128	0.3816	52.4524123761	12.0632
4 4 12			0.01		0.31		56.3		0.4112	1.9475	72.2035773977	130.2426
2 2 2			-0.0		0.31		56.31		0.41127	1.1162	26.2109248846	125.5642
4 2 6			0.0		0.31		56.2		0.41127	1.6049	46.7233273538	62.1975
6 0 0			0.01		0.33		55.54		0.41127	0.7256	54.7363985401	55.434
0 6 0			0.01		0.34		54.92		0.41127	1.4277	54.7714555341	59.4019
0 0 8			-0.02		0.32		56.09		0.41106	2.1948	30.8548203523	183.9052
1 3 1			0.01		0.32		55.7		0.41104	0.5324	28.3265170018	42.1271
5 1 7			-0.03		0.29		57.55		0.40915	0.2609	54.1000446603	4.252
2 4 2			0.01		0.3		56.88		0.40915	0.3828	40.8766170199	13.2501
0 6 14			0.01		0.31		56.43		0.40916	0.9096	81.7552219026	27.2955
0 2 18			0.01		0.32		55.77		0.40916	0.3755	76.3208597895	3.7538
3 5 5			0.01		0.33		55.31		0.40913	1.2751	56.9624934876	133.7285
2 4 0			0.01		0.34		54.83		0.40913	1.4359	40.0960076051	88.2765
1 1 3			0.01		0.35		54.51		0.40913	0.4514	16.9416048235	36.8187
3 3 15			0.0		0.35		54.26		0.41013	0.3402	73.0835579415	3.8877
5 3 1			0.01		0.36		53.86		0.41013	0.5252	53.2386121167	32.835
4 2 8			0.01		0.37		53.28		0.41016	0.7605	51.4203212226	2.5419
0 0 16			-0.0		0.36		53.47		0.41034	1.3342	64.286058028	116.6634
0 2 20			0.01		0.38		52.9		0.41036	0.4494	86.0769303832	2.8517
6 0 4			0.0		0.38		52.65		0.41036	0.7069	57.1830782131	42.6751
3 1 9			0.01		0.39		52.15		0.41036	0.36	45.2950695798	8.7768
1 3 9			0.01		0.4		51.64		0.41038	0.2622	45.3040218183	7.1674
4 4 8			-0.02		0.38		52.76		0.41011	3.9407	61.1479986878	218.5721
0 4 4			0.0		0.38		52.63		0.41017	0.8482	39.0545896029	78.0016
3 3 1			0.01		0.39		52.28		0.41017	0.5106	38.1558496662	33.1617
6 2 8			-0.02		0.37		53.31		0.40986	3.3751	67.1207225085	222.106
3 5 1			0.01		0.38		52.96		0.40986	0.5283	53.2544885252	31.9012