HKL Value		Reward		TotalReward	Chi Squared	Z Appr. 	Error	Two-Thetas	Sfs2
6 2 0			0.0		0.0		0.0		0.3	4.3933	57.9728440251	566.5186
0 0 10			0.0		0.0		282.19		0.42149	0.8316	38.8438017949	41.7013
0 0 20			0.99		0.99		141.82		0.4204	0.4542	83.3712939521	4.3689
6 4 2			0.5		1.49		94.81		0.41986	0.2211	67.6401768609	4.8049
4 2 10			0.33		1.82		71.11		0.4197	1.1102	57.0442200735	11.3144
4 6 2			0.25		2.07		56.95		0.41955	0.2349	67.657370766	5.5969
6 0 8			0.2		2.27		47.49		0.41981	2.9234	64.163237895	5.3359
6 0 2			0.15		2.41		41.41		0.41916	0.2214	55.354768557	5.4487
1 3 15			0.13		2.55		36.51		0.418	0.2862	67.3623786269	8.1809
7 3 1			0.09		2.63		33.61		0.41794	0.5095	71.5359286583	22.1332
2 4 14			0.09		2.73		30.78		0.41955	0.5221	70.6383718296	19.4111
6 4 0			0.1		2.83		27.98		0.41955	1.8287	67.0910631577	58.6803
0 6 8			0.09		2.92		25.67		0.41987	0.7694	64.1950429677	5.6946
4 2 14			0.07		2.99		23.97		0.42139	1.2576	70.6282605877	19.9713
4 6 0			0.08		3.06		22.26		0.42139	0.7863	67.1083315067	59.4729
2 6 10			0.07		3.14		20.78		0.42141	0.7069	72.0169435829	44.7171
3 7 1			0.03		3.17		20.15		0.42137	1.2822	71.5694631273	22.2453
0 2 10			0.05		3.21		19.24		0.42032	0.4317	42.9590557724	21.0204
0 6 10			0.06		3.27		18.19		0.42061	0.8527	69.1637693973	8.5049
4 4 10			0.06		3.33		17.23		0.42054	0.6886	66.23802526	47.6672
3 5 9			0.04		3.37		16.56		0.42109	0.4755	65.0802252419	19.5165
1 1 15			0.01		3.38		16.43		0.42103	0.656	61.3839959686	20.6242
4 2 2			0.05		3.42		15.7		0.42106	0.457	40.8620305525	12.2524
0 4 20			0.02		3.44		15.42		0.42039	1.027	94.1654323607	18.6345
4 4 4			-0.04		3.4		16.13		0.42122	0.8476	53.9354251327	76.9211
2 0 16			0.03		3.43		15.63		0.42237	0.5935	67.2372591268	11.8907
1 5 1			-0.0		3.43		15.65		0.42235	0.4978	46.196563203	27.3004
6 2 10			0.04		3.47		15.07		0.4222	0.7103	71.9901825081	43.9921
4 0 10			0.04		3.5		14.54		0.42203	0.6243	53.7713327333	45.2096
0 2 6			-0.17		3.33		17.59		0.42214	1.1672	29.1471999487	131.5155
5 1 9			0.03		3.36		17.03		0.42243	0.4583	58.9619928854	19.0838
6 2 4			-0.02		3.34		17.4		0.42298	0.8727	60.3342977717	77.9073
2 4 2			0.03		3.37		16.87		0.42302	0.3828	40.8766170199	13.2501
1 7 5			0.01		3.38		16.7		0.42261	1.0841	69.0835930101	99.7513
9 1 1			0.01		3.4		16.47		0.42259	0.8793	87.9915459652	19.6393
2 0 10			0.02		3.41		16.17		0.42198	0.6169	42.9543880851	20.236
6 0 0			0.02		3.43		15.85		0.42198	0.7256	54.7363985401	55.434
2 4 6			-0.06		3.38		16.78		0.42199	0.785	46.7364348384	64.2552
2 4 10			0.03		3.4		16.35		0.42173	0.607	57.0555982332	12.0937
2 0 14			0.03		3.43		15.94		0.4218	0.2634	58.6945218607	7.3942
5 3 9			0.02		3.45		15.63		0.42223	0.4833	65.0662013285	20.8409
5 5 1			0.01		3.46		15.51		0.42221	0.5073	65.769247456	23.9531
1 1 17			-0.11		3.35		17.41		0.41929	2.447	70.2810461715	248.4175
5 3 1			-0.0		3.35		17.44		0.41927	0.5252	53.2386121167	32.835
2 2 10			0.02		3.37		17.05		0.41943	0.6429	46.7739448495	44.8949
2 2 16			-0.02		3.35		17.33		0.421	1.1693	70.1293332912	108.6018
6 0 10			0.02		3.38		16.95		0.42103	1.0728	69.1331306246	8.9056
4 6 4			-0.01		3.37		17.08		0.42098	1.0731	69.291881243	33.3045
4 4 12			0.02		3.39		16.8		0.42119	1.9475	72.2035773977	130.2426
0 2 14			0.02		3.41		16.46		0.42123	0.2479	58.6982494177	6.3292
4 2 6			-0.04		3.37		17.1		0.42123	1.6049	46.7233273538	62.1975
0 6 6			-0.02		3.35		17.36		0.42123	1.0147	60.183190367	40.9583
0 6 0			0.01		3.37		17.15		0.42123	1.4277	54.7714555341	59.4019
6 4 6			-0.01		3.35		17.39		0.42125	0.9247	71.9614498967	41.9809
0 6 2			0.01		3.37		17.15		0.42116	0.2356	55.3895592761	6.1752
0 2 16			0.01		3.38		16.93		0.42154	1.8687	67.2407114996	13.8307
1 5 9			0.02		3.4		16.64		0.42168	0.4394	58.984264935	17.7365
7 1 1			0.0		3.4		16.6		0.42168	0.5207	65.7483230412	25.2044
3 1 15			0.01		3.41		16.38		0.42157	0.2871	67.3554895111	7.7692
1 3 13			0.01		3.42		16.22		0.42156	0.3907	59.4200243294	11.5335
5 1 1			0.0		3.42		16.21		0.42155	0.5346	46.1701152	26.7419
0 2 18			0.02		3.44		15.96		0.42162	0.3755	76.3208597895	3.7538
1 7 1			0.0		3.44		15.95		0.42162	0.5219	65.7901743415	26.2984
3 1 11			-0.18		3.26		19.39		0.42253	2.3814	52.0481274199	292.2152
3 5 1			0.0		3.26		19.37		0.42253	0.5283	53.2544885252	31.9012
0 4 10			0.02		3.28		19.07		0.42244	0.9893	53.7871001638	44.1425
3 3 1			0.0		3.28		19.07		0.42243	0.5106	38.1558496662	33.1617
1 3 9			0.02		3.29		18.78		0.42236	0.2622	45.3040218183	7.1674
1 7 3			-0.04		3.26		19.47		0.42221	0.9932	66.8968211493	90.2271
3 1 9			0.01		3.27		19.19		0.42222	0.36	45.2950695798	8.7768
1 1 3			-0.01		3.27		19.29		0.42224	0.4514	16.9416048235	36.8187
0 6 16			0.01		3.28		19.04		0.42247	0.4825	89.3859051251	7.6515
4 0 6			-0.22		3.06		24.54		0.42261	5.3963	42.900258124	488.2208
1 1 1			-0.0		3.05		24.64		0.42259	0.5749	13.0194761966	56.7652
1 5 13			0.01		3.06		24.41		0.42259	1.1973	71.2966048402	12.6128
7 1 7			-0.14		2.93		28.3		0.41908	0.3505	72.2660298289	5.0526
6 2 8			-0.06		2.86		30.24		0.41825	3.3751	67.1207225085	222.106
3 7 5			0.01		2.87		29.87		0.41812	1.0548	74.7470539899	89.5814
0 0 22			0.0		2.88		29.75		0.41624	2.2765	94.0325860765	137.6091
2 4 0			0.01		2.88		29.55		0.41624	1.4359	40.0960076051	88.2765
2 4 8			0.01		2.9		29.18		0.41615	0.1687	51.4325245866	2.4593
2 2 8			-0.06		2.84		30.99		0.41582	1.8488	40.1384116224	216.1995
5 1 13			0.01		2.85		30.68		0.41574	0.4567	71.2764535317	11.3258
3 3 9			0.01		2.86		30.36		0.41587	0.3816	52.4524123761	12.0632
0 4 4			-0.0		2.86		30.41		0.41606	0.8482	39.0545896029	78.0016
3 3 15			0.01		2.87		30.06		0.41624	0.3402	73.0835579415	3.8877
1 3 1			0.0		2.87		30.0		0.41624	0.5324	28.3265170018	42.1271
3 3 13			0.01		2.88		29.71		0.41619	0.5636	65.4922780779	9.1158
1 1 13			0.01		2.89		29.43		0.41612	0.3722	52.9310122384	10.9703
2 0 12			-0.02		2.87		29.95		0.41597	0.8079	50.6101057273	16.6151
2 2 0			-0.19		2.69		36.83		0.41597	11.1953	25.0390113278	1035.9387
5 1 7			-0.07		2.62		39.47		0.41329	0.2609	54.1000446603	4.252