HKL Value		Reward		TotalReward	Chi Squared	Z Appr. 	Error	Two-Thetas	Sfs2
0 0 10			0.0		0.0		0.0		0.3	0.8316	38.8438017949	41.7013
0 0 20			0.0		0.0		1.46		0.32039	0.4542	83.3712939521	4.3689
6 4 2			0.44		0.44		1.02		0.32015	0.2211	67.6401768609	4.8049
4 2 10			0.48		0.92		0.68		0.31984	1.1102	57.0442200735	11.3144
6 4 0			0.32		1.25		0.52		0.31984	1.8287	67.0910631577	58.6803
4 6 2			-0.12		1.12		0.59		0.31971	0.2349	67.657370766	5.5969
5 1 1			-0.65		0.47		1.68		0.31946	0.5346	46.1701152	26.7419
4 6 0			0.16		0.63		1.45		0.31946	0.7863	67.1083315067	59.4729
1 1 1			-0.58		0.06		3.42		0.3191	0.5749	13.0194761966	56.7652
0 6 8			0.06		0.12		3.22		0.31971	0.7694	64.1950429677	5.6946
6 0 8			0.05		0.17		3.08		0.32051	2.9234	64.163237895	5.3359
6 0 2			0.03		0.19		3.0		0.32042	0.2214	55.354768557	5.4487
2 4 14			0.02		0.22		2.93		0.32061	0.5221	70.6383718296	19.4111
2 2 2			-0.72		-0.5		10.4		0.32105	1.1162	26.2109248846	125.5642
2 6 10			0.08		-0.43		9.66		0.32121	0.7069	72.0169435829	44.7171
7 3 1			0.05		-0.38		9.2		0.3211	0.5095	71.5359286583	22.1332
0 6 18			-0.02		-0.39		9.37		0.31713	0.7949	98.0280769063	1.8601
1 5 13			-0.16		-0.56		11.18		0.31888	1.1973	71.2966048402	12.6128
2 2 16			0.06		-0.5		10.56		0.31888	1.1693	70.1293332912	108.6018
5 5 1			0.04		-0.45		10.13		0.31886	0.5073	65.769247456	23.9531
4 0 10			0.05		-0.41		9.66		0.31898	0.6243	53.7713327333	45.2096
4 2 14			0.04		-0.37		9.33		0.31902	1.2576	70.6282605877	19.9713
4 4 10			0.05		-0.32		8.92		0.31907	0.6886	66.23802526	47.6672
6 2 10			0.04		-0.28		8.57		0.31919	0.7103	71.9901825081	43.9921
3 7 1			0.03		-0.26		8.33		0.31919	1.2822	71.5694631273	22.2453
3 5 9			0.04		-0.21		8.0		0.31915	0.4755	65.0802252419	19.5165
2 0 16			0.01		-0.2		7.91		0.31945	0.5935	67.2372591268	11.8907
1 1 15			0.01		-0.2		7.86		0.31964	0.656	61.3839959686	20.6242
0 2 16			0.02		-0.17		7.67		0.31982	1.8687	67.2407114996	13.8307
2 2 14			-0.26		-0.43		10.32		0.31982	1.0835	61.7979105177	101.9829
4 2 2			0.02		-0.41		10.16		0.31982	0.457	40.8620305525	12.2524
5 1 9			0.02		-0.39		9.93		0.31971	0.4583	58.9619928854	19.0838
0 6 10			0.03		-0.36		9.64		0.31977	0.8527	69.1637693973	8.5049
7 1 1			0.01		-0.35		9.53		0.31976	0.5207	65.7483230412	25.2044
0 6 16			-0.0		-0.35		9.54		0.32013	0.4825	89.3859051251	7.6515
1 3 15			0.03		-0.32		9.28		0.32004	0.2862	67.3623786269	8.1809
2 0 14			0.01		-0.32		9.23		0.32	0.2634	58.6945218607	7.3942
5 5 3			-0.03		-0.34		9.5		0.32002	0.8107	66.8760743485	64.1048
2 4 10			0.03		-0.32		9.25		0.31999	0.607	57.0555982332	12.0937
2 2 10			0.03		-0.29		9.02		0.32002	0.6429	46.7739448495	44.8949
1 5 1			0.0		-0.29		8.98		0.32001	0.4978	46.196563203	27.3004
0 2 8			-0.17		-0.45		10.78		0.32048	0.1155	35.7619852008	1.7384
6 0 0			0.01		-0.44		10.64		0.32048	0.7256	54.7363985401	55.434
5 3 9			0.02		-0.42		10.4		0.32046	0.4833	65.0662013285	20.8409
2 0 10			0.01		-0.4		10.25		0.32037	0.6169	42.9543880851	20.236
6 0 10			0.02		-0.38		10.03		0.32039	1.0728	69.1331306246	8.9056
9 1 1			0.02		-0.36		9.85		0.32039	0.8793	87.9915459652	19.6393
0 4 20			0.0		-0.36		9.83		0.32031	1.027	94.1654323607	18.6345
0 4 8			-0.29		-0.65		13.78		0.32035	4.1351	47.9021960727	235.0989
0 0 2			-0.09		-0.74		15.15		0.32035	1.161	7.62646333295	98.931
2 4 2			0.01		-0.73		14.97		0.32035	0.3828	40.8766170199	13.2501
0 6 6			0.02		-0.71		14.69		0.32034	1.0147	60.183190367	40.9583
5 3 1			0.01		-0.7		14.58		0.32033	0.5252	53.2386121167	32.835
0 6 2			0.02		-0.68		14.35		0.32033	0.2356	55.3895592761	6.1752
1 5 9			0.01		-0.67		14.17		0.32021	0.4394	58.984264935	17.7365
0 4 10			0.02		-0.65		13.92		0.32025	0.9893	53.7871001638	44.1425
0 0 18			-0.01		-0.66		14.03		0.31954	0.6609	73.530655613	37.988
3 1 15			0.02		-0.64		13.79		0.31949	0.2871	67.3554895111	7.7692
4 2 8			-0.01		-0.65		13.88		0.31961	0.7605	51.4203212226	2.5419
6 4 6			0.01		-0.64		13.78		0.31955	0.9247	71.9614498967	41.9809
5 1 11			-0.16		-0.8		16.41		0.31956	3.2753	64.7131722767	203.727
2 4 8			-0.0		-0.81		16.46		0.31969	0.1687	51.4325245866	2.4593
0 2 14			0.01		-0.8		16.35		0.31963	0.2479	58.6982494177	6.3292
2 4 6			0.02		-0.78		16.11		0.31965	0.785	46.7364348384	64.2552
0 2 10			0.01		-0.77		15.91		0.31958	0.4317	42.9590557724	21.0204
3 3 1			0.01		-0.76		15.8		0.31957	0.5106	38.1558496662	33.1617
1 3 13			-0.01		-0.78		16.02		0.32011	0.3907	59.4200243294	11.5335
3 1 9			0.01		-0.77		15.9		0.32	0.36	45.2950695798	8.7768
4 4 0			-0.22		-0.99		20.46		0.32	4.9852	51.3853572345	648.027
6 0 6			0.01		-0.98		20.17		0.31999	1.0815	60.1501886982	39.9969
1 1 13			-0.01		-0.99		20.3		0.32047	0.3722	52.9310122384	10.9703
1 7 1			0.01		-0.98		20.11		0.32046	0.5219	65.7901743415	26.2984
0 6 0			0.01		-0.97		19.92		0.32046	1.4277	54.7714555341	59.4019
4 4 12			0.01		-0.95		19.65		0.32049	1.9475	72.2035773977	130.2426
4 2 6			0.01		-0.94		19.39		0.32049	1.6049	46.7233273538	62.1975
1 1 3			0.0		-0.93		19.31		0.32051	0.4514	16.9416048235	36.8187
1 3 1			0.0		-0.93		19.23		0.3205	0.5324	28.3265170018	42.1271
6 2 4			-0.0		-0.93		19.27		0.32044	0.8727	60.3342977717	77.9073
0 4 4			-0.0		-0.94		19.31		0.32038	0.8482	39.0545896029	78.0016
0 4 12			0.01		-0.93		19.21		0.32053	1.4889	60.4300914167	161.7651
1 1 7			-0.01		-0.94		19.36		0.32082	0.2012	29.7561292971	6.5386
3 3 3			-0.0		-0.94		19.37		0.32082	0.8081	39.7679129272	70.9373
2 4 0			0.0		-0.93		19.3		0.32082	1.4359	40.0960076051	88.2765
1 3 9			0.0		-0.93		19.23		0.32069	0.2622	45.3040218183	7.1674
0 2 18			-0.01		-0.94		19.4		0.31994	0.3755	76.3208597895	3.7538
2 2 12			-0.0		-0.94		19.48		0.3201	1.9766	54.0147953295	208.0279
5 3 7			-0.0		-0.95		19.57		0.32032	0.2523	60.5057581853	5.4388