HKL Value		Reward		TotalReward	Chi Squared	Z Appr. 	Error	Two-Thetas	Sfs2
6 0 2			0.0		0.0		0.0		0.3	0.2214	55.354768557	5.4487
0 2 10			0.0		0.0		0.67		0.28715	0.4317	42.9590557724	21.0204
2 6 8			-0.98		-0.98		41.06		0.25	4.3291	67.1483383839	218.3417
0 0 10			0.14		-0.84		35.94		0.24999	0.8316	38.8438017949	41.7013
0 4 4			0.27		-0.57		28.21		0.24999	0.8482	39.0545896029	78.0016
0 0 20			0.12		-0.44		25.07		0.26578	0.4542	83.3712939521	4.3689
6 4 2			0.19		-0.25		21.05		0.2658	0.2211	67.6401768609	4.8049
4 2 10			0.11		-0.14		19.0		0.26586	1.1102	57.0442200735	11.3144
6 4 0			0.14		-0.0		16.63		0.26586	1.8287	67.0910631577	58.6803
4 6 0			0.12		0.12		14.79		0.26586	0.7863	67.1083315067	59.4729
4 6 2			0.11		0.23		13.36		0.26588	0.2349	67.657370766	5.5969
0 6 8			0.1		0.33		12.19		0.26621	0.7694	64.1950429677	5.6946
6 0 8			0.09		0.41		11.21		0.26662	2.9234	64.163237895	5.3359
2 6 10			0.02		0.44		10.96		0.2747	0.7069	72.0169435829	44.7171
0 6 14			0.02		0.46		10.74		0.27727	0.9096	81.7552219026	27.2955
4 0 10			0.07		0.53		10.04		0.2777	0.6243	53.7713327333	45.2096
4 4 10			0.06		0.59		9.44		0.27815	0.6886	66.23802526	47.6672
4 2 14			0.04		0.63		9.06		0.27871	1.2576	70.6282605877	19.9713
2 4 14			0.04		0.67		8.7		0.27914	0.5221	70.6383718296	19.4111
6 2 10			0.05		0.73		8.24		0.27901	0.7103	71.9901825081	43.9921
7 3 1			0.05		0.78		7.84		0.279	0.5095	71.5359286583	22.1332
3 5 9			-0.01		0.77		7.94		0.27897	0.4755	65.0802252419	19.5165
3 7 1			0.05		0.82		7.59		0.27896	1.2822	71.5694631273	22.2453
0 6 4			-0.04		0.77		7.9		0.27874	0.6675	57.2171401797	42.9768
2 0 16			0.02		0.79		7.75		0.27886	0.5935	67.2372591268	11.8907
0 6 10			0.04		0.84		7.44		0.2788	0.8527	69.1637693973	8.5049
1 1 15			0.02		0.86		7.29		0.27825	0.656	61.3839959686	20.6242
2 4 10			0.03		0.89		7.05		0.27844	0.607	57.0555982332	12.0937
4 2 2			0.02		0.92		6.87		0.27842	0.457	40.8620305525	12.2524
0 2 16			0.01		0.92		6.83		0.27853	1.8687	67.2407114996	13.8307
1 3 15			0.02		0.95		6.67		0.27908	0.2862	67.3623786269	8.1809
2 2 10			0.03		0.98		6.46		0.27908	0.6429	46.7739448495	44.8949
5 1 9			-0.02		0.96		6.61		0.27907	0.4583	58.9619928854	19.0838
7 1 1			0.02		0.98		6.46		0.27905	0.5207	65.7483230412	25.2044
1 7 1			0.02		1.0		6.34		0.27902	0.5219	65.7901743415	26.2984
5 3 9			-0.02		0.98		6.47		0.27901	0.4833	65.0662013285	20.8409
1 3 3			-0.11		0.87		7.29		0.27914	0.7045	30.3940112777	66.1614
6 0 10			0.03		0.89		7.09		0.2791	1.0728	69.1331306246	8.9056
5 5 1			0.03		0.92		6.91		0.2791	0.5073	65.769247456	23.9531
1 5 1			0.02		0.94		6.81		0.27907	0.4978	46.196563203	27.3004
0 0 12			-0.32		0.61		10.05		0.27781	3.2426	47.0346015839	274.3783
3 5 5			-0.18		0.43		12.25		0.27764	1.2751	56.9624934876	133.7285
2 0 10			0.01		0.45		12.1		0.27791	0.6169	42.9543880851	20.236
9 1 1			0.02		0.47		11.82		0.27791	0.8793	87.9915459652	19.6393
0 4 20			0.0		0.47		11.78		0.27806	1.027	94.1654323607	18.6345
7 3 3			-0.04		0.43		12.28		0.27821	1.9283	72.601334037	69.5466
4 2 0			-0.0		0.43		12.29		0.27822	0.9287	40.0811891304	86.5118
4 2 8			0.02		0.45		12.05		0.2782	0.7605	51.4203212226	2.5419
0 4 12			-0.09		0.36		13.26		0.277	1.4889	60.4300914167	161.7651
4 6 4			0.0		0.36		13.2		0.27688	1.0731	69.291881243	33.3045
5 5 7			-0.19		0.18		16.25		0.26051	0.6639	72.2860687267	4.3062
6 0 6			-0.02		0.16		16.51		0.26051	1.0815	60.1501886982	39.9969
0 4 10			-0.01		0.16		16.6		0.26063	0.9893	53.7871001638	44.1425