HKL Value		Reward		TotalReward	Chi Squared	Z Appr. 	Error	Two-Thetas	Sfs2
0 0 10			0.0		0.0		0.0		0.3	0.8316	38.8438017949	41.7013
3 3 11			0.0		0.0		83.76		0.18029	2.1204	58.6030846927	249.5822
0 0 20			0.98		0.98		42.31		0.18094	0.4542	83.3712939521	4.3689
6 4 2			0.49		1.47		28.38		0.18101	0.2211	67.6401768609	4.8049
4 2 10			0.33		1.8		21.29		0.18088	1.1102	57.0442200735	11.3144
1 5 3			-0.31		1.49		30.82		0.18083	0.9511	47.585042181	85.8034
6 4 0			0.2		1.69		25.68		0.18083	1.8287	67.0910631577	58.6803
4 6 0			0.17		1.86		22.02		0.18083	0.7863	67.1083315067	59.4729
4 0 10			0.14		2.0		19.33		0.18027	0.6243	53.7713327333	45.2096
4 6 2			0.12		2.12		17.28		0.18032	0.2349	67.657370766	5.5969
2 6 10			0.11		2.23		15.59		0.17994	0.7069	72.0169435829	44.7171
4 4 10			0.1		2.33		14.17		0.1799	0.6886	66.23802526	47.6672
6 2 10			0.09		2.42		13.02		0.17966	0.7103	71.9901825081	43.9921
6 0 8			0.07		2.49		12.15		0.17948	2.9234	64.163237895	5.3359
0 6 8			0.07		2.56		11.37		0.17933	0.7694	64.1950429677	5.6946
2 4 10			0.07		2.62		10.63		0.17948	0.607	57.0555982332	12.0937
6 4 6			0.01		2.64		10.49		0.17984	0.9247	71.9614498967	41.9809
4 2 6			0.06		2.7		9.9		0.17978	1.6049	46.7233273538	62.1975
0 6 10			0.06		2.76		9.36		0.17961	0.8527	69.1637693973	8.5049
6 0 2			0.04		2.8		8.99		0.17963	0.2214	55.354768557	5.4487
2 4 14			0.04		2.84		8.65		0.17959	0.5221	70.6383718296	19.4111
4 2 14			0.04		2.87		8.35		0.17955	1.2576	70.6282605877	19.9713
3 5 9			-0.02		2.85		8.53		0.17947	0.4755	65.0802252419	19.5165
2 0 16			0.03		2.88		8.27		0.17888	0.5935	67.2372591268	11.8907
7 3 1			-0.04		2.84		8.61		0.179	0.5095	71.5359286583	22.1332
3 7 1			-0.03		2.81		8.91		0.17913	1.2822	71.5694631273	22.2453
2 2 10			0.04		2.85		8.56		0.17913	0.6429	46.7739448495	44.8949
0 2 16			0.03		2.88		8.28		0.17885	1.8687	67.2407114996	13.8307
6 0 10			0.04		2.92		7.99		0.17883	1.0728	69.1331306246	8.9056
4 2 2			0.01		2.93		7.91		0.17885	0.457	40.8620305525	12.2524
0 4 10			0.03		2.96		7.65		0.17881	0.9893	53.7871001638	44.1425
5 3 9			-0.02		2.94		7.83		0.17876	0.4833	65.0662013285	20.8409
1 1 15			-0.02		2.92		8.02		0.17877	0.656	61.3839959686	20.6242
5 5 1			-0.04		2.88		8.33		0.17887	0.5073	65.769247456	23.9531