HKL Value		Reward		TotalReward	Chi Squared	Z Appr. 	Error	Two-Thetas	Sfs2
2 6 4			0.0		0.0		0.0		0.3	0.8772	60.3635846112	78.02
0 0 10			0.0		0.0		0.31		0.2789	0.8316	38.8438017949	41.7013
0 0 20			-0.63		-0.63		0.82		0.28005	0.4542	83.3712939521	4.3689
6 4 2			0.19		-0.44		0.69		0.28019	0.2211	67.6401768609	4.8049
4 2 10			0.33		-0.11		0.52		0.28032	1.1102	57.0442200735	11.3144
6 2 6			-0.99		-1.1		48.69		0.28358	3.9921	63.2107357729	344.5633
0 2 14			0.2		-0.9		40.72		0.28343	0.2479	58.6982494177	6.3292
6 4 0			0.17		-0.74		34.9		0.28343	1.8287	67.0910631577	58.6803
4 6 0			0.14		-0.59		30.54		0.28343	0.7863	67.1083315067	59.4729
1 5 11			-0.14		-0.73		35.34		0.28018	1.8219	64.7342781598	204.7444
4 0 10			0.11		-0.62		31.83		0.27977	0.6243	53.7713327333	45.2096
4 6 2			0.1		-0.52		28.95		0.27978	0.2349	67.657370766	5.5969
2 6 10			0.09		-0.43		26.55		0.2795	0.7069	72.0169435829	44.7171
4 4 10			0.08		-0.35		24.51		0.27955	0.6886	66.23802526	47.6672
5 1 7			-0.43		-0.77		42.72		0.26364	0.2609	54.1000446603	4.252
1 1 7			-0.12		-0.9		48.67		0.26106	0.2012	29.7561292971	6.5386
6 2 10			0.04		-0.86		46.91		0.26125	0.7103	71.9901825081	43.9921
6 0 8			0.06		-0.8		44.35		0.26137	2.9234	64.163237895	5.3359
0 6 8			0.05		-0.75		42.05		0.26148	0.7694	64.1950429677	5.6946
0 2 22			-0.02		-0.77		42.93		0.26249	1.8317	96.7387030121	97.213
0 4 14			-0.05		-0.82		45.37		0.26303	1.2337	67.7597167724	121.3788
1 5 9			0.04		-0.78		43.76		0.26302	0.4394	58.984264935	17.7365
2 4 10			0.04		-0.74		42.09		0.26298	0.607	57.0555982332	12.0937
0 6 10			0.04		-0.7		40.46		0.26295	0.8527	69.1637693973	8.5049
6 0 2			0.04		-0.66		38.78		0.26295	0.2214	55.354768557	5.4487
2 4 14			0.03		-0.63		37.66		0.26271	0.5221	70.6383718296	19.4111
4 2 14			0.03		-0.6		36.63		0.26248	1.2576	70.6282605877	19.9713
2 4 4			0.01		-0.59		36.3		0.26239	0.8182	43.1484985256	64.6996
3 5 9			0.02		-0.57		35.46		0.26242	0.4755	65.0802252419	19.5165
2 0 16			0.04		-0.53		34.25		0.2623	0.5935	67.2372591268	11.8907
7 3 1			0.03		-0.5		33.11		0.2623	0.5095	71.5359286583	22.1332
3 7 1			0.03		-0.47		32.04		0.2623	1.2822	71.5694631273	22.2453
2 2 10			0.01		-0.45		31.68		0.26258	0.6429	46.7739448495	44.8949
0 4 20			0.03		-0.42		30.73		0.26278	1.027	94.1654323607	18.6345
6 0 10			0.03		-0.4		29.97		0.26276	1.0728	69.1331306246	8.9056
0 6 12			-0.02		-0.42		30.7		0.26623	0.3425	75.0250979777	1.887
0 2 16			0.02		-0.4		29.99		0.26581	1.8687	67.2407114996	13.8307
4 2 2			0.03		-0.37		29.23		0.2658	0.457	40.8620305525	12.2524
5 3 11			-0.03		-0.4		30.0		0.26654	1.8677	70.5420870211	204.0714
3 1 3			-0.01		-0.41		30.34		0.26674	1.2003	30.3814370344	67.5761
2 0 12			0.02		-0.39		29.67		0.26763	0.8079	50.6101057273	16.6151
2 2 8			-0.06		-0.45		31.7		0.26665	1.8488	40.1384116224	216.1995
0 4 10			0.01		-0.44		31.26		0.26717	0.9893	53.7871001638	44.1425
0 2 4			-0.03		-0.47		32.24		0.26704	1.326	23.4223631322	110.0283
5 3 9			0.01		-0.45		31.8		0.26714	0.4833	65.0662013285	20.8409
1 1 15			0.02		-0.43		31.13		0.26716	0.656	61.3839959686	20.6242
2 4 0			0.01		-0.42		30.75		0.26716	1.4359	40.0960076051	88.2765
3 7 3			-0.01		-0.43		31.0		0.26739	0.8954	72.6346668965	71.6226
7 1 1			0.02		-0.41		30.38		0.26739	0.5207	65.7483230412	25.2044
5 5 1			0.02		-0.39		29.76		0.26739	0.5073	65.769247456	23.9531
1 3 15			-0.01		-0.4		30.07		0.26876	0.2862	67.3623786269	8.1809
9 1 1			0.02		-0.38		29.48		0.26886	0.8793	87.9915459652	19.6393
0 6 2			0.02		-0.36		28.93		0.26886	0.2356	55.3895592761	6.1752
1 5 7			-0.09		-0.44		31.68		0.26342	0.6035	54.1236034243	4.2528
5 1 9			0.01		-0.43		31.33		0.26341	0.4583	58.9619928854	19.0838
2 0 10			0.01		-0.42		31.0		0.26338	0.6169	42.9543880851	20.236
3 1 15			-0.01		-0.43		31.18		0.26274	0.2871	67.3554895111	7.7692
1 7 3			-0.01		-0.44		31.59		0.26283	0.9932	66.8968211493	90.2271
1 5 1			0.02		-0.42		31.07		0.26282	0.4978	46.196563203	27.3004
0 6 6			0.0		-0.42		31.06		0.26282	1.0147	60.183190367	40.9583
2 0 14			0.02		-0.41		30.55		0.26275	0.2634	58.6945218607	7.3942
0 6 16			0.02		-0.39		30.05		0.26276	0.4825	89.3859051251	7.6515
0 2 10			0.01		-0.38		29.79		0.26272	0.4317	42.9590557724	21.0204
6 0 6			0.0		-0.38		29.79		0.26273	1.0815	60.1501886982	39.9969
0 4 16			0.01		-0.37		29.4		0.26244	1.5557	75.7704700384	94.8658
2 2 16			0.01		-0.36		29.08		0.26211	1.1693	70.1293332912	108.6018
1 7 1			0.01		-0.34		28.65		0.26211	0.5219	65.7901743415	26.2984
3 3 9			0.01		-0.33		28.33		0.26211	0.3816	52.4524123761	12.0632
4 4 12			0.01		-0.32		27.91		0.2621	1.9475	72.2035773977	130.2426
6 2 2			-0.04		-0.36		29.12		0.2621	3.3001	58.5687226088	135.1206
4 2 6			-0.01		-0.37		29.38		0.26211	1.6049	46.7233273538	62.1975
2 4 6			-0.01		-0.38		29.66		0.26213	0.785	46.7364348384	64.2552