HKL Value		Reward		TotalReward	Chi Squared	Z Appr. 	Error	Two-Thetas	Sfs2
0 0 10			0.0		0.0		0.0		0.3	0.8316	38.8438017949	41.7013
0 0 20			0.0		0.0		1.46		0.32039	0.4542	83.3712939521	4.3689
0 0 4			-0.85		-0.85		9.92		0.31781	0.8482	15.2869714585	59.1035
6 4 2			0.47		-0.39		6.76		0.31773	0.2211	67.6401768609	4.8049
4 2 10			0.32		-0.07		5.14		0.31831	1.1102	57.0442200735	11.3144
0 6 0			-0.05		-0.12		5.41		0.31831	1.4277	54.7714555341	59.4019
6 4 0			0.2		0.08		4.51		0.31831	1.8287	67.0910631577	58.6803
4 6 0			0.16		0.24		3.87		0.31831	0.7863	67.1083315067	59.4729
4 6 2			0.11		0.35		3.49		0.31823	0.2349	67.657370766	5.5969
0 6 8			0.05		0.41		3.32		0.31867	0.7694	64.1950429677	5.6946
2 4 14			0.03		0.43		3.23		0.31911	0.5221	70.6383718296	19.4111
2 0 12			-0.1		0.34		3.57		0.31663	0.8079	50.6101057273	16.6151
6 0 8			0.02		0.35		3.52		0.31676	2.9234	64.163237895	5.3359
6 2 8			-0.8		-0.45		17.74		0.31691	3.3751	67.1207225085	222.106
2 2 16			0.08		-0.37		16.5		0.31711	1.1693	70.1293332912	108.6018
6 0 2			0.06		-0.31		15.53		0.31709	0.2214	55.354768557	5.4487
0 4 12			-0.01		-0.32		15.73		0.31885	1.4889	60.4300914167	161.7651
2 6 10			0.06		-0.27		14.85		0.31924	0.7069	72.0169435829	44.7171
4 0 10			0.06		-0.21		14.06		0.3195	0.6243	53.7713327333	45.2096
4 4 10			0.06		-0.15		13.32		0.31958	0.6886	66.23802526	47.6672
4 2 14			0.04		-0.11		12.78		0.31965	1.2576	70.6282605877	19.9713
6 2 10			0.05		-0.06		12.2		0.31985	0.7103	71.9901825081	43.9921
1 1 11			-0.53		-0.6		26.17		0.31998	2.144	44.8525636461	378.5934
5 1 7			-0.0		-0.6		26.27		0.32157	0.2609	54.1000446603	4.252
7 1 5			-0.07		-0.67		28.22		0.32173	1.5264	69.0427278305	98.726