HKL Value		Reward		TotalReward	Chi Squared	Z Appr. 	Error	Two-Thetas	Sfs2
0 0 10			0.0		0.0		0.0		0.3	0.8316	38.8438017949	41.7013
1 5 1			0.0		0.0		0.1		0.22157	0.4978	46.196563203	27.3004
0 0 20			-0.87		-0.87		0.79		0.22053	0.4542	83.3712939521	4.3689
6 4 2			0.17		-0.71		0.68		0.22035	0.2211	67.6401768609	4.8049
4 2 10			0.31		-0.4		0.52		0.21994	1.1102	57.0442200735	11.3144
6 4 0			0.24		-0.16		0.42		0.21994	1.8287	67.0910631577	58.6803
6 0 12			0.11		-0.04		0.38		0.22009	0.5892	74.995462768	0.9301
4 0 6			-0.99		-1.04		53.57		0.21626	5.3963	42.900258124	488.2208
4 6 0			0.14		-0.89		46.88		0.21626	0.7863	67.1083315067	59.4729
3 5 1			0.12		-0.77		41.69		0.21628	0.5283	53.2544885252	31.9012
4 6 2			0.11		-0.66		37.53		0.21626	0.2349	67.657370766	5.5969
3 5 11			-0.23		-0.89		48.66		0.215	1.8915	70.5555824797	206.4699
4 0 10			0.08		-0.81		45.04		0.21603	0.6243	53.7713327333	45.2096
6 0 8			0.08		-0.73		41.77		0.21598	2.9234	64.163237895	5.3359
0 6 8			0.07		-0.66		38.99		0.21592	0.7694	64.1950429677	5.6946
2 6 10			0.06		-0.59		36.65		0.2171	0.7069	72.0169435829	44.7171
4 4 10			0.06		-0.53		34.44		0.21776	0.6886	66.23802526	47.6672
6 0 2			0.06		-0.47		32.44		0.2178	0.2214	55.354768557	5.4487
6 2 10			0.06		-0.41		30.75		0.21863	0.7103	71.9901825081	43.9921
2 4 14			0.05		-0.36		29.19		0.21841	0.5221	70.6383718296	19.4111
0 4 8			-0.18		-0.54		35.52		0.22056	4.1351	47.9021960727	235.0989
4 2 14			0.05		-0.49		33.94		0.22014	1.2576	70.6282605877	19.9713
7 3 1			0.04		-0.45		32.59		0.22026	0.5095	71.5359286583	22.1332
2 4 10			0.05		-0.4		31.18		0.22012	0.607	57.0555982332	12.0937
0 0 22			0.03		-0.38		30.37		0.22201	2.2765	94.0325860765	137.6091
3 3 9			0.01		-0.36		29.93		0.22198	0.3816	52.4524123761	12.0632
0 6 0			0.03		-0.33		29.03		0.22198	1.4277	54.7714555341	59.4019
3 7 1			0.03		-0.3		28.09		0.22206	1.2822	71.5694631273	22.2453
2 0 16			0.03		-0.27		27.25		0.22191	0.5935	67.2372591268	11.8907
1 7 3			-0.05		-0.32		28.81		0.22198	0.9932	66.8968211493	90.2271
0 6 10			0.03		-0.29		27.85		0.22196	0.8527	69.1637693973	8.5049
3 5 9			0.03		-0.26		27.17		0.22195	0.4755	65.0802252419	19.5165
1 1 15			0.02		-0.25		26.75		0.22201	0.656	61.3839959686	20.6242
4 2 2			0.03		-0.22		26.01		0.22203	0.457	40.8620305525	12.2524
7 1 1			0.03		-0.19		25.26		0.22205	0.5207	65.7483230412	25.2044
2 6 8			-0.1		-0.29		28.21		0.22363	4.3291	67.1483383839	218.3417
0 2 16			0.02		-0.27		27.6		0.22338	1.8687	67.2407114996	13.8307
2 2 10			0.03		-0.24		26.87		0.22309	0.6429	46.7739448495	44.8949
1 3 15			0.02		-0.22		26.29		0.22307	0.2862	67.3623786269	8.1809
5 1 9			0.01		-0.21		26.01		0.22316	0.4583	58.9619928854	19.0838
6 0 10			0.03		-0.19		25.37		0.22301	1.0728	69.1331306246	8.9056
5 3 9			0.02		-0.17		24.87		0.22305	0.4833	65.0662013285	20.8409
5 5 1			0.02		-0.15		24.39		0.22315	0.5073	65.769247456	23.9531
9 1 1			0.02		-0.13		23.95		0.22326	0.8793	87.9915459652	19.6393
2 0 10			0.02		-0.11		23.56		0.22275	0.6169	42.9543880851	20.236
0 6 6			-0.0		-0.11		23.64		0.2225	1.0147	60.183190367	40.9583
0 4 10			0.02		-0.09		23.12		0.22238	0.9893	53.7871001638	44.1425
0 6 14			0.02		-0.08		22.76		0.22196	0.9096	81.7552219026	27.2955
0 6 2			0.02		-0.06		22.3		0.22196	0.2356	55.3895592761	6.1752
0 4 20			0.01		-0.04		22.04		0.22175	1.027	94.1654323607	18.6345
2 4 6			-0.02		-0.06		22.43		0.22141	0.785	46.7364348384	64.2552
1 5 9			0.0		-0.06		22.36		0.22133	0.4394	58.984264935	17.7365
4 2 8			0.02		-0.04		21.94		0.22133	0.7605	51.4203212226	2.5419
2 0 14			0.02		-0.02		21.53		0.22128	0.2634	58.6945218607	7.3942
2 0 12			0.01		-0.01		21.24		0.22166	0.8079	50.6101057273	16.6151
6 4 6			0.0		-0.01		21.21		0.2213	0.9247	71.9614498967	41.9809
2 2 16			-0.04		-0.04		22.02		0.22185	1.1693	70.1293332912	108.6018
0 4 16			-0.03		-0.07		22.6		0.22279	1.5557	75.7704700384	94.8658
5 5 5			0.01		-0.05		22.32		0.22236	1.5862	69.0631626084	104.8873
0 2 10			0.01		-0.04		22.04		0.2216	0.4317	42.9590557724	21.0204
0 4 12			-0.03		-0.07		22.73		0.22994	1.4889	60.4300914167	161.7651
4 4 12			0.01		-0.06		22.53		0.23175	1.9475	72.2035773977	130.2426
3 1 15			0.01		-0.05		22.2		0.23181	0.2871	67.3554895111	7.7692
1 7 1			0.02		-0.03		21.85		0.23181	0.5219	65.7901743415	26.2984
3 3 3			-0.02		-0.06		22.38		0.23186	0.8081	39.7679129272	70.9373
2 4 2			0.01		-0.04		22.08		0.23186	0.3828	40.8766170199	13.2501
2 2 8			-0.06		-0.1		23.48		0.2327	1.8488	40.1384116224	216.1995
0 6 16			0.01		-0.09		23.17		0.23289	0.4825	89.3859051251	7.6515
2 4 0			0.01		-0.08		23.03		0.23289	1.4359	40.0960076051	88.2765
3 1 9			0.01		-0.08		22.87		0.23334	0.36	45.2950695798	8.7768
6 0 6			-0.0		-0.08		22.97		0.23333	1.0815	60.1501886982	39.9969
5 3 1			0.01		-0.07		22.64		0.23332	0.5252	53.2386121167	32.835
4 2 6			-0.01		-0.08		22.97		0.23325	1.6049	46.7233273538	62.1975
6 0 0			0.01		-0.07		22.72		0.23325	0.7256	54.7363985401	55.434
3 1 1			0.01		-0.06		22.43		0.23323	0.5239	28.3131072915	41.7464
0 4 2			-0.05		-0.11		23.65		0.23322	3.2657	36.5744795411	137.7475
4 6 6			-0.0		-0.11		23.7		0.23313	1.1903	71.9781772466	41.9784
3 3 1			0.01		-0.1		23.39		0.23312	0.5106	38.1558496662	33.1617
1 5 3			-0.02		-0.12		23.93		0.23319	0.9511	47.585042181	85.8034
4 0 12			0.0		-0.12		23.91		0.23387	2.7435	60.4154589103	161.2613
1 1 3			-0.0		-0.12		23.92		0.23385	0.4514	16.9416048235	36.8187
1 3 13			-0.04		-0.16		24.9		0.23483	0.3907	59.4200243294	11.5335
1 3 1			0.01		-0.15		24.62		0.23482	0.5324	28.3265170018	42.1271
1 3 9			0.01		-0.14		24.48		0.23516	0.2622	45.3040218183	7.1674
1 5 13			-0.03		-0.17		25.21		0.23605	1.1973	71.2966048402	12.6128
6 2 4			0.01		-0.16		24.95		0.23603	0.8727	60.3342977717	77.9073
1 1 9			0.0		-0.16		24.86		0.23643	0.2216	37.1193146943	1.1702
0 4 4			0.01		-0.15		24.61		0.23642	0.8482	39.0545896029	78.0016
3 3 15			0.01		-0.13		24.34		0.2364	0.3402	73.0835579415	3.8877
1 1 13			-0.03		-0.16		25.07		0.23727	0.3722	52.9310122384	10.9703
1 5 7			0.01		-0.15		24.79		0.23725	0.6035	54.1236034243	4.2528
3 3 13			-0.03		-0.19		25.67		0.23822	0.5636	65.4922780779	9.1158
2 0 2			0.01		-0.18		25.51		0.23822	0.6502	19.2320929378	35.9547
4 6 4			0.01		-0.17		25.31		0.23824	1.0731	69.291881243	33.3045
5 1 1			0.01		-0.16		25.04		0.23824	0.5346	46.1701152	26.7419
0 2 14			0.01		-0.15		24.77		0.23824	0.2479	58.6982494177	6.3292
6 0 4			0.01		-0.14		24.61		0.23826	0.7069	57.1830782131	42.6751
5 1 13			-0.02		-0.16		25.1		0.23898	0.4567	71.2764535317	11.3258
7 1 7			0.01		-0.15		24.85		0.23895	0.3505	72.2660298289	5.0526
2 4 8			0.01		-0.15		24.64		0.23889	0.1687	51.4325245866	2.4593
0 2 18			0.01		-0.14		24.43		0.23908	0.3755	76.3208597895	3.7538
0 6 4			0.01		-0.13		24.28		0.23909	0.6675	57.2171401797	42.9768