HKL Value		Reward		TotalReward	Chi Squared	Z Appr. 	Error	Two-Thetas	Sfs2
0 0 10			0.0		0.0		0.0		0.3	0.8316	38.8438017949	41.7013
0 0 20			0.0		0.0		1.46		0.32039	0.4542	83.3712939521	4.3689
6 4 2			0.44		0.44		1.02		0.32015	0.2211	67.6401768609	4.8049
4 2 10			0.48		0.92		0.68		0.31984	1.1102	57.0442200735	11.3144
1 5 11			-0.98		-0.06		43.58		0.32047	1.8219	64.7342781598	204.7444
6 4 0			0.25		0.19		34.87		0.32047	1.8287	67.0910631577	58.6803
4 6 2			0.19		0.38		29.21		0.32027	0.2349	67.657370766	5.5969
1 1 7			0.15		0.53		25.42		0.33483	0.2012	29.7561292971	6.5386
6 0 8			0.14		0.66		22.39		0.33461	2.9234	64.163237895	5.3359
4 0 6			-0.52		0.15		46.43		0.33445	5.3963	42.900258124	488.2208
1 5 9			0.06		0.21		43.64		0.3347	0.4394	58.984264935	17.7365
0 0 6			-0.38		-0.17		70.3		0.3345	7.4326	23.0169618987	709.6598
0 6 8			0.09		-0.08		64.55		0.33423	0.7694	64.1950429677	5.6946
6 0 2			0.08		0.0		59.79		0.33422	0.2214	55.354768557	5.4487
0 6 4			0.04		0.04		57.73		0.33442	0.6675	57.2171401797	42.9768
5 5 5			-0.0		0.03		57.8		0.33525	1.5862	69.0631626084	104.8873
4 6 0			0.07		0.1		54.19		0.33525	0.7863	67.1083315067	59.4729
1 1 9			-0.01		0.09		54.68		0.33625	0.2216	37.1193146943	1.1702
2 4 14			0.05		0.14		52.32		0.3359	0.5221	70.6383718296	19.4111
7 3 1			0.05		0.19		49.78		0.33582	0.5095	71.5359286583	22.1332
4 2 14			0.04		0.23		47.9		0.33496	1.2576	70.6282605877	19.9713
1 1 15			0.05		0.28		45.69		0.33542	0.656	61.3839959686	20.6242
2 6 10			0.06		0.34		43.06		0.32422	0.7069	72.0169435829	44.7171
2 6 6			-0.08		0.26		46.77		0.32495	5.383	63.2392339525	346.2148
4 4 10			0.04		0.3		44.93		0.32431	0.6886	66.23802526	47.6672
4 0 10			0.04		0.34		43.18		0.32394	0.6243	53.7713327333	45.2096
3 5 9			0.04		0.38		41.61		0.32367	0.4755	65.0802252419	19.5165
3 7 1			0.04		0.41		40.18		0.32363	1.2822	71.5694631273	22.2453
6 2 10			0.04		0.45		38.76		0.32342	0.7103	71.9901825081	43.9921
2 0 16			0.04		0.48		37.43		0.32349	0.5935	67.2372591268	11.8907
5 1 9			0.03		0.51		36.41		0.32311	0.4583	58.9619928854	19.0838
0 6 18			-0.01		0.5		36.76		0.31968	0.7949	98.0280769063	1.8601
4 0 4			0.01		0.52		36.31		0.31957	1.2165	39.0343929222	79.1487
4 2 2			0.03		0.54		35.38		0.31956	0.457	40.8620305525	12.2524
0 2 20			0.01		0.55		35.04		0.31853	0.4494	86.0769303832	2.8517
2 4 2			0.02		0.58		34.22		0.31853	0.3828	40.8766170199	13.2501
1 3 15			0.03		0.6		33.27		0.31853	0.2862	67.3623786269	8.1809
0 2 16			0.02		0.63		32.5		0.31872	1.8687	67.2407114996	13.8307
2 0 14			0.02		0.65		31.81		0.31863	0.2634	58.6945218607	7.3942
0 6 10			0.03		0.67		31.03		0.31872	0.8527	69.1637693973	8.5049
6 0 0			0.02		0.7		30.37		0.31872	0.7256	54.7363985401	55.434
9 1 1			0.02		0.72		29.67		0.31872	0.8793	87.9915459652	19.6393
3 3 9			0.02		0.74		29.03		0.31861	0.3816	52.4524123761	12.0632
0 4 2			-0.06		0.68		30.82		0.31864	3.2657	36.5744795411	137.7475
1 5 1			0.02		0.7		30.29		0.31863	0.4978	46.196563203	27.3004
4 4 2			-0.05		0.65		31.85		0.31866	1.2125	52.0311030722	128.6454
2 4 10			0.02		0.67		31.16		0.31867	0.607	57.0555982332	12.0937
2 2 10			0.02		0.7		30.51		0.31873	0.6429	46.7739448495	44.8949
5 3 5			-0.05		0.65		32.02		0.31878	2.2247	56.9473208346	134.0256
5 3 9			0.02		0.67		31.36		0.31877	0.4833	65.0662013285	20.8409
0 4 20			0.02		0.69		30.87		0.31865	1.027	94.1654323607	18.6345
2 2 16			0.02		0.71		30.27		0.31865	1.1693	70.1293332912	108.6018
6 0 6			0.02		0.72		29.69		0.31864	1.0815	60.1501886982	39.9969
0 0 14			-0.02		0.71		30.24		0.31866	0.8389	55.4890953336	74.9432
5 5 1			0.02		0.72		29.72		0.31866	0.5073	65.769247456	23.9531
2 0 10			0.02		0.74		29.23		0.31858	0.6169	42.9543880851	20.236
6 0 10			0.02		0.76		28.72		0.31865	1.0728	69.1331306246	8.9056
4 4 12			0.02		0.78		28.25		0.31875	1.9475	72.2035773977	130.2426
4 4 4			0.0		0.78		28.15		0.31867	0.8476	53.9354251327	76.9211
5 3 1			0.01		0.79		27.82		0.31866	0.5252	53.2386121167	32.835
4 2 6			0.02		0.81		27.37		0.31867	1.6049	46.7233273538	62.1975
0 6 0			0.01		0.82		27.03		0.31867	1.4277	54.7714555341	59.4019
0 6 6			0.02		0.84		26.6		0.31867	1.0147	60.183190367	40.9583
2 4 6			0.02		0.85		26.19		0.31869	0.785	46.7364348384	64.2552
0 2 14			0.01		0.86		25.92		0.3186	0.2479	58.6982494177	6.3292
3 1 15			0.02		0.88		25.52		0.31859	0.2871	67.3554895111	7.7692
6 4 6			0.01		0.89		25.24		0.31852	0.9247	71.9614498967	41.9809
7 1 1			0.01		0.9		24.95		0.31851	0.5207	65.7483230412	25.2044
0 4 10			0.01		0.91		24.6		0.31859	0.9893	53.7871001638	44.1425
0 6 2			0.01		0.93		24.29		0.31859	0.2356	55.3895592761	6.1752
5 1 1			0.01		0.94		24.04		0.31858	0.5346	46.1701152	26.7419
3 1 9			0.01		0.95		23.77		0.31846	0.36	45.2950695798	8.7768
1 3 9			0.01		0.96		23.55		0.31831	0.2622	45.3040218183	7.1674
3 3 1			0.01		0.97		23.34		0.3183	0.5106	38.1558496662	33.1617
0 6 16			0.0		0.97		23.24		0.31862	0.4825	89.3859051251	7.6515
1 5 13			-0.01		0.97		23.38		0.31917	1.1973	71.2966048402	12.6128
1 3 13			-0.01		0.96		23.52		0.31971	0.3907	59.4200243294	11.5335
1 1 1			0.0		0.96		23.44		0.3197	0.5749	13.0194761966	56.7652
2 0 6			0.0		0.97		23.33		0.31975	1.6278	29.1406672869	128.8477
1 1 3			0.01		0.97		23.2		0.31975	0.4514	16.9416048235	36.8187
2 4 0			0.01		0.98		23.08		0.31975	1.4359	40.0960076051	88.2765
3 3 13			-0.01		0.97		23.32		0.32036	0.5636	65.4922780779	9.1158
1 1 13			-0.0		0.97		23.36		0.32078	0.3722	52.9310122384	10.9703
0 2 10			0.01		0.98		23.14		0.32072	0.4317	42.9590557724	21.0204
3 5 1			0.01		0.98		22.96		0.32072	0.5283	53.2544885252	31.9012
5 3 11			-0.07		0.91		24.67		0.32073	1.8677	70.5420870211	204.0714
0 4 16			0.01		0.93		24.39		0.32074	1.5557	75.7704700384	94.8658
6 0 4			-0.0		0.92		24.47		0.32074	0.7069	57.1830782131	42.6751
0 4 4			0.0		0.92		24.45		0.32069	0.8482	39.0545896029	78.0016
1 3 1			0.0		0.93		24.33		0.32068	0.5324	28.3265170018	42.1271
1 7 1			0.01		0.94		24.14		0.32068	0.5219	65.7901743415	26.2984
1 5 3			0.0		0.94		24.09		0.32068	0.9511	47.585042181	85.8034
0 0 22			0.01		0.95		23.86		0.32063	2.2765	94.0325860765	137.6091
2 0 2			0.0		0.95		23.82		0.32061	0.6502	19.2320929378	35.9547
1 3 11			-0.09		0.86		26.26		0.32063	2.4293	52.0561920156	298.4303
4 6 4			0.0		0.86		26.24		0.32063	1.0731	69.291881243	33.3045
3 3 7			-0.01		0.85		26.42		0.32101	0.1558	47.1418707618	3.5073
0 4 12			0.01		0.86		26.25		0.32112	1.4889	60.4300914167	161.7651
7 3 5			-0.01		0.84		26.6		0.32115	1.0496	74.7140851895	88.0788
0 2 18			-0.01		0.84		26.74		0.32038	0.3755	76.3208597895	3.7538
4 2 8			0.0		0.84		26.65		0.32044	0.7605	51.4203212226	2.5419
6 4 4			0.0		0.84		26.63		0.32045	0.6669	69.2748711385	33.991