HKL Value		Reward		TotalReward	Chi Squared	Z Appr. 	Error	Two-Thetas	Sfs2
0 0 10			0.0		0.0		0.0		0.3	0.8316	38.8438017949	41.7013
0 0 20			0.0		0.0		1.46		0.32039	0.4542	83.3712939521	4.3689
6 4 2			0.44		0.44		1.02		0.32015	0.2211	67.6401768609	4.8049
4 2 10			0.48		0.92		0.68		0.31984	1.1102	57.0442200735	11.3144
0 2 20			-0.75		0.17		2.77		0.31593	0.4494	86.0769303832	2.8517
4 2 6			0.11		0.27		2.5		0.31602	1.6049	46.7233273538	62.1975
6 4 0			0.2		0.47		2.09		0.31602	1.8287	67.0910631577	58.6803
4 6 0			0.16		0.64		1.79		0.31602	0.7863	67.1083315067	59.4729
4 0 10			-0.13		0.5		2.07		0.31646	0.6243	53.7713327333	45.2096
4 6 2			0.08		0.58		1.92		0.31645	0.2349	67.657370766	5.5969
2 6 10			-0.09		0.5		2.1		0.31685	0.7069	72.0169435829	44.7171
4 4 10			0.02		0.52		2.06		0.31711	0.6886	66.23802526	47.6672
6 2 10			-0.04		0.47		2.15		0.31746	0.7103	71.9901825081	43.9921
6 0 8			-0.02		0.46		2.19		0.31753	2.9234	64.163237895	5.3359
0 6 8			-0.0		0.45		2.19		0.31759	0.7694	64.1950429677	5.6946