HKL Value		Reward		TotalReward	Chi Squared	Z Appr. 	Error	Two-Thetas	Sfs2
0 0 10			0.0		0.0		0.0		0.3	0.8316	38.8438017949	41.7013
0 0 20			0.0		0.0		1.46		0.32039	0.4542	83.3712939521	4.3689
6 4 2			0.44		0.44		1.02		0.32015	0.2211	67.6401768609	4.8049
4 2 10			0.48		0.92		0.68		0.31984	1.1102	57.0442200735	11.3144
5 5 7			-0.87		0.05		5.24		0.32891	0.6639	72.2860687267	4.3062
6 4 0			0.25		0.3		4.19		0.32891	1.8287	67.0910631577	58.6803
4 6 0			0.2		0.5		3.5		0.32891	0.7863	67.1083315067	59.4729
4 0 10			-0.04		0.46		3.65		0.32604	0.6243	53.7713327333	45.2096
7 3 5			-0.64		-0.19		10.26		0.32725	1.0496	74.7140851895	88.0788
7 1 1			0.04		-0.15		9.88		0.32705	0.5207	65.7483230412	25.2044
5 5 1			0.07		-0.07		9.19		0.3269	0.5073	65.769247456	23.9531
3 1 7			0.04		-0.03		8.83		0.33004	0.257	39.2655360855	5.205
4 6 2			0.07		0.04		8.23		0.3299	0.2349	67.657370766	5.5969
2 6 10			0.02		0.06		8.07		0.3276	0.7069	72.0169435829	44.7171
4 4 10			0.02		0.08		7.89		0.32632	0.6886	66.23802526	47.6672
6 2 10			0.05		0.13		7.53		0.32564	0.7103	71.9901825081	43.9921
6 0 8			0.06		0.2		7.07		0.32573	2.9234	64.163237895	5.3359
0 6 8			0.06		0.26		6.66		0.32579	0.7694	64.1950429677	5.6946
2 4 10			0.03		0.29		6.48		0.3254	0.607	57.0555982332	12.0937
0 6 10			0.05		0.33		6.19		0.32515	0.8527	69.1637693973	8.5049
6 0 2			0.03		0.36		6.0		0.32513	0.2214	55.354768557	5.4487
2 4 14			0.03		0.39		5.85		0.32495	0.5221	70.6383718296	19.4111
4 2 14			0.02		0.41		5.72		0.32479	1.2576	70.6282605877	19.9713
3 5 9			0.02		0.43		5.6		0.32453	0.4755	65.0802252419	19.5165
7 3 1			0.02		0.45		5.49		0.32449	0.5095	71.5359286583	22.1332
2 0 16			0.04		0.49		5.28		0.32438	0.5935	67.2372591268	11.8907
3 7 1			0.02		0.51		5.2		0.32435	1.2822	71.5694631273	22.2453
0 0 6			-0.71		-0.2		17.75		0.32489	7.4326	23.0169618987	709.6598
2 2 10			0.03		-0.16		17.19		0.32459	0.6429	46.7739448495	44.8949
6 0 10			0.03		-0.13		16.62		0.32445	1.0728	69.1331306246	8.9056
5 3 5			-0.14		-0.27		19.37		0.32467	2.2247	56.9473208346	134.0256
6 2 4			-0.01		-0.28		19.58		0.32439	0.8727	60.3342977717	77.9073
1 1 5			-0.21		-0.49		24.79		0.32472	1.9661	22.8949597146	247.5537