HKL Value		Reward		TotalReward	Chi Squared	Z Appr. 	Error	Two-Thetas	Sfs2
0 0 10			0.0		0.0		0.0		0.3	0.8316	38.8438017949	41.7013
0 0 20			0.0		0.0		1.46		0.32039	0.4542	83.3712939521	4.3689
5 1 9			-0.2		-0.2		1.82		0.31805	0.4583	58.9619928854	19.0838
4 4 6			-0.97		-1.16		54.96		0.32218	4.3817	57.0116572758	400.3855
6 4 2			0.33		-0.84		41.39		0.32204	0.2211	67.6401768609	4.8049
4 2 10			0.25		-0.59		33.2		0.32124	1.1102	57.0442200735	11.3144
6 4 0			0.2		-0.39		27.67		0.32123	1.8287	67.0910631577	58.6803
4 6 0			0.17		-0.22		23.72		0.32123	0.7863	67.1083315067	59.4729
4 6 2			0.14		-0.09		20.88		0.32112	0.2349	67.657370766	5.5969
4 0 10			0.12		0.04		18.56		0.32117	0.6243	53.7713327333	45.2096
2 6 10			0.11		0.15		16.7		0.32125	0.7069	72.0169435829	44.7171
6 0 8			0.09		0.24		15.31		0.32152	2.9234	64.163237895	5.3359
0 6 8			0.08		0.32		14.11		0.32177	0.7694	64.1950429677	5.6946
1 3 13			0.02		0.35		13.8		0.32456	0.3907	59.4200243294	11.5335
4 4 10			0.06		0.41		12.97		0.32403	0.6886	66.23802526	47.6672
6 2 10			0.07		0.48		12.15		0.32377	0.7103	71.9901825081	43.9921
6 0 2			0.05		0.53		11.54		0.32375	0.2214	55.354768557	5.4487
2 4 10			0.05		0.58		10.97		0.32348	0.607	57.0555982332	12.0937
2 4 14			0.05		0.63		10.49		0.3234	0.5221	70.6383718296	19.4111
4 2 14			0.04		0.67		10.07		0.32332	1.2576	70.6282605877	19.9713
7 3 1			0.04		0.71		9.72		0.32329	0.5095	71.5359286583	22.1332
0 6 10			0.05		0.76		9.27		0.32319	0.8527	69.1637693973	8.5049
0 2 12			-0.07		0.68		9.99		0.32168	0.3827	50.6142203783	17.5707
2 0 16			0.04		0.72		9.61		0.32196	0.5935	67.2372591268	11.8907
3 7 1			0.03		0.75		9.33		0.32194	1.2822	71.5694631273	22.2453
3 5 9			0.04		0.79		9.01		0.32182	0.4755	65.0802252419	19.5165
4 2 2			0.01		0.8		8.88		0.3218	0.457	40.8620305525	12.2524
0 2 16			0.04		0.84		8.57		0.32192	1.8687	67.2407114996	13.8307
1 1 15			0.02		0.87		8.36		0.32217	0.656	61.3839959686	20.6242
1 7 3			-0.06		0.81		8.87		0.3222	0.9932	66.8968211493	90.2271
7 1 1			0.01		0.82		8.79		0.32218	0.5207	65.7483230412	25.2044
2 2 10			0.03		0.85		8.51		0.32212	0.6429	46.7739448495	44.8949
6 0 10			0.03		0.88		8.24		0.32209	1.0728	69.1331306246	8.9056
2 4 12			-0.15		0.73		9.75		0.32029	0.2205	63.4791913795	4.8908
2 4 0			-0.01		0.72		9.87		0.32029	1.4359	40.0960076051	88.2765
1 3 15			0.03		0.74		9.61		0.32015	0.2862	67.3623786269	8.1809
5 3 9			0.03		0.77		9.34		0.32012	0.4833	65.0662013285	20.8409
3 1 13			-0.04		0.73		9.76		0.32095	0.3869	59.4126405656	11.7895
9 1 1			0.02		0.75		9.55		0.32094	0.8793	87.9915459652	19.6393
5 5 1			0.02		0.77		9.37		0.32093	0.5073	65.769247456	23.9531
2 0 10			0.01		0.78		9.24		0.32082	0.6169	42.9543880851	20.236
1 5 1			0.0		0.79		9.2		0.3208	0.4978	46.196563203	27.3004
2 2 14			-0.16		0.62		10.99		0.3208	1.0835	61.7979105177	101.9829
0 6 6			0.02		0.65		10.75		0.32079	1.0147	60.183190367	40.9583
0 4 10			0.02		0.67		10.51		0.32081	0.9893	53.7871001638	44.1425
0 6 2			0.02		0.69		10.33		0.32081	0.2356	55.3895592761	6.1752
0 4 16			0.02		0.71		10.11		0.32083	1.5557	75.7704700384	94.8658
2 4 6			0.02		0.73		9.91		0.32084	0.785	46.7364348384	64.2552
2 0 2			-0.02		0.71		10.11		0.32082	0.6502	19.2320929378	35.9547
0 4 20			0.0		0.71		10.09		0.32074	1.027	94.1654323607	18.6345
1 5 9			0.01		0.72		9.99		0.3206	0.4394	58.984264935	17.7365
6 2 0			-0.35		0.37		15.33		0.3206	4.3933	57.9728440251	566.5186
2 0 14			0.01		0.38		15.18		0.32057	0.2634	58.6945218607	7.3942
2 2 16			0.02		0.4		14.9		0.32049	1.1693	70.1293332912	108.6018
4 0 8			-0.19		0.21		18.49		0.32054	2.9483	47.8850437629	244.3799
4 4 12			0.02		0.23		18.16		0.32059	1.9475	72.2035773977	130.2426
0 4 2			-0.08		0.15		19.71		0.32062	3.2657	36.5744795411	137.7475
0 2 10			0.01		0.16		19.45		0.32052	0.4317	42.9590557724	21.0204
4 2 8			0.0		0.16		19.41		0.32069	0.7605	51.4203212226	2.5419
1 3 1			0.01		0.17		19.32		0.32068	0.5324	28.3265170018	42.1271
3 3 9			0.01		0.18		19.08		0.32055	0.3816	52.4524123761	12.0632
6 0 6			0.02		0.2		18.78		0.32053	1.0815	60.1501886982	39.9969
2 4 2			0.01		0.21		18.58		0.32052	0.3828	40.8766170199	13.2501
3 1 15			0.01		0.22		18.3		0.32039	0.2871	67.3554895111	7.7692
6 2 4			-0.0		0.22		18.36		0.3203	0.8727	60.3342977717	77.9073
1 7 1			0.01		0.23		18.18		0.32029	0.5219	65.7901743415	26.2984
6 4 4			-0.01		0.22		18.28		0.32029	0.6669	69.2748711385	33.991
0 2 14			0.01		0.23		18.16		0.32024	0.2479	58.6982494177	6.3292
5 5 3			-0.0		0.23		18.17		0.32026	0.8107	66.8760743485	64.1048
0 6 16			0.01		0.24		18.03		0.32059	0.4825	89.3859051251	7.6515
5 3 1			0.01		0.24		17.9		0.32057	0.5252	53.2386121167	32.835
0 4 12			0.01		0.25		17.8		0.32079	1.4889	60.4300914167	161.7651
3 1 9			0.01		0.26		17.68		0.32063	0.36	45.2950695798	8.7768
4 2 6			0.01		0.27		17.44		0.32064	1.6049	46.7233273538	62.1975
6 4 6			0.01		0.28		17.32		0.32057	0.9247	71.9614498967	41.9809
3 3 1			0.01		0.28		17.2		0.32056	0.5106	38.1558496662	33.1617
6 0 0			0.01		0.29		17.04		0.32056	0.7256	54.7363985401	55.434
1 1 3			0.0		0.3		16.98		0.32056	0.4514	16.9416048235	36.8187
0 6 0			0.01		0.3		16.85		0.32056	1.4277	54.7714555341	59.4019
3 3 15			0.01		0.31		16.74		0.32019	0.3402	73.0835579415	3.8877
1 5 13			-0.0		0.31		16.82		0.32066	1.1973	71.2966048402	12.6128
0 6 14			0.01		0.31		16.72		0.32068	0.9096	81.7552219026	27.2955
4 0 14			-0.06		0.25		17.79		0.32068	1.986	67.7459682929	124.3248
3 5 1			0.01		0.26		17.68		0.32066	0.5283	53.2544885252	31.9012
1 3 9			0.0		0.26		17.62		0.3205	0.2622	45.3040218183	7.1674
3 1 1			0.0		0.26		17.57		0.32048	0.5239	28.3131072915	41.7464
3 3 13			-0.01		0.25		17.78		0.32109	0.5636	65.4922780779	9.1158
5 1 1			0.01		0.26		17.66		0.32109	0.5346	46.1701152	26.7419
4 0 12			0.01		0.27		17.57		0.32123	2.7435	60.4154589103	161.2613
0 0 4			-0.0		0.26		17.6		0.32118	0.8482	15.2869714585	59.1035
2 0 6			0.0		0.27		17.56		0.32122	1.6278	29.1406672869	128.8477
5 5 7			-0.01		0.26		17.74		0.32157	0.6639	72.2860687267	4.3062
1 1 13			-0.0		0.25		17.75		0.32193	0.3722	52.9310122384	10.9703
1 5 7			-0.0		0.25		17.8		0.32218	0.6035	54.1236034243	4.2528