HKL Value		Reward		TotalReward	Chi Squared	Z Appr. 	Error	Two-Thetas	Sfs2
3 3 9			0.0		0.0		0.0		0.3	0.3816	52.4524123761	12.0632
1 3 9			0.0		0.0		0.39		0.31146	0.2622	45.3040218183	7.1674
0 0 10			-0.92		-0.92		4.71		0.31577	0.8316	38.8438017949	41.7013
0 0 20			0.46		-0.45		3.22		0.31631	0.4542	83.3712939521	4.3689
6 4 2			0.28		-0.17		2.51		0.31628	0.2211	67.6401768609	4.8049
0 6 4			-0.7		-0.87		8.36		0.31618	0.6675	57.2171401797	42.9768
5 3 1			-0.0		-0.87		8.38		0.3161	0.5252	53.2386121167	32.835
4 2 10			0.14		-0.73		7.36		0.31658	1.1102	57.0442200735	11.3144
6 4 0			0.14		-0.59		6.44		0.31658	1.8287	67.0910631577	58.6803
4 0 6			-0.81		-1.4		34.43		0.31822	5.3963	42.900258124	488.2208
4 6 0			0.11		-1.29		30.99		0.31822	0.7863	67.1083315067	59.4729
4 6 2			0.1		-1.2		28.24		0.31817	0.2349	67.657370766	5.5969
0 6 16			0.06		-1.14		26.75		0.3213	0.4825	89.3859051251	7.6515
4 0 10			0.08		-1.06		24.69		0.3213	0.6243	53.7713327333	45.2096
3 5 9			0.07		-0.98		22.99		0.32104	0.4755	65.0802252419	19.5165
2 6 10			0.07		-0.91		21.46		0.3211	0.7069	72.0169435829	44.7171
2 2 12			0.0		-0.91		21.42		0.32242	1.9766	54.0147953295	208.0279
4 4 10			0.06		-0.85		20.2		0.32218	0.6886	66.23802526	47.6672
0 6 8			0.06		-0.79		19.12		0.32229	0.7694	64.1950429677	5.6946
6 0 8			0.05		-0.74		18.17		0.32241	2.9234	64.163237895	5.3359
6 2 10			0.05		-0.69		17.26		0.32234	0.7103	71.9901825081	43.9921
2 0 0			-0.07		-0.76		18.65		0.32234	2.02	17.6289686615	175.6782
2 4 10			0.04		-0.72		17.85		0.32215	0.607	57.0555982332	12.0937
6 0 2			0.04		-0.68		17.17		0.32214	0.2214	55.354768557	5.4487
1 3 3			-0.01		-0.68		17.27		0.32218	0.7045	30.3940112777	66.1614
2 4 14			0.04		-0.65		16.67		0.32216	0.5221	70.6383718296	19.4111
4 2 14			0.03		-0.61		16.12		0.32213	1.2576	70.6282605877	19.9713
0 6 10			0.04		-0.57		15.52		0.32211	0.8527	69.1637693973	8.5049
4 2 4			-0.07		-0.65		16.78		0.32213	0.7624	43.1345383828	64.2766
6 0 4			-0.03		-0.68		17.31		0.32213	0.7069	57.1830782131	42.6751
7 3 1			0.03		-0.65		16.83		0.3221	0.5095	71.5359286583	22.1332
3 7 1			0.03		-0.62		16.38		0.32208	1.2822	71.5694631273	22.2453
2 0 16			0.03		-0.59		15.89		0.32232	0.5935	67.2372591268	11.8907
0 2 16			0.03		-0.56		15.41		0.32239	1.8687	67.2407114996	13.8307
4 2 2			0.02		-0.54		15.13		0.32237	0.457	40.8620305525	12.2524
5 5 5			-0.1		-0.64		16.72		0.32253	1.5862	69.0631626084	104.8873
1 1 15			0.02		-0.61		16.31		0.32277	0.656	61.3839959686	20.6242
2 2 10			0.03		-0.59		15.89		0.32267	0.6429	46.7739448495	44.8949
0 4 14			-0.12		-0.71		18.14		0.32267	1.2337	67.7597167724	121.3788
7 1 1			0.02		-0.69		17.84		0.32265	0.5207	65.7483230412	25.2044
6 0 10			0.03		-0.67		17.4		0.32261	1.0728	69.1331306246	8.9056
4 2 6			0.02		-0.64		16.98		0.32262	1.6049	46.7233273538	62.1975
1 3 15			0.02		-0.63		16.69		0.32214	0.2862	67.3623786269	8.1809
5 3 9			0.02		-0.6		16.32		0.32207	0.4833	65.0662013285	20.8409
0 2 6			0.0		-0.6		16.28		0.32217	1.1672	29.1471999487	131.5155
3 1 13			0.0		-0.6		16.21		0.3229	0.3869	59.4126405656	11.7895
9 1 1			0.02		-0.58		15.9		0.32289	0.8793	87.9915459652	19.6393
5 5 1			0.02		-0.56		15.61		0.32288	0.5073	65.769247456	23.9531
1 3 1			0.0		-0.56		15.58		0.32286	0.5324	28.3265170018	42.1271
5 1 9			0.01		-0.54		15.39		0.32268	0.4583	58.9619928854	19.0838
0 4 10			0.02		-0.52		15.09		0.32264	0.9893	53.7871001638	44.1425
2 0 10			0.01		-0.51		14.91		0.3225	0.6169	42.9543880851	20.236
1 5 1			0.01		-0.5		14.78		0.32248	0.4978	46.196563203	27.3004
0 6 6			0.02		-0.49		14.51		0.32246	1.0147	60.183190367	40.9583
0 6 2			0.02		-0.47		14.29		0.32246	0.2356	55.3895592761	6.1752
4 0 2			-0.1		-0.57		15.95		0.32249	1.7854	36.5531212028	138.5255
1 5 13			0.01		-0.57		15.85		0.32303	1.1973	71.2966048402	12.6128
0 4 16			0.02		-0.55		15.59		0.32291	1.5557	75.7704700384	94.8658
2 4 6			0.02		-0.53		15.33		0.32292	0.785	46.7364348384	64.2552
1 3 11			-0.21		-0.74		19.35		0.32301	2.4293	52.0561920156	298.4303
4 0 4			-0.01		-0.75		19.46		0.3229	1.2165	39.0343929222	79.1487
3 3 1			0.01		-0.74		19.28		0.32288	0.5106	38.1558496662	33.1617
4 4 12			0.02		-0.72		18.97		0.32286	1.9475	72.2035773977	130.2426
1 5 9			0.01		-0.71		18.8		0.3227	0.4394	58.984264935	17.7365
0 4 20			0.01		-0.71		18.67		0.32266	1.027	94.1654323607	18.6345
2 0 14			0.01		-0.7		18.5		0.3227	0.2634	58.6945218607	7.3942
2 2 16			0.01		-0.68		18.27		0.3225	1.1693	70.1293332912	108.6018
0 2 10			0.01		-0.67		18.09		0.32238	0.4317	42.9590557724	21.0204
2 2 14			-0.05		-0.73		19.07		0.32238	1.0835	61.7979105177	101.9829
6 0 6			0.01		-0.71		18.8		0.32236	1.0815	60.1501886982	39.9969
3 1 15			0.01		-0.7		18.6		0.32207	0.2871	67.3554895111	7.7692
4 2 8			0.0		-0.7		18.55		0.32224	0.7605	51.4203212226	2.5419
4 6 6			0.01		-0.69		18.43		0.32217	1.1903	71.9781772466	41.9784
1 7 1			0.01		-0.68		18.27		0.32216	0.5219	65.7901743415	26.2984
2 4 0			0.0		-0.68		18.21		0.32216	1.4359	40.0960076051	88.2765
7 1 7			0.0		-0.68		18.2		0.3225	0.3505	72.2660298289	5.0526
6 4 6			0.01		-0.67		18.09		0.32243	0.9247	71.9614498967	41.9809
2 4 2			0.01		-0.66		17.94		0.32242	0.3828	40.8766170199	13.2501
2 0 2			-0.0		-0.67		17.96		0.3224	0.6502	19.2320929378	35.9547
1 5 7			-0.0		-0.67		17.99		0.32277	0.6035	54.1236034243	4.2528
0 4 18			-0.06		-0.72		19.08		0.32074	0.8369	84.5238780681	17.4513