HKL Value		Reward		TotalReward	Chi Squared	Z Appr. 	Error	Two-Thetas	Sfs2
0 0 10			0.0		0.0		0.0		0.3	0.8316	38.8438017949	41.7013
0 0 20			0.0		0.0		1.46		0.32039	0.4542	83.3712939521	4.3689
6 4 2			0.44		0.44		1.02		0.32015	0.2211	67.6401768609	4.8049
4 2 10			0.48		0.92		0.68		0.31984	1.1102	57.0442200735	11.3144
6 4 0			0.32		1.25		0.52		0.31984	1.8287	67.0910631577	58.6803
4 6 0			0.23		1.47		0.42		0.31984	0.7863	67.1083315067	59.4729
4 6 2			-0.15		1.32		0.5		0.31971	0.2349	67.657370766	5.5969
4 0 10			0.09		1.4		0.46		0.32035	0.6243	53.7713327333	45.2096
2 6 10			0.1		1.5		0.42		0.32069	0.7069	72.0169435829	44.7171
6 0 8			-0.23		1.27		0.54		0.32103	2.9234	64.163237895	5.3359
4 6 4			-0.81		0.46		2.89		0.32111	1.0731	69.291881243	33.3045
0 6 8			0.06		0.52		2.73		0.32141	0.7694	64.1950429677	5.6946
4 4 10			0.09		0.6		2.51		0.32115	0.6886	66.23802526	47.6672
6 4 4			-0.4		0.2		4.21		0.32122	0.6669	69.2748711385	33.991
6 2 10			0.08		0.28		3.92		0.32131	0.7103	71.9901825081	43.9921
6 0 2			0.03		0.31		3.81		0.32129	0.2214	55.354768557	5.4487
2 4 10			0.06		0.36		3.6		0.32104	0.607	57.0555982332	12.0937
2 4 14			0.03		0.39		3.51		0.32106	0.5221	70.6383718296	19.4111
4 2 14			0.02		0.41		3.44		0.32108	1.2576	70.6282605877	19.9713
7 3 1			0.01		0.42		3.41		0.32103	0.5095	71.5359286583	22.1332
3 5 5			-0.59		-0.17		8.29		0.32136	1.2751	56.9624934876	133.7285
0 6 10			0.05		-0.12		7.9		0.32141	0.8527	69.1637693973	8.5049
2 0 16			0.04		-0.08		7.6		0.32193	0.5935	67.2372591268	11.8907
3 7 1			0.03		-0.05		7.4		0.3219	1.2822	71.5694631273	22.2453
3 5 9			0.04		-0.02		7.14		0.32171	0.4755	65.0802252419	19.5165
1 3 15			0.03		0.01		6.95		0.3211	0.2862	67.3623786269	8.1809
1 5 3			-0.07		-0.06		7.44		0.32115	0.9511	47.585042181	85.8034
4 2 2			0.01		-0.05		7.37		0.32113	0.457	40.8620305525	12.2524
0 2 16			0.03		-0.01		7.14		0.32136	1.8687	67.2407114996	13.8307
1 1 15			0.02		0.0		7.01		0.32167	0.656	61.3839959686	20.6242
7 1 1			0.0		0.01		6.99		0.32165	0.5207	65.7483230412	25.2044
2 2 10			0.03		0.04		6.76		0.32161	0.6429	46.7739448495	44.8949
6 0 10			0.03		0.07		6.55		0.3216	1.0728	69.1331306246	8.9056
5 3 9			0.03		0.1		6.37		0.32153	0.4833	65.0662013285	20.8409
9 1 1			0.02		0.12		6.24		0.32151	0.8793	87.9915459652	19.6393
4 2 4			-0.17		-0.05		7.51		0.32152	0.7624	43.1345383828	64.2766
5 5 1			0.02		-0.03		7.37		0.32151	0.5073	65.769247456	23.9531
5 1 9			0.01		-0.02		7.3		0.32127	0.4583	58.9619928854	19.0838
2 0 10			0.01		-0.01		7.23		0.32107	0.6169	42.9543880851	20.236
1 5 1			-0.0		-0.01		7.24		0.32105	0.4978	46.196563203	27.3004
3 5 11			-0.36		-0.37		11.32		0.32113	1.8915	70.5555824797	206.4699
0 4 10			0.02		-0.35		11.04		0.32116	0.9893	53.7871001638	44.1425
0 6 6			0.02		-0.32		10.79		0.32113	1.0147	60.183190367	40.9583
0 6 2			0.02		-0.3		10.6		0.32113	0.2356	55.3895592761	6.1752
0 4 16			0.02		-0.28		10.36		0.32113	1.5557	75.7704700384	94.8658
7 1 5			-0.12		-0.4		11.76		0.32121	1.5264	69.0427278305	98.726
2 4 6			0.02		-0.38		11.52		0.32124	0.785	46.7364348384	64.2552
0 4 20			0.0		-0.38		11.47		0.32111	1.027	94.1654323607	18.6345
2 2 12			-0.02		-0.39		11.7		0.32165	1.9766	54.0147953295	208.0279
1 5 9			0.01		-0.39		11.59		0.32142	0.4394	58.984264935	17.7365
4 0 12			0.0		-0.38		11.53		0.32175	2.7435	60.4154589103	161.2613
2 0 14			0.01		-0.37		11.45		0.32177	0.2634	58.6945218607	7.3942
4 4 12			0.02		-0.35		11.23		0.32179	1.9475	72.2035773977	130.2426
2 2 16			0.02		-0.34		11.06		0.32158	1.1693	70.1293332912	108.6018
3 1 5			-0.18		-0.52		13.55		0.32169	2.8985	34.1781376955	186.2389
1 3 9			-0.0		-0.52		13.57		0.32132	0.2622	45.3040218183	7.1674
0 2 10			0.01		-0.51		13.42		0.32117	0.4317	42.9590557724	21.0204
4 2 8			-0.0		-0.52		13.47		0.32142	0.7605	51.4203212226	2.5419
3 3 9			0.01		-0.51		13.35		0.32122	0.3816	52.4524123761	12.0632
3 1 11			-0.23		-0.74		17.32		0.3213	2.3814	52.0481274199	292.2152
1 3 1			0.0		-0.73		17.26		0.32128	0.5324	28.3265170018	42.1271
6 0 6			0.02		-0.72		16.99		0.32125	1.0815	60.1501886982	39.9969
5 5 3			-0.0		-0.72		17.02		0.32127	0.8107	66.8760743485	64.1048
0 2 4			-0.06		-0.78		18.19		0.3213	1.326	23.4223631322	110.0283
1 3 11			-0.17		-0.95		21.87		0.32138	2.4293	52.0561920156	298.4303