HKL Value		Reward		TotalReward	Chi Squared	Z Appr. 	Error	Two-Thetas	Sfs2
1 1 15			0.0		0.0		0.0		0.3	0.656	61.3839959686	20.6242
0 0 10			0.0		0.0		1.76		0.32403	0.8316	38.8438017949	41.7013
3 1 7			-0.69		-0.69		5.71		0.32805	0.257	39.2655360855	5.205
0 0 20			0.31		-0.38		4.35		0.32847	0.4542	83.3712939521	4.3689
6 4 2			0.23		-0.14		3.52		0.32833	0.2211	67.6401768609	4.8049
4 2 10			-0.04		-0.19		3.67		0.32703	1.1102	57.0442200735	11.3144
4 6 2			0.12		-0.07		3.29		0.32691	0.2349	67.657370766	5.5969
4 0 2			-0.81		-0.88		17.67		0.32754	1.7854	36.5531212028	138.5255
6 0 8			0.14		-0.74		15.46		0.32762	2.9234	64.163237895	5.3359
6 0 2			0.1		-0.64		14.02		0.32757	0.2214	55.354768557	5.4487
6 4 0			0.11		-0.53		12.62		0.32756	1.8287	67.0910631577	58.6803
7 3 1			0.07		-0.45		11.78		0.32741	0.5095	71.5359286583	22.1332
4 2 2			0.04		-0.41		11.32		0.32726	0.457	40.8620305525	12.2524
2 4 14			0.05		-0.36		10.74		0.32643	0.5221	70.6383718296	19.4111
0 6 8			0.08		-0.28		9.97		0.3265	0.7694	64.1950429677	5.6946
2 2 6			-0.67		-0.95		30.31		0.3277	8.3224	34.2684003079	615.2447
0 2 12			-0.02		-0.98		30.99		0.32329	0.3827	50.6142203783	17.5707
4 2 14			0.06		-0.92		29.32		0.32318	1.2576	70.6282605877	19.9713
4 6 0			0.06		-0.86		27.69		0.32318	0.7863	67.1083315067	59.4729
2 6 10			0.05		-0.8		26.25		0.32294	0.7069	72.0169435829	44.7171
1 3 3			0.01		-0.79		25.92		0.323	0.7045	30.3940112777	66.1614
4 4 10			0.05		-0.74		24.73		0.32268	0.6886	66.23802526	47.6672
3 7 1			0.04		-0.7		23.74		0.32265	1.2822	71.5694631273	22.2453
3 5 9			0.04		-0.66		22.78		0.32242	0.4755	65.0802252419	19.5165
2 2 4			-0.01		-0.67		22.91		0.32205	0.7551	29.4672289371	73.6026
2 0 16			0.04		-0.63		22.02		0.32237	0.5935	67.2372591268	11.8907
6 2 10			0.04		-0.59		21.18		0.32231	0.7103	71.9901825081	43.9921
4 0 10			0.04		-0.55		20.4		0.32223	0.6243	53.7713327333	45.2096
5 1 9			0.03		-0.52		19.86		0.32191	0.4583	58.9619928854	19.0838
1 3 15			0.03		-0.49		19.28		0.32141	0.2862	67.3623786269	8.1809
3 7 5			-0.07		-0.56		20.69		0.32154	1.0548	74.7470539899	89.5814
1 5 1			0.02		-0.54		20.27		0.32151	0.4978	46.196563203	27.3004
3 5 3			-0.01		-0.55		20.57		0.32155	0.9259	54.5093201099	87.7589
5 1 5			-0.1		-0.66		22.94		0.32166	1.1901	50.2495039981	127.1383
2 4 2			0.02		-0.63		22.46		0.32164	0.3828	40.8766170199	13.2501
0 4 20			0.02		-0.62		22.1		0.3215	1.027	94.1654323607	18.6345
0 6 2			0.02		-0.59		21.56		0.32149	0.2356	55.3895592761	6.1752
6 0 0			0.02		-0.57		21.1		0.32149	0.7256	54.7363985401	55.434
5 3 1			0.02		-0.56		20.79		0.32147	0.5252	53.2386121167	32.835
2 4 10			0.03		-0.53		20.27		0.32137	0.607	57.0555982332	12.0937
9 1 1			0.02		-0.51		19.81		0.32135	0.8793	87.9915459652	19.6393
0 6 10			0.02		-0.48		19.33		0.32137	0.8527	69.1637693973	8.5049
6 2 6			-0.12		-0.6		21.99		0.32168	3.9921	63.2107357729	344.5633
2 0 14			0.02		-0.59		21.66		0.3217	0.2634	58.6945218607	7.3942
0 0 2			-0.06		-0.65		22.99		0.32173	1.161	7.62646333295	98.931
2 0 2			0.0		-0.64		22.92		0.32168	0.6502	19.2320929378	35.9547
5 3 9			0.02		-0.62		22.44		0.32161	0.4833	65.0662013285	20.8409
2 0 10			0.02		-0.6		22.07		0.32139	0.6169	42.9543880851	20.236
5 5 1			0.02		-0.59		21.66		0.32137	0.5073	65.769247456	23.9531
0 6 0			0.01		-0.57		21.35		0.32137	1.4277	54.7714555341	59.4019
2 2 10			0.02		-0.55		20.92		0.32135	0.6429	46.7739448495	44.8949
2 4 8			0.0		-0.55		20.83		0.32171	0.1687	51.4325245866	2.4593
6 0 10			0.02		-0.53		20.43		0.3217	1.0728	69.1331306246	8.9056
2 2 16			0.02		-0.51		20.08		0.32147	1.1693	70.1293332912	108.6018
4 4 12			0.02		-0.49		19.71		0.3215	1.9475	72.2035773977	130.2426
0 2 14			0.01		-0.48		19.54		0.3215	0.2479	58.6982494177	6.3292
2 4 6			0.02		-0.46		19.2		0.32153	0.785	46.7364348384	64.2552
0 2 16			0.02		-0.45		18.87		0.32165	1.8687	67.2407114996	13.8307
0 6 6			0.02		-0.43		18.55		0.32163	1.0147	60.183190367	40.9583
2 2 8			-0.13		-0.56		21.4		0.32169	1.8488	40.1384116224	216.1995
4 2 6			0.02		-0.55		21.05		0.32171	1.6049	46.7233273538	62.1975
6 4 6			0.01		-0.54		20.86		0.32158	0.9247	71.9614498967	41.9809
1 5 9			0.01		-0.53		20.62		0.32136	0.4394	58.984264935	17.7365
3 1 15			0.01		-0.51		20.33		0.32107	0.2871	67.3554895111	7.7692
7 1 1			0.01		-0.5		20.11		0.32105	0.5207	65.7483230412	25.2044
0 4 10			0.02		-0.48		19.8		0.32107	0.9893	53.7871001638	44.1425
5 1 1			0.01		-0.47		19.62		0.32106	0.5346	46.1701152	26.7419
1 7 1			0.01		-0.46		19.42		0.32104	0.5219	65.7901743415	26.2984
1 3 9			0.0		-0.46		19.34		0.32072	0.2622	45.3040218183	7.1674
3 5 1			0.01		-0.45		19.18		0.3207	0.5283	53.2544885252	31.9012
1 3 13			-0.0		-0.45		19.22		0.3215	0.3907	59.4200243294	11.5335
3 1 9			0.01		-0.45		19.09		0.32128	0.36	45.2950695798	8.7768
3 3 1			0.01		-0.44		18.94		0.32126	0.5106	38.1558496662	33.1617
0 4 4			-0.0		-0.44		19.0		0.32115	0.8482	39.0545896029	78.0016
1 1 13			-0.0		-0.44		19.02		0.32184	0.3722	52.9310122384	10.9703
0 6 16			0.01		-0.43		18.82		0.32208	0.4825	89.3859051251	7.6515
1 1 3			0.0		-0.43		18.74		0.32209	0.4514	16.9416048235	36.8187
5 1 13			0.0		-0.43		18.7		0.3226	0.4567	71.2764535317	11.3258
1 1 1			0.0		-0.43		18.69		0.32259	0.5749	13.0194761966	56.7652
0 2 10			0.01		-0.42		18.53		0.32249	0.4317	42.9590557724	21.0204
0 0 22			0.01		-0.41		18.38		0.32229	2.2765	94.0325860765	137.6091
1 5 13			0.0		-0.4		18.3		0.32266	1.1973	71.2966048402	12.6128
0 0 4			-0.0		-0.41		18.34		0.32259	0.8482	15.2869714585	59.1035
2 4 0			0.0		-0.4		18.28		0.32259	1.4359	40.0960076051	88.2765
5 5 5			-0.03		-0.44		18.91		0.32264	1.5862	69.0631626084	104.8873
3 3 15			-0.0		-0.44		18.93		0.32209	0.3402	73.0835579415	3.8877
4 6 4			-0.0		-0.44		18.99		0.32209	1.0731	69.291881243	33.3045