HKL Value		Reward		TotalReward	Chi Squared	Z Appr. 	Error	Two-Thetas	Sfs2
0 6 18			0.0		0.0		0.0		0.3	0.7949	98.0280769063	1.8601
0 0 10			0.0		0.0		33.62		0.29502	0.8316	38.8438017949	41.7013
7 1 1			0.82		0.82		18.49		0.29494	0.5207	65.7483230412	25.2044
0 0 20			-0.55		0.27		40.88		0.28972	0.4542	83.3712939521	4.3689
6 4 2			0.33		0.6		30.69		0.28972	0.2211	67.6401768609	4.8049
4 2 10			0.15		0.75		26.66		0.28954	1.1102	57.0442200735	11.3144
6 4 0			0.2		0.95		22.22		0.28954	1.8287	67.0910631577	58.6803
4 6 0			0.17		1.12		19.05		0.28954	0.7863	67.1083315067	59.4729
4 6 2			0.14		1.26		16.67		0.28954	0.2349	67.657370766	5.5969
4 0 10			-0.0		1.26		16.68		0.28931	0.6243	53.7713327333	45.2096
0 2 22			-0.27		0.99		22.85		0.2892	1.8317	96.7387030121	97.213
6 4 6			0.06		1.05		21.61		0.28928	0.9247	71.9614498967	41.9809
6 0 8			0.08		1.13		19.93		0.28931	2.9234	64.163237895	5.3359
5 1 7			-0.59		0.54		48.62		0.28988	0.2609	54.1000446603	4.252
0 6 8			0.07		0.62		45.26		0.28991	0.7694	64.1950429677	5.6946
2 6 10			0.04		0.66		43.47		0.28962	0.7069	72.0169435829	44.7171
4 4 10			0.05		0.71		41.57		0.28938	0.6886	66.23802526	47.6672
6 0 2			0.06		0.77		39.17		0.28938	0.2214	55.354768557	5.4487
6 2 10			0.03		0.8		38.0		0.28909	0.7103	71.9901825081	43.9921
4 2 14			0.05		0.85		36.06		0.28906	1.2576	70.6282605877	19.9713
2 4 14			0.05		0.9		34.3		0.28904	0.5221	70.6383718296	19.4111
7 3 1			0.05		0.95		32.69		0.28904	0.5095	71.5359286583	22.1332
2 4 10			0.04		0.99		31.55		0.28885	0.607	57.0555982332	12.0937
3 7 1			0.04		1.03		30.2		0.28885	1.2822	71.5694631273	22.2453
3 3 11			-0.12		0.92		34.17		0.28837	2.1204	58.6030846927	249.5822
2 0 16			0.03		0.95		33.06		0.28832	0.5935	67.2372591268	11.8907
3 5 1			0.03		0.98		31.95		0.28831	0.5283	53.2544885252	31.9012
0 6 10			0.02		1.0		31.34		0.28799	0.8527	69.1637693973	8.5049
3 5 9			0.02		1.03		30.64		0.28796	0.4755	65.0802252419	19.5165
1 1 1			0.02		1.05		29.97		0.28795	0.5749	13.0194761966	56.7652
1 1 15			0.02		1.07		29.43		0.28794	0.656	61.3839959686	20.6242
4 2 2			0.03		1.1		28.58		0.28793	0.457	40.8620305525	12.2524
0 2 16			0.02		1.12		27.91		0.28788	1.8687	67.2407114996	13.8307
2 2 10			0.02		1.14		27.41		0.28762	0.6429	46.7739448495	44.8949
1 3 15			0.03		1.17		26.72		0.28757	0.2862	67.3623786269	8.1809
4 4 0			-0.24		0.92		35.28		0.28757	4.9852	51.3853572345	648.027
5 1 9			0.02		0.94		34.64		0.28756	0.4583	58.9619928854	19.0838
6 0 10			0.02		0.96		34.03		0.28724	1.0728	69.1331306246	8.9056
0 2 18			-0.04		0.92		35.27		0.28947	0.3755	76.3208597895	3.7538
5 3 9			0.02		0.94		34.7		0.28946	0.4833	65.0662013285	20.8409
5 5 1			0.03		0.97		33.84		0.28946	0.5073	65.769247456	23.9531
9 1 1			0.02		0.99		33.02		0.28946	0.8793	87.9915459652	19.6393
2 0 14			0.02		1.01		32.24		0.28946	0.2634	58.6945218607	7.3942
1 5 1			0.02		1.04		31.58		0.28946	0.4978	46.196563203	27.3004
2 0 10			0.02		1.06		30.87		0.28943	0.6169	42.9543880851	20.236
0 6 6			0.01		1.07		30.58		0.28949	1.0147	60.183190367	40.9583
0 4 10			0.01		1.08		30.31		0.28931	0.9893	53.7871001638	44.1425
0 6 2			0.02		1.1		29.69		0.2893	0.2356	55.3895592761	6.1752
0 4 20			0.02		1.12		29.17		0.28904	1.027	94.1654323607	18.6345
2 4 6			-0.0		1.12		29.18		0.28911	0.785	46.7364348384	64.2552
1 5 9			0.01		1.13		28.82		0.28911	0.4394	58.984264935	17.7365
4 2 8			0.02		1.15		28.26		0.28911	0.7605	51.4203212226	2.5419
0 4 16			-0.01		1.14		28.58		0.2893	1.5557	75.7704700384	94.8658
2 2 16			-0.02		1.12		29.06		0.28951	1.1693	70.1293332912	108.6018
5 3 7			-0.17		0.95		34.92		0.28985	0.2523	60.5057581853	5.4388