HKL Value		Reward		TotalReward	Chi Squared	Z Appr. 	Error	Two-Thetas	Sfs2
0 0 10			0.0		0.0		0.0		0.3	0.8316	38.8438017949	41.7013
1 7 1			0.0		0.0		0.3		0.22164	0.5219	65.7901743415	26.2984
1 1 1			-0.65		-0.65		0.85		0.22136	0.5749	13.0194761966	56.7652
0 0 20			-0.18		-0.83		1.04		0.22023	0.4542	83.3712939521	4.3689
6 4 2			0.17		-0.66		0.89		0.22006	0.2211	67.6401768609	4.8049
0 2 12			-0.5		-1.17		1.79		0.225	0.3827	50.6142203783	17.5707
4 2 10			0.02		-1.14		1.75		0.22247	1.1102	57.0442200735	11.3144
6 4 0			0.17		-0.98		1.5		0.22247	1.8287	67.0910631577	58.6803
6 0 8			-0.01		-0.99		1.51		0.22356	2.9234	64.163237895	5.3359
0 6 0			-0.27		-1.25		2.07		0.22356	1.4277	54.7714555341	59.4019
5 5 5			-0.16		-1.41		2.45		0.22147	1.5862	69.0631626084	104.8873
4 6 2			0.09		-1.32		2.25		0.22139	0.2349	67.657370766	5.5969
4 4 8			-0.82		-2.14		12.6		0.23021	3.9407	61.1479986878	218.5721
4 6 0			0.08		-2.06		11.64		0.23021	0.7863	67.1083315067	59.4729
5 5 1			0.05		-2.0		11.03		0.23052	0.5073	65.769247456	23.9531
0 6 8			0.07		-1.93		10.3		0.23055	0.7694	64.1950429677	5.6946
6 0 2			0.06		-1.87		9.67		0.23058	0.2214	55.354768557	5.4487
2 4 14			-0.01		-1.88		9.78		0.22881	0.5221	70.6383718296	19.4111
7 3 1			0.04		-1.84		9.39		0.22923	0.5095	71.5359286583	22.1332
4 2 14			-0.0		-1.84		9.4		0.22585	1.2576	70.6282605877	19.9713
2 6 10			0.04		-1.8		9.02		0.22421	0.7069	72.0169435829	44.7171
2 6 2			-0.35		-2.14		13.81		0.22411	1.2892	58.5985395934	134.3564
4 4 10			0.04		-2.1		13.25		0.2231	0.6886	66.23802526	47.6672
2 4 6			-0.09		-2.19		14.52		0.22231	0.785	46.7364348384	64.2552
4 0 10			0.04		-2.15		13.92		0.22207	0.6243	53.7713327333	45.2096
3 5 9			0.02		-2.12		13.63		0.22206	0.4755	65.0802252419	19.5165
3 7 1			0.03		-2.1		13.25		0.2222	1.2822	71.5694631273	22.2453
6 2 10			0.04		-2.06		12.76		0.2221	0.7103	71.9901825081	43.9921
1 5 7			0.03		-2.02		12.35		0.22215	0.6035	54.1236034243	4.2528
6 2 0			-0.43		-2.45		21.65		0.22215	4.3933	57.9728440251	566.5186
2 0 16			0.03		-2.43		21.08		0.22192	0.5935	67.2372591268	11.8907
1 1 15			0.01		-2.42		20.84		0.22201	0.656	61.3839959686	20.6242
5 1 9			0.01		-2.41		20.68		0.22198	0.4583	58.9619928854	19.0838
0 2 16			0.02		-2.38		20.23		0.22166	1.8687	67.2407114996	13.8307
0 4 14			-0.02		-2.4		20.62		0.22	1.2337	67.7597167724	121.3788
4 2 2			0.03		-2.38		20.09		0.22004	0.457	40.8620305525	12.2524
9 1 1			0.02		-2.36		19.71		0.22017	0.8793	87.9915459652	19.6393
2 6 6			-0.24		-2.6		25.86		0.21874	5.383	63.2392339525	346.2148
0 2 14			0.03		-2.57		25.19		0.21885	0.2479	58.6982494177	6.3292
0 0 18			-0.09		-2.66		27.59		0.21297	0.6609	73.530655613	37.988
1 3 15			0.02		-2.63		26.93		0.21312	0.2862	67.3623786269	8.1809
2 0 14			0.02		-2.61		26.28		0.21312	0.2634	58.6945218607	7.3942
0 6 10			0.01		-2.59		25.92		0.21352	0.8527	69.1637693973	8.5049
2 4 10			0.02		-2.57		25.4		0.21372	0.607	57.0555982332	12.0937
1 5 1			0.02		-2.55		24.83		0.21372	0.4978	46.196563203	27.3004
2 4 0			0.01		-2.54		24.59		0.21372	1.4359	40.0960076051	88.2765
5 3 9			0.02		-2.52		24.1		0.21365	0.4833	65.0662013285	20.8409
2 2 10			0.01		-2.51		23.75		0.21397	0.6429	46.7739448495	44.8949
0 4 20			0.02		-2.48		23.26		0.2139	1.027	94.1654323607	18.6345
2 0 10			0.02		-2.46		22.79		0.21388	0.6169	42.9543880851	20.236
2 2 16			-0.03		-2.5		23.59		0.2136	1.1693	70.1293332912	108.6018
1 7 5			0.01		-2.48		23.25		0.21356	1.0841	69.0835930101	99.7513
6 0 10			0.01		-2.47		22.98		0.21388	1.0728	69.1331306246	8.9056
2 4 2			0.02		-2.45		22.61		0.21388	0.3828	40.8766170199	13.2501
5 3 1			0.02		-2.44		22.19		0.21388	0.5252	53.2386121167	32.835
6 4 4			0.01		-2.43		22.06		0.21395	0.6669	69.2748711385	33.991
3 1 15			0.02		-2.41		21.67		0.21403	0.2871	67.3554895111	7.7692
2 0 4			-0.05		-2.46		22.74		0.21409	1.3874	23.4143586184	109.347
6 4 6			0.01		-2.45		22.56		0.21397	0.9247	71.9614498967	41.9809
0 6 6			0.0		-2.45		22.53		0.21386	1.0147	60.183190367	40.9583
1 5 9			0.01		-2.44		22.34		0.21368	0.4394	58.984264935	17.7365
4 0 2			-0.06		-2.5		23.83		0.21367	1.7854	36.5531212028	138.5255
7 1 1			0.02		-2.49		23.46		0.21367	0.5207	65.7483230412	25.2044
4 0 12			-0.05		-2.53		24.59		0.21388	2.7435	60.4154589103	161.2613
0 0 4			0.02		-2.52		24.21		0.21388	0.8482	15.2869714585	59.1035
0 6 2			0.02		-2.5		23.85		0.21389	0.2356	55.3895592761	6.1752
0 4 10			0.01		-2.49		23.63		0.21421	0.9893	53.7871001638	44.1425
5 1 1			0.01		-2.48		23.29		0.21421	0.5346	46.1701152	26.7419
6 0 0			0.01		-2.47		23.01		0.21421	0.7256	54.7363985401	55.434
3 1 9			0.0		-2.46		22.93		0.21395	0.36	45.2950695798	8.7768
0 2 10			0.01		-2.45		22.61		0.21393	0.4317	42.9590557724	21.0204
1 3 9			-0.0		-2.45		22.62		0.21362	0.2622	45.3040218183	7.1674
1 5 13			0.01		-2.44		22.36		0.21338	1.1973	71.2966048402	12.6128
0 2 18			-0.05		-2.48		23.41		0.21123	0.3755	76.3208597895	3.7538
2 2 14			0.0		-2.48		23.39		0.21128	1.0835	61.7979105177	101.9829
0 6 12			0.01		-2.47		23.08		0.21128	0.3425	75.0250979777	1.887
3 3 1			0.01		-2.46		22.79		0.21128	0.5106	38.1558496662	33.1617
0 6 16			0.01		-2.44		22.53		0.21131	0.4825	89.3859051251	7.6515
0 0 22			-0.03		-2.47		23.22		0.21165	2.2765	94.0325860765	137.6091
1 3 13			0.01		-2.46		22.94		0.21158	0.3907	59.4200243294	11.5335
1 1 3			0.0		-2.46		22.88		0.21156	0.4514	16.9416048235	36.8187
1 1 13			0.01		-2.45		22.61		0.2115	0.3722	52.9310122384	10.9703
3 5 1			0.01		-2.44		22.34		0.2115	0.5283	53.2544885252	31.9012
0 4 16			-0.01		-2.45		22.63		0.21134	1.5557	75.7704700384	94.8658
1 3 11			-0.1		-2.55		25.09		0.21115	2.4293	52.0561920156	298.4303
0 4 4			0.01		-2.53		24.8		0.21115	0.8482	39.0545896029	78.0016
4 4 12			-0.02		-2.55		25.29		0.2112	1.9475	72.2035773977	130.2426
4 2 6			-0.0		-2.55		25.32		0.21113	1.6049	46.7233273538	62.1975
4 6 4			0.0		-2.55		25.21		0.21116	1.0731	69.291881243	33.3045
4 2 8			0.01		-2.54		24.93		0.21116	0.7605	51.4203212226	2.5419
1 3 1			0.01		-2.53		24.65		0.21116	0.5324	28.3265170018	42.1271
2 0 12			0.01		-2.52		24.5		0.21116	0.8079	50.6101057273	16.6151
0 2 6			-0.02		-2.54		24.96		0.21105	1.1672	29.1471999487	131.5155
6 0 6			0.0		-2.54		24.88		0.211	1.0815	60.1501886982	39.9969
3 3 9			0.01		-2.53		24.69		0.21091	0.3816	52.4524123761	12.0632
6 0 4			0.0		-2.53		24.64		0.21094	0.7069	57.1830782131	42.6751
4 4 2			-0.03		-2.56		25.48		0.21094	1.2125	52.0311030722	128.6454
3 3 15			0.0		-2.56		25.42		0.21134	0.3402	73.0835579415	3.8877
6 2 4			0.01		-2.55		25.17		0.21134	0.8727	60.3342977717	77.9073
2 0 2			0.0		-2.54		25.05		0.21135	0.6502	19.2320929378	35.9547
3 5 11			-0.05		-2.59		26.29		0.21119	1.8915	70.5555824797	206.4699
1 1 17			-0.06		-2.65		27.93		0.21134	2.447	70.2810461715	248.4175