HKL Value		Reward		TotalReward	Chi Squared	Z Appr. 	Error	Two-Thetas	Sfs2
0 0 10			0.0		0.0		0.0		0.3	0.8316	38.8438017949	41.7013
5 3 5			0.0		0.0		23.03		0.4189	2.2247	56.9473208346	134.0256
0 0 20			0.97		0.97		11.72		0.41791	0.4542	83.3712939521	4.3689
1 3 7			-0.87		0.09		92.45		0.41174	0.1893	39.2755843192	5.3372
2 4 6			0.13		0.22		81.87		0.41174	0.785	46.7364348384	64.2552
5 5 7			-0.28		-0.06		114.11		0.4085	0.6639	72.2860687267	4.3062
6 4 2			0.2		0.14		95.1		0.4085	0.2211	67.6401768609	4.8049
4 2 10			0.14		0.28		83.53		0.40891	1.1102	57.0442200735	11.3144
2 4 14			0.12		0.4		74.68		0.40886	0.5221	70.6383718296	19.4111
0 6 8			0.12		0.52		66.7		0.40888	0.7694	64.1950429677	5.6946
0 2 18			0.11		0.63		60.03		0.40886	0.3755	76.3208597895	3.7538
1 7 5			0.09		0.72		55.0		0.40882	1.0841	69.0835930101	99.7513
6 0 2			0.09		0.81		50.57		0.40878	0.2214	55.354768557	5.4487
0 0 18			0.08		0.89		46.7		0.40869	0.6609	73.530655613	37.988
3 5 11			-0.16		0.73		55.57		0.40869	1.8915	70.5555824797	206.4699
2 6 2			0.0		0.73		55.37		0.40879	1.2892	58.5985395934	134.3564
7 3 1			0.05		0.79		52.53		0.40879	0.5095	71.5359286583	22.1332
4 2 14			0.05		0.83		50.21		0.40874	1.2576	70.6282605877	19.9713
6 0 8			0.06		0.89		47.57		0.40874	2.9234	64.163237895	5.3359
7 1 5			0.05		0.94		45.29		0.40871	1.5264	69.0427278305	98.726
1 1 15			0.05		0.99		43.05		0.40862	0.656	61.3839959686	20.6242
4 0 0			-0.32		0.67		63.67		0.40862	8.3901	35.6934066618	787.9925
6 2 8			-0.06		0.61		67.64		0.4081	3.3751	67.1207225085	222.106
4 2 2			0.04		0.65		64.77		0.40812	0.457	40.8620305525	12.2524
3 7 1			0.04		0.69		62.49		0.40812	1.2822	71.5694631273	22.2453
1 5 1			0.03		0.72		60.61		0.40811	0.4978	46.196563203	27.3004
4 0 6			-0.18		0.54		74.18		0.40798	5.3963	42.900258124	488.2208
2 0 16			0.04		0.57		71.58		0.40795	0.5935	67.2372591268	11.8907
4 4 10			0.03		0.6		69.68		0.40835	0.6886	66.23802526	47.6672
2 6 10			0.02		0.62		68.08		0.40881	0.7069	72.0169435829	44.7171
0 6 2			0.03		0.66		65.84		0.4088	0.2356	55.3895592761	6.1752
3 5 9			0.03		0.68		64.13		0.40884	0.4755	65.0802252419	19.5165
2 2 0			-0.22		0.46		82.43		0.40884	11.1953	25.0390113278	1035.9387
1 1 3			0.02		0.48		80.75		0.40883	0.4514	16.9416048235	36.8187
5 1 9			0.03		0.51		78.7		0.40891	0.4583	58.9619928854	19.0838
0 4 2			0.01		0.52		78.06		0.40903	3.2657	36.5744795411	137.7475
4 6 0			0.03		0.55		75.89		0.40903	0.7863	67.1083315067	59.4729
7 1 7			-0.03		0.52		77.9		0.40653	0.3505	72.2660298289	5.0526
2 2 10			0.02		0.54		76.5		0.40699	0.6429	46.7739448495	44.8949
6 2 10			0.02		0.56		75.25		0.40753	0.7103	71.9901825081	43.9921
2 4 2			0.02		0.58		73.42		0.40756	0.3828	40.8766170199	13.2501
4 0 10			0.02		0.6		72.22		0.40806	0.6243	53.7713327333	45.2096
2 0 10			0.02		0.62		70.54		0.40817	0.6169	42.9543880851	20.236
5 3 1			0.02		0.64		69.32		0.40817	0.5252	53.2386121167	32.835
5 3 3			0.0		0.64		69.18		0.40807	0.9351	54.4936931553	89.9375
2 0 14			0.02		0.66		67.69		0.40794	0.2634	58.6945218607	7.3942
4 4 12			0.02		0.68		66.23		0.40782	1.9475	72.2035773977	130.2426
5 5 1			0.02		0.7		65.03		0.40782	0.5073	65.769247456	23.9531
3 3 9			0.02		0.72		63.83		0.40782	0.3816	52.4524123761	12.0632
9 1 1			0.02		0.74		62.69		0.40782	0.8793	87.9915459652	19.6393
5 3 9			0.02		0.76		61.72		0.40782	0.4833	65.0662013285	20.8409
4 2 4			0.01		0.76		61.4		0.40778	0.7624	43.1345383828	64.2766
1 3 15			0.01		0.78		60.51		0.40862	0.2862	67.3623786269	8.1809
3 3 15			0.01		0.78		60.02		0.4101	0.3402	73.0835579415	3.8877
4 2 6			0.0		0.79		59.81		0.4101	1.6049	46.7233273538	62.1975
3 1 3			0.0		0.79		59.59		0.41004	1.2003	30.3814370344	67.5761
4 6 2			0.02		0.81		58.53		0.41004	0.2349	67.657370766	5.5969
3 3 13			0.02		0.83		57.52		0.40996	0.5636	65.4922780779	9.1158
6 4 0			0.02		0.84		56.53		0.40996	1.8287	67.0910631577	58.6803
5 3 7			-0.03		0.81		58.44		0.40814	0.2523	60.5057581853	5.4388
6 0 0			0.02		0.83		57.55		0.40814	0.7256	54.7363985401	55.434
1 1 11			-0.07		0.76		61.84		0.40812	2.144	44.8525636461	378.5934
0 2 14			0.02		0.77		60.87		0.40804	0.2479	58.6982494177	6.3292
0 4 4			0.01		0.78		60.56		0.40811	0.8482	39.0545896029	78.0016
1 7 1			0.01		0.79		59.84		0.40811	0.5219	65.7901743415	26.2984
2 0 4			-0.01		0.79		60.18		0.40805	1.3874	23.4143586184	109.347
1 5 9			0.01		0.8		59.42		0.4081	0.4394	58.984264935	17.7365
6 4 6			0.01		0.81		58.97		0.4081	0.9247	71.9614498967	41.9809
6 0 10			0.01		0.81		58.48		0.40854	1.0728	69.1331306246	8.9056
0 6 4			0.01		0.82		58.05		0.40852	0.6675	57.2171401797	42.9768
0 6 6			0.01		0.83		57.66		0.40852	1.0147	60.183190367	40.9583
2 6 8			-0.02		0.81		58.92		0.40807	4.3291	67.1483383839	218.3417
1 3 9			0.01		0.82		58.16		0.40807	0.2622	45.3040218183	7.1674
1 1 1			0.01		0.83		57.78		0.40805	0.5749	13.0194761966	56.7652
3 1 9			0.01		0.84		57.07		0.40805	0.36	45.2950695798	8.7768
0 2 2			0.01		0.85		56.62		0.40805	0.4614	19.2417464495	36.8131
5 1 1			0.01		0.86		56.07		0.40805	0.5346	46.1701152	26.7419
7 1 1			0.01		0.87		55.52		0.40805	0.5207	65.7483230412	25.2044
4 4 4			0.0		0.87		55.36		0.40816	0.8476	53.9354251327	76.9211
0 2 16			0.01		0.88		54.72		0.40814	1.8687	67.2407114996	13.8307
3 5 1			0.01		0.89		54.26		0.40813	0.5283	53.2544885252	31.9012
3 3 1			0.01		0.9		53.81		0.40812	0.5106	38.1558496662	33.1617
0 4 10			0.01		0.9		53.45		0.40848	0.9893	53.7871001638	44.1425
3 5 7			-0.02		0.88		54.54		0.40624	0.2309	60.5203777188	5.6046
2 2 2			-0.0		0.88		54.6		0.40631	1.1162	26.2109248846	125.5642
4 6 6			0.01		0.89		54.3		0.40631	1.1903	71.9781772466	41.9784
1 3 13			0.01		0.9		53.67		0.40628	0.3907	59.4200243294	11.5335
0 6 18			0.01		0.91		53.07		0.40655	0.7949	98.0280769063	1.8601
0 6 10			0.0		0.92		52.83		0.40707	0.8527	69.1637693973	8.5049
3 1 15			0.01		0.92		52.46		0.40786	0.2871	67.3554895111	7.7692
1 5 7			-0.02		0.9		53.65		0.40559	0.6035	54.1236034243	4.2528
2 6 4			0.0		0.9		53.53		0.40569	0.8772	60.3635846112	78.02
4 2 8			0.01		0.91		52.95		0.40569	0.7605	51.4203212226	2.5419
6 0 6			0.0		0.92		52.7		0.40569	1.0815	60.1501886982	39.9969
5 1 13			0.01		0.93		52.14		0.40569	0.4567	71.2764535317	11.3258
0 6 16			0.01		0.94		51.61		0.4057	0.4825	89.3859051251	7.6515
2 4 10			0.01		0.95		51.25		0.40602	0.607	57.0555982332	12.0937
0 4 16			-0.0		0.95		51.31		0.40602	1.5557	75.7704700384	94.8658
1 5 13			0.01		0.96		50.79		0.406	1.1973	71.2966048402	12.6128
0 6 0			0.01		0.97		50.34		0.406	1.4277	54.7714555341	59.4019
2 2 16			-0.0		0.96		50.52		0.40598	1.1693	70.1293332912	108.6018
3 5 5			0.01		0.97		50.17		0.40594	1.2751	56.9624934876	133.7285