HKL Value		Reward		TotalReward	Chi Squared	Z Appr. 	Error	Two-Thetas	Sfs2
0 0 10			0.0		0.0		0.0		0.3	0.8316	38.8438017949	41.7013
4 4 6			0.0		0.0		155.16		0.32584	4.3817	57.0116572758	400.3855
0 0 20			0.98		0.98		78.52		0.32595	0.4542	83.3712939521	4.3689
6 4 2			0.49		1.47		52.64		0.32574	0.2211	67.6401768609	4.8049
2 6 6			-0.26		1.21		70.93		0.32883	5.383	63.2392339525	346.2148
0 6 10			0.24		1.45		57.23		0.32687	0.8527	69.1637693973	8.5049
4 2 10			0.19		1.64		48.22		0.32525	1.1102	57.0442200735	11.3144
6 4 0			0.17		1.8		41.33		0.32525	1.8287	67.0910631577	58.6803
4 6 0			0.14		1.95		36.17		0.32525	0.7863	67.1083315067	59.4729
4 0 10			0.12		2.06		32.32		0.32397	0.6243	53.7713327333	45.2096
4 2 4			-0.05		2.01		34.14		0.3241	0.7624	43.1345383828	64.2766
4 6 2			0.1		2.11		31.15		0.32402	0.2349	67.657370766	5.5969
5 1 7			0.06		2.17		29.43		0.32703	0.2609	54.1000446603	4.252
2 6 10			0.07		2.24		27.41		0.32582	0.7069	72.0169435829	44.7171
4 4 10			0.07		2.31		25.7		0.32494	0.6886	66.23802526	47.6672
6 2 10			0.07		2.37		24.07		0.32448	0.7103	71.9901825081	43.9921
6 0 8			0.07		2.44		22.6		0.3246	2.9234	64.163237895	5.3359
3 5 5			-0.17		2.27		27.07		0.325	1.2751	56.9624934876	133.7285
0 6 8			0.06		2.33		25.57		0.32508	0.7694	64.1950429677	5.6946
2 4 10			0.05		2.38		24.37		0.3247	0.607	57.0555982332	12.0937
6 0 2			0.05		2.43		23.27		0.32468	0.2214	55.354768557	5.4487
2 4 14			0.04		2.47		22.29		0.32451	0.5221	70.6383718296	19.4111
4 2 14			0.04		2.51		21.41		0.32435	1.2576	70.6282605877	19.9713
3 5 9			0.04		2.55		20.59		0.32408	0.4755	65.0802252419	19.5165
7 3 1			0.04		2.59		19.86		0.32405	0.5095	71.5359286583	22.1332
5 3 11			-0.23		2.36		25.7		0.32445	1.8677	70.5420870211	204.0714
2 0 16			0.04		2.4		24.72		0.32433	0.5935	67.2372591268	11.8907
3 7 1			0.03		2.44		23.92		0.32429	1.2822	71.5694631273	22.2453
4 2 0			0.02		2.45		23.52		0.32429	0.9287	40.0811891304	86.5118
2 2 10			0.03		2.49		22.76		0.324	0.6429	46.7739448495	44.8949
0 4 18			-0.09		2.39		25.07		0.3193	0.8369	84.5238780681	17.4513
6 0 10			0.03		2.43		24.28		0.31937	1.0728	69.1331306246	8.9056
5 3 7			-0.01		2.42		24.46		0.31997	0.2523	60.5057581853	5.4388
0 2 16			0.03		2.45		23.78		0.32013	1.8687	67.2407114996	13.8307
4 2 2			0.02		2.47		23.25		0.32013	0.457	40.8620305525	12.2524
1 1 15			0.02		2.49		22.74		0.32029	0.656	61.3839959686	20.6242
5 3 9			0.03		2.52		22.11		0.32026	0.4833	65.0662013285	20.8409
0 4 10			0.03		2.55		21.52		0.32031	0.9893	53.7871001638	44.1425
0 2 2			0.0		2.55		21.48		0.32028	0.4614	19.2417464495	36.8131
7 1 1			0.02		2.57		21.09		0.32027	0.5207	65.7483230412	25.2044
5 5 1			0.02		2.59		20.62		0.32026	0.5073	65.769247456	23.9531
5 5 5			-0.06		2.53		21.88		0.32033	1.5862	69.0631626084	104.8873
1 3 15			0.02		2.56		21.38		0.32023	0.2862	67.3623786269	8.1809
9 1 1			0.02		2.58		20.92		0.32023	0.8793	87.9915459652	19.6393
1 5 9			0.02		2.6		20.55		0.3201	0.4394	58.984264935	17.7365
5 1 9			0.02		2.62		20.17		0.32001	0.4583	58.9619928854	19.0838
1 1 13			-0.01		2.61		20.35		0.32067	0.3722	52.9310122384	10.9703
2 6 0			-0.21		2.4		25.78		0.32067	4.3567	58.0028534629	558.9791
0 6 2			0.02		2.42		25.3		0.32067	0.2356	55.3895592761	6.1752
3 3 15			0.01		2.43		24.97		0.32029	0.3402	73.0835579415	3.8877
2 0 10			0.02		2.45		24.55		0.32021	0.6169	42.9543880851	20.236
4 4 12			0.02		2.47		24.08		0.32026	1.9475	72.2035773977	130.2426
3 1 15			0.02		2.49		23.63		0.32017	0.2871	67.3554895111	7.7692
4 0 8			-0.13		2.36		27.12		0.32021	2.9483	47.8850437629	244.3799
1 5 1			0.01		2.37		26.76		0.3202	0.4978	46.196563203	27.3004
2 0 14			0.01		2.38		26.41		0.32017	0.2634	58.6945218607	7.3942
0 6 6			0.02		2.4		25.94		0.32017	1.0147	60.183190367	40.9583
1 3 3			0.0		2.41		25.83		0.32017	0.7045	30.3940112777	66.1614
4 0 4			0.0		2.41		25.79		0.3201	1.2165	39.0343929222	79.1487
0 6 16			0.01		2.42		25.5		0.32036	0.4825	89.3859051251	7.6515
0 2 10			0.01		2.43		25.15		0.32028	0.4317	42.9590557724	21.0204
6 0 6			0.02		2.45		24.74		0.32027	1.0815	60.1501886982	39.9969
7 3 5			-0.02		2.43		25.32		0.32031	1.0496	74.7140851895	88.0788
0 4 20			0.01		2.44		25.06		0.32024	1.027	94.1654323607	18.6345
0 4 16			0.02		2.45		24.67		0.32027	1.5557	75.7704700384	94.8658
1 7 1			0.01		2.46		24.4		0.32027	0.5219	65.7901743415	26.2984
3 3 9			0.01		2.48		24.1		0.32018	0.3816	52.4524123761	12.0632
2 2 16			0.01		2.49		23.74		0.32014	1.1693	70.1293332912	108.6018
4 2 6			0.01		2.51		23.4		0.32015	1.6049	46.7233273538	62.1975
2 6 4			0.0		2.51		23.38		0.32009	0.8772	60.3635846112	78.02
2 4 6			0.01		2.52		23.05		0.3201	0.785	46.7364348384	64.2552
3 7 3			0.0		2.52		22.99		0.32011	0.8954	72.6346668965	71.6226
6 0 0			0.01		2.53		22.74		0.32011	0.7256	54.7363985401	55.434
4 6 6			0.01		2.54		22.54		0.32006	1.1903	71.9781772466	41.9784
6 2 4			0.0		2.54		22.52		0.32	0.8727	60.3342977717	77.9073
3 3 13			-0.01		2.53		22.76		0.32059	0.5636	65.4922780779	9.1158
1 3 1			0.01		2.54		22.64		0.32059	0.5324	28.3265170018	42.1271
0 6 14			0.01		2.55		22.46		0.32059	0.9096	81.7552219026	27.2955
2 2 2			-0.04		2.5		23.45		0.3206	1.1162	26.2109248846	125.5642
2 4 2			0.01		2.51		23.24		0.3206	0.3828	40.8766170199	13.2501
2 4 0			0.01		2.52		23.12		0.3206	1.4359	40.0960076051	88.2765
0 6 0			0.01		2.53		22.91		0.3206	1.4277	54.7714555341	59.4019
4 2 8			0.0		2.53		22.85		0.3207	0.7605	51.4203212226	2.5419
5 3 1			0.01		2.54		22.68		0.32069	0.5252	53.2386121167	32.835
3 1 9			0.01		2.55		22.51		0.32059	0.36	45.2950695798	8.7768
3 5 1			0.01		2.55		22.35		0.32058	0.5283	53.2544885252	31.9012
1 1 3			0.0		2.56		22.24		0.32058	0.4514	16.9416048235	36.8187
0 4 12			0.01		2.56		22.11		0.32072	1.4889	60.4300914167	161.7651
3 3 1			0.01		2.57		21.96		0.32072	0.5106	38.1558496662	33.1617
6 4 6			0.01		2.58		21.81		0.32067	0.9247	71.9614498967	41.9809
1 3 9			0.0		2.58		21.7		0.32053	0.2622	45.3040218183	7.1674
6 0 12			-0.04		2.54		22.67		0.31924	0.5892	74.995462768	0.9301
4 4 8			-0.07		2.47		24.46		0.31926	3.9407	61.1479986878	218.5721
0 6 18			0.0		2.47		24.39		0.31876	0.7949	98.0280769063	1.8601
1 3 13			-0.01		2.46		24.53		0.31913	0.3907	59.4200243294	11.5335
2 0 2			0.0		2.47		24.47		0.31912	0.6502	19.2320929378	35.9547
1 5 13			-0.0		2.46		24.54		0.31942	1.1973	71.2966048402	12.6128
3 1 1			0.0		2.47		24.42		0.31942	0.5239	28.3131072915	41.7464
2 4 8			0.0		2.47		24.38		0.31948	0.1687	51.4325245866	2.4593
3 3 3			0.0		2.47		24.34		0.31949	0.8081	39.7679129272	70.9373
5 1 13			-0.0		2.47		24.44		0.3198	0.4567	71.2764535317	11.3258
5 1 1			0.01		2.47		24.27		0.3198	0.5346	46.1701152	26.7419