HKL Value		Reward		TotalReward	Chi Squared	Z Appr. 	Error	Two-Thetas	Sfs2
0 0 10			0.0		0.0		0.0		0.3	0.8316	38.8438017949	41.7013
3 1 13			0.0		0.0		4.46		0.28092	0.3869	59.4126405656	11.7895
2 4 4			-0.77		-0.77		19.72		0.27859	0.8182	43.1484985256	64.6996
0 0 20			0.45		-0.32		13.59		0.28042	0.4542	83.3712939521	4.3689
6 4 2			0.32		-0.0		10.3		0.28061	0.2211	67.6401768609	4.8049
5 1 5			-0.63		-0.64		28.0		0.27528	1.1901	50.2495039981	127.1383
4 2 10			0.19		-0.44		23.46		0.27907	1.1102	57.0442200735	11.3144
6 4 0			0.17		-0.28		20.11		0.27907	1.8287	67.0910631577	58.6803
4 0 12			-0.03		-0.3		20.63		0.26444	2.7435	60.4154589103	161.2613
2 2 0			-0.77		-1.07		90.53		0.26444	11.1953	25.0390113278	1035.9387
4 6 0			0.11		-0.96		81.48		0.26444	0.7863	67.1083315067	59.4729
4 6 2			0.1		-0.86		74.12		0.26445	0.2349	67.657370766	5.5969
1 1 9			0.09		-0.77		68.15		0.26409	0.2216	37.1193146943	1.1702
4 0 10			0.06		-0.71		64.25		0.26466	0.6243	53.7713327333	45.2096
7 1 3			0.01		-0.7		63.52		0.26499	1.4031	66.8553232335	91.2915
3 1 9			0.07		-0.64		59.53		0.26514	0.36	45.2950695798	8.7768
2 2 14			-0.0		-0.64		59.76		0.27755	1.0835	61.7979105177	101.9829
2 6 10			0.06		-0.58		56.25		0.27803	0.7069	72.0169435829	44.7171
6 0 6			0.03		-0.55		54.55		0.27891	1.0815	60.1501886982	39.9969
5 3 1			0.05		-0.49		51.87		0.27875	0.5252	53.2386121167	32.835
4 4 10			0.05		-0.44		49.28		0.27904	0.6886	66.23802526	47.6672
4 0 6			-0.24		-0.68		64.94		0.28148	5.3963	42.900258124	488.2208
6 2 10			0.05		-0.64		62.04		0.28081	0.7103	71.9901825081	43.9921
6 0 8			0.04		-0.59		59.45		0.28072	2.9234	64.163237895	5.3359
0 6 8			0.04		-0.55		57.09		0.28062	0.7694	64.1950429677	5.6946
2 4 10			0.04		-0.51		54.8		0.28066	0.607	57.0555982332	12.0937
0 2 12			0.03		-0.48		53.01		0.28013	0.3827	50.6142203783	17.5707
6 0 2			0.04		-0.44		51.06		0.28011	0.2214	55.354768557	5.4487
0 6 10			0.04		-0.4		49.25		0.27979	0.8527	69.1637693973	8.5049
1 7 1			0.03		-0.37		47.63		0.27972	0.5219	65.7901743415	26.2984
2 4 14			0.03		-0.33		46.11		0.28005	0.5221	70.6383718296	19.4111
4 2 14			0.03		-0.3		44.68		0.28035	1.2576	70.6282605877	19.9713
2 0 16			0.03		-0.27		43.41		0.28039	0.5935	67.2372591268	11.8907
3 5 9			0.02		-0.25		42.4		0.28035	0.4755	65.0802252419	19.5165
7 3 1			0.03		-0.22		41.15		0.28033	0.5095	71.5359286583	22.1332
3 3 3			0.0		-0.21		41.02		0.28059	0.8081	39.7679129272	70.9373
3 7 1			0.03		-0.19		39.88		0.28058	1.2822	71.5694631273	22.2453
0 2 16			0.02		-0.16		38.94		0.28061	1.8687	67.2407114996	13.8307
2 2 10			0.03		-0.14		37.93		0.28043	0.6429	46.7739448495	44.8949
1 1 15			0.02		-0.11		37.1		0.27982	0.656	61.3839959686	20.6242
6 0 10			0.03		-0.09		36.18		0.2797	1.0728	69.1331306246	8.9056
6 2 8			-0.06		-0.15		38.66		0.2785	3.3751	67.1207225085	222.106
1 3 11			-0.05		-0.2		40.69		0.27769	2.4293	52.0561920156	298.4303
4 2 2			0.02		-0.18		39.8		0.27768	0.457	40.8620305525	12.2524
0 2 0			-0.0		-0.18		39.97		0.27768	1.4407	17.6394681947	177.2483
4 4 0			-0.14		-0.32		46.33		0.27768	4.9852	51.3853572345	648.027
7 1 1			0.02		-0.3		45.36		0.27765	0.5207	65.7483230412	25.2044
5 3 9			0.02		-0.28		44.63		0.27765	0.4833	65.0662013285	20.8409
0 4 10			0.02		-0.26		43.7		0.27772	0.9893	53.7871001638	44.1425
4 2 6			0.0		-0.26		43.63		0.27798	1.6049	46.7233273538	62.1975
1 3 15			0.02		-0.24		42.82		0.27858	0.2862	67.3623786269	8.1809
5 5 1			0.02		-0.22		41.98		0.27858	0.5073	65.769247456	23.9531
9 1 1			0.02		-0.2		41.17		0.27858	0.8793	87.9915459652	19.6393
5 1 9			0.01		-0.19		40.61		0.27857	0.4583	58.9619928854	19.0838
1 3 7			-0.12		-0.31		46.01		0.27528	0.1893	39.2755843192	5.3372
2 2 2			-0.02		-0.33		47.08		0.27528	1.1162	26.2109248846	125.5642
2 0 10			0.01		-0.31		46.38		0.27572	0.6169	42.9543880851	20.236
0 6 2			0.02		-0.3		45.58		0.27572	0.2356	55.3895592761	6.1752
1 3 9			0.02		-0.28		44.81		0.27573	0.2622	45.3040218183	7.1674
1 5 1			0.02		-0.26		44.1		0.2757	0.4978	46.196563203	27.3004
3 7 3			0.0		-0.26		43.99		0.27593	0.8954	72.6346668965	71.6226
4 0 14			0.0		-0.26		43.98		0.27711	1.986	67.7459682929	124.3248
3 1 15			0.01		-0.25		43.36		0.27792	0.2871	67.3554895111	7.7692
0 6 6			0.01		-0.24		43.1		0.27805	1.0147	60.183190367	40.9583
2 0 14			0.02		-0.22		42.43		0.27811	0.2634	58.6945218607	7.3942
0 6 16			0.02		-0.21		41.8		0.27816	0.4825	89.3859051251	7.6515
3 3 13			0.01		-0.19		41.22		0.27827	0.5636	65.4922780779	9.1158
0 2 10			0.01		-0.18		40.68		0.27851	0.4317	42.9590557724	21.0204
0 4 16			-0.01		-0.19		40.91		0.27826	1.5557	75.7704700384	94.8658
3 3 7			-0.06		-0.25		43.61		0.25989	0.1558	47.1418707618	3.5073
0 2 14			0.01		-0.23		42.99		0.25994	0.2479	58.6982494177	6.3292
1 5 9			0.01		-0.22		42.54		0.25991	0.4394	58.984264935	17.7365
0 4 20			0.01		-0.21		42.06		0.26044	1.027	94.1654323607	18.6345
7 3 3			-0.0		-0.21		42.09		0.26049	1.9283	72.601334037	69.5466
2 6 4			0.01		-0.2		41.58		0.26051	0.8772	60.3635846112	78.02
2 0 6			-0.02		-0.22		42.35		0.26055	1.6278	29.1406672869	128.8477
3 3 9			0.01		-0.21		41.89		0.26055	0.3816	52.4524123761	12.0632
2 2 16			0.01		-0.2		41.39		0.26037	1.1693	70.1293332912	108.6018
5 5 3			-0.0		-0.2		41.43		0.26041	0.8107	66.8760743485	64.1048
2 4 6			-0.0		-0.2		41.53		0.26041	0.785	46.7364348384	64.2552
4 2 8			0.01		-0.19		41.07		0.2605	0.7605	51.4203212226	2.5419
1 3 1			0.01		-0.18		40.62		0.26049	0.5324	28.3265170018	42.1271
4 4 12			0.01		-0.16		40.13		0.26051	1.9475	72.2035773977	130.2426
2 4 0			0.01		-0.16		39.81		0.26051	1.4359	40.0960076051	88.2765
6 0 0			0.01		-0.15		39.39		0.26051	0.7256	54.7363985401	55.434
7 3 5			-0.0		-0.15		39.44		0.2604	1.0496	74.7140851895	88.0788
3 3 1			0.01		-0.14		39.0		0.2604	0.5106	38.1558496662	33.1617
0 6 0			0.01		-0.13		38.62		0.2604	1.4277	54.7714555341	59.4019
2 2 6			-0.12		-0.25		44.01		0.26048	8.3224	34.2684003079	615.2447
0 6 14			0.01		-0.24		43.7		0.2604	0.9096	81.7552219026	27.2955
5 3 3			-0.0		-0.25		43.9		0.26044	0.9351	54.4936931553	89.9375
3 3 15			-0.01		-0.25		44.12		0.25947	0.3402	73.0835579415	3.8877
2 4 2			0.01		-0.24		43.66		0.25947	0.3828	40.8766170199	13.2501
1 1 3			0.0		-0.24		43.48		0.25947	0.4514	16.9416048235	36.8187
0 4 12			0.01		-0.23		43.07		0.25937	1.4889	60.4300914167	161.7651
3 7 5			-0.0		-0.23		43.08		0.25926	1.0548	74.7470539899	89.5814
3 5 1			0.01		-0.22		42.64		0.25926	0.5283	53.2544885252	31.9012
0 6 18			0.01		-0.21		42.2		0.25922	0.7949	98.0280769063	1.8601
5 1 3			-0.0		-0.21		42.33		0.25925	0.9592	47.5591860667	88.1873
6 4 6			0.0		-0.21		42.19		0.25928	0.9247	71.9614498967	41.9809
0 0 4			0.01		-0.2		41.82		0.25929	0.8482	15.2869714585	59.1035
2 6 6			-0.05		-0.25		44.19		0.25934	5.383	63.2392339525	346.2148