HKL Value		Reward		TotalReward	Chi Squared	Z Appr. 	Error	Two-Thetas	Sfs2
0 0 10			0.0		0.0		0.0		0.3	0.8316	38.8438017949	41.7013
0 0 20			0.0		0.0		1.46		0.32039	0.4542	83.3712939521	4.3689
3 3 9			-0.34		-0.34		2.21		0.31775	0.3816	52.4524123761	12.0632
6 4 2			0.36		0.02		1.62		0.31769	0.2211	67.6401768609	4.8049
4 6 6			-0.39		-0.37		2.67		0.31684	1.1903	71.9781772466	41.9784
4 2 10			0.17		-0.2		2.28		0.31738	1.1102	57.0442200735	11.3144
3 3 11			-0.94		-1.14		36.89		0.31726	2.1204	58.6030846927	249.5822
6 4 0			0.17		-0.97		31.63		0.31726	1.8287	67.0910631577	58.6803
2 6 0			-0.49		-1.46		62.12		0.31726	4.3567	58.0028534629	558.9791
2 0 2			0.08		-1.38		57.3		0.31708	0.6502	19.2320929378	35.9547
4 6 0			0.11		-1.27		51.58		0.31708	0.7863	67.1083315067	59.4729
4 6 2			0.1		-1.17		46.95		0.31703	0.2349	67.657370766	5.5969
4 0 10			0.09		-1.08		43.22		0.31809	0.6243	53.7713327333	45.2096
2 6 10			0.08		-1.0		40.0		0.31891	0.7069	72.0169435829	44.7171
4 4 10			0.08		-0.92		37.16		0.31918	0.6886	66.23802526	47.6672
6 2 10			0.07		-0.85		34.74		0.31964	0.7103	71.9901825081	43.9921
0 6 16			0.05		-0.8		33.05		0.32138	0.4825	89.3859051251	7.6515
6 0 8			0.06		-0.74		31.18		0.32153	2.9234	64.163237895	5.3359
0 6 8			0.06		-0.69		29.51		0.32166	0.7694	64.1950429677	5.6946
2 4 10			0.05		-0.63		27.99		0.32146	0.607	57.0555982332	12.0937
7 1 3			0.01		-0.63		27.79		0.32153	1.4031	66.8553232335	91.2915
6 0 2			0.05		-0.58		26.58		0.32152	0.2214	55.354768557	5.4487
0 6 10			0.05		-0.53		25.37		0.32154	0.8527	69.1637693973	8.5049
2 4 14			0.04		-0.49		24.36		0.32154	0.5221	70.6383718296	19.4111
4 2 14			0.04		-0.45		23.44		0.32153	1.2576	70.6282605877	19.9713
2 0 16			0.04		-0.41		22.55		0.32192	0.5935	67.2372591268	11.8907
3 5 9			0.04		-0.37		21.73		0.32177	0.4755	65.0802252419	19.5165
1 1 17			-0.23		-0.61		28.3		0.32149	2.447	70.2810461715	248.4175
2 6 4			0.01		-0.6		28.11		0.32117	0.8772	60.3635846112	78.02
7 3 1			0.03		-0.57		27.23		0.32114	0.5095	71.5359286583	22.1332
3 7 1			0.03		-0.54		26.42		0.32111	1.2822	71.5694631273	22.2453
0 2 16			0.03		-0.5		25.59		0.32138	1.8687	67.2407114996	13.8307
2 2 10			0.03		-0.47		24.79		0.32135	0.6429	46.7739448495	44.8949
4 2 4			-0.03		-0.5		25.58		0.32136	0.7624	43.1345383828	64.2766
6 0 10			0.03		-0.47		24.83		0.32136	1.0728	69.1331306246	8.9056
6 0 4			-0.01		-0.48		25.04		0.32136	0.7069	57.1830782131	42.6751
4 2 2			0.02		-0.46		24.5		0.32134	0.457	40.8620305525	12.2524
1 1 15			0.02		-0.44		23.93		0.32166	0.656	61.3839959686	20.6242
7 1 1			0.02		-0.42		23.47		0.32164	0.5207	65.7483230412	25.2044
5 3 9			0.03		-0.39		22.88		0.32156	0.4833	65.0662013285	20.8409
0 4 10			0.03		-0.36		22.31		0.32156	0.9893	53.7871001638	44.1425
5 5 5			-0.05		-0.42		23.51		0.32171	1.5862	69.0631626084	104.8873
3 1 1			0.01		-0.4		23.27		0.32168	0.5239	28.3131072915	41.7464
5 5 1			0.02		-0.38		22.79		0.32166	0.5073	65.769247456	23.9531
1 3 15			0.02		-0.36		22.33		0.32126	0.2862	67.3623786269	8.1809
9 1 1			0.02		-0.34		21.87		0.32125	0.8793	87.9915459652	19.6393
0 2 18			-0.01		-0.35		22.06		0.31922	0.3755	76.3208597895	3.7538
1 7 1			0.02		-0.34		21.74		0.31921	0.5219	65.7901743415	26.2984
5 1 9			0.02		-0.32		21.33		0.3191	0.4583	58.9619928854	19.0838
2 0 10			0.02		-0.3		20.95		0.319	0.6169	42.9543880851	20.236
0 6 2			0.02		-0.28		20.59		0.319	0.2356	55.3895592761	6.1752
1 5 1			0.01		-0.27		20.33		0.31898	0.4978	46.196563203	27.3004
3 1 15			0.02		-0.25		19.94		0.31895	0.2871	67.3554895111	7.7692
1 7 3			-0.0		-0.25		20.01		0.31897	0.9932	66.8968211493	90.2271
0 6 6			0.02		-0.23		19.64		0.31896	1.0147	60.183190367	40.9583
2 6 2			-0.07		-0.3		21.14		0.31899	1.2892	58.5985395934	134.3564
4 6 4			-0.0		-0.31		21.2		0.31899	1.0731	69.291881243	33.3045
2 0 14			0.01		-0.29		20.94		0.31891	0.2634	58.6945218607	7.3942
0 2 10			0.02		-0.28		20.63		0.31881	0.4317	42.9590557724	21.0204
1 5 9			0.01		-0.27		20.33		0.31869	0.4394	58.984264935	17.7365
2 4 2			0.01		-0.25		20.1		0.31867	0.3828	40.8766170199	13.2501
0 4 16			0.02		-0.24		19.79		0.31878	1.5557	75.7704700384	94.8658
2 4 6			0.02		-0.22		19.49		0.3188	0.785	46.7364348384	64.2552
1 1 7			-0.02		-0.24		19.8		0.31943	0.2012	29.7561292971	6.5386
0 4 20			0.01		-0.23		19.62		0.31931	1.027	94.1654323607	18.6345
6 0 6			0.02		-0.21		19.32		0.3193	1.0815	60.1501886982	39.9969
5 1 5			-0.06		-0.27		20.54		0.31934	1.1901	50.2495039981	127.1383
3 5 1			0.01		-0.26		20.36		0.31933	0.5283	53.2544885252	31.9012
2 2 16			0.01		-0.25		20.06		0.31931	1.1693	70.1293332912	108.6018
4 2 8			0.0		-0.25		20.05		0.31946	0.7605	51.4203212226	2.5419
1 3 1			0.0		-0.24		19.96		0.31944	0.5324	28.3265170018	42.1271
6 2 2			-0.06		-0.3		21.12		0.31947	3.3001	58.5687226088	135.1206
3 5 11			-0.09		-0.39		23.2		0.31949	1.8915	70.5555824797	206.4699
4 4 12			0.01		-0.38		22.9		0.31957	1.9475	72.2035773977	130.2426
3 1 7			-0.01		-0.38		23.05		0.32006	0.257	39.2655360855	5.205
3 3 15			0.01		-0.37		22.83		0.31976	0.3402	73.0835579415	3.8877
4 2 6			0.01		-0.36		22.54		0.31977	1.6049	46.7233273538	62.1975
2 4 0			0.01		-0.35		22.43		0.31977	1.4359	40.0960076051	88.2765
6 0 0			0.01		-0.34		22.2		0.31977	0.7256	54.7363985401	55.434
0 6 0			0.01		-0.34		22.0		0.31977	1.4277	54.7714555341	59.4019
0 6 14			0.01		-0.33		21.84		0.31979	0.9096	81.7552219026	27.2955
5 3 1			0.01		-0.32		21.68		0.31978	0.5252	53.2386121167	32.835
1 1 3			0.0		-0.32		21.57		0.31978	0.4514	16.9416048235	36.8187
3 3 1			0.01		-0.31		21.41		0.31978	0.5106	38.1558496662	33.1617
7 3 5			-0.02		-0.33		21.89		0.31981	1.0496	74.7140851895	88.0788
0 4 12			0.0		-0.32		21.78		0.32	1.4889	60.4300914167	161.7651
3 1 9			0.01		-0.32		21.61		0.31988	0.36	45.2950695798	8.7768
0 0 2			-0.03		-0.35		22.29		0.31988	1.161	7.62646333295	98.931
4 4 0			-0.13		-0.48		25.74		0.31988	4.9852	51.3853572345	648.027
0 0 8			-0.06		-0.54		27.25		0.31988	2.1948	30.8548203523	183.9052