HKL Value		Reward		TotalReward	Chi Squared	Z Appr. 	Error	Two-Thetas	Sfs2
0 6 8			0.0		0.0		0.0		0.3	0.7694	64.1950429677	5.6946
2 2 10			0.0		0.0		2.26		0.27813	0.6429	46.7739448495	44.8949
0 0 10			0.99		0.99		1.14		0.27834	0.8316	38.8438017949	41.7013
0 0 20			-0.11		0.88		1.28		0.27879	0.4542	83.3712939521	4.3689
6 4 2			0.18		1.06		1.08		0.27887	0.2211	67.6401768609	4.8049
4 2 10			0.2		1.26		0.9		0.27938	1.1102	57.0442200735	11.3144
6 4 0			0.2		1.46		0.75		0.27938	1.8287	67.0910631577	58.6803
4 0 12			-0.91		0.55		8.36		0.26668	2.7435	60.4154589103	161.2613
3 7 1			0.14		0.69		7.32		0.26668	1.2822	71.5694631273	22.2453
4 6 0			0.12		0.81		6.51		0.26668	0.7863	67.1083315067	59.4729
5 5 1			0.11		0.92		5.86		0.26668	0.5073	65.769247456	23.9531
4 6 2			0.09		1.02		5.37		0.26673	0.2349	67.657370766	5.5969
4 0 10			-0.07		0.94		5.8		0.27238	0.6243	53.7713327333	45.2096
2 2 0			-0.9		0.05		55.34		0.27238	11.1953	25.0390113278	1035.9387
3 1 9			0.07		0.12		51.53		0.27285	0.36	45.2950695798	8.7768
0 6 4			0.05		0.17		48.9		0.27172	0.6675	57.2171401797	42.9768
2 6 10			0.06		0.24		46.07		0.27437	0.7069	72.0169435829	44.7171
4 4 10			0.06		0.29		43.54		0.2757	0.6886	66.23802526	47.6672
0 4 18			-0.06		0.23		46.35		0.26259	0.8369	84.5238780681	17.4513
6 0 8			0.05		0.29		44.04		0.26269	2.9234	64.163237895	5.3359
6 2 10			0.03		0.32		42.77		0.26286	0.7103	71.9901825081	43.9921
2 4 10			0.04		0.36		41.07		0.26284	0.607	57.0555982332	12.0937
6 0 2			0.05		0.4		39.21		0.26284	0.2214	55.354768557	5.4487
0 2 16			0.04		0.45		37.56		0.26271	1.8687	67.2407114996	13.8307
2 4 14			0.03		0.48		36.44		0.26258	0.5221	70.6383718296	19.4111
4 2 14			0.03		0.51		35.41		0.26244	1.2576	70.6282605877	19.9713
0 6 10			0.03		0.54		34.22		0.26242	0.8527	69.1637693973	8.5049
5 3 5			-0.05		0.49		36.12		0.26224	2.2247	56.9473208346	134.0256
3 5 9			0.02		0.51		35.29		0.26225	0.4755	65.0802252419	19.5165
2 0 16			0.04		0.55		34.08		0.26219	0.5935	67.2372591268	11.8907
5 5 3			-0.01		0.54		34.38		0.26225	0.8107	66.8760743485	64.1048
7 3 1			0.03		0.57		33.27		0.26225	0.5095	71.5359286583	22.1332
4 2 2			0.03		0.6		32.29		0.26224	0.457	40.8620305525	12.2524
6 0 10			0.03		0.63		31.45		0.26222	1.0728	69.1331306246	8.9056
1 1 15			0.03		0.66		30.54		0.26218	0.656	61.3839959686	20.6242
7 1 1			0.03		0.69		29.69		0.26218	0.5207	65.7483230412	25.2044
5 3 11			-0.04		0.65		30.77		0.26258	1.8677	70.5420870211	204.0714
6 4 4			0.02		0.68		30.13		0.26256	0.6669	69.2748711385	33.991
1 3 15			-0.0		0.67		30.24		0.26194	0.2862	67.3623786269	8.1809
5 3 9			0.01		0.69		29.83		0.26195	0.4833	65.0662013285	20.8409
9 1 1			0.03		0.71		29.09		0.26195	0.8793	87.9915459652	19.6393
4 4 2			-0.06		0.65		30.99		0.26196	1.2125	52.0311030722	128.6454
5 1 9			0.01		0.66		30.55		0.26194	0.4583	58.9619928854	19.0838
0 4 10			0.01		0.67		30.3		0.2621	0.9893	53.7871001638	44.1425
2 0 10			0.01		0.69		29.91		0.26207	0.6169	42.9543880851	20.236
1 5 1			0.02		0.71		29.27		0.26205	0.4978	46.196563203	27.3004
0 6 6			-0.0		0.71		29.3		0.26205	1.0147	60.183190367	40.9583
0 6 2			0.02		0.73		28.69		0.26206	0.2356	55.3895592761	6.1752
2 6 4			0.02		0.75		28.17		0.26209	0.8772	60.3635846112	78.02
0 4 16			0.02		0.76		27.66		0.26182	1.5557	75.7704700384	94.8658
4 4 12			0.02		0.78		27.11		0.2618	1.9475	72.2035773977	130.2426
1 5 9			0.01		0.8		26.8		0.26178	0.4394	58.984264935	17.7365
0 2 10			0.01		0.81		26.55		0.26175	0.4317	42.9590557724	21.0204
0 6 16			0.02		0.82		26.05		0.26182	0.4825	89.3859051251	7.6515
2 0 14			0.02		0.84		25.57		0.26178	0.2634	58.6945218607	7.3942
0 4 20			0.02		0.86		25.14		0.262	1.027	94.1654323607	18.6345
3 1 15			-0.01		0.85		25.3		0.26151	0.2871	67.3554895111	7.7692
3 5 11			-0.03		0.82		26.14		0.26183	1.8915	70.5555824797	206.4699
2 2 16			0.01		0.83		25.81		0.26158	1.1693	70.1293332912	108.6018
6 0 6			-0.0		0.83		25.87		0.26158	1.0815	60.1501886982	39.9969
3 5 1			0.02		0.85		25.47		0.26157	0.5283	53.2544885252	31.9012
3 3 9			0.01		0.86		25.17		0.26158	0.3816	52.4524123761	12.0632
4 2 8			0.01		0.87		24.83		0.26166	0.7605	51.4203212226	2.5419
1 3 1			0.01		0.89		24.51		0.26164	0.5324	28.3265170018	42.1271
1 7 1			0.02		0.9		24.14		0.26164	0.5219	65.7901743415	26.2984
2 4 6			-0.02		0.89		24.53		0.26165	0.785	46.7364348384	64.2552
4 2 6			-0.01		0.87		24.88		0.26167	1.6049	46.7233273538	62.1975
2 4 0			0.01		0.88		24.71		0.26167	1.4359	40.0960076051	88.2765
3 3 1			0.01		0.89		24.37		0.26166	0.5106	38.1558496662	33.1617
2 4 2			0.01		0.91		24.05		0.26166	0.3828	40.8766170199	13.2501
6 4 6			-0.0		0.9		24.11		0.26168	0.9247	71.9614498967	41.9809
6 0 0			0.01		0.92		23.84		0.26168	0.7256	54.7363985401	55.434
3 3 15			-0.03		0.88		24.6		0.26073	0.3402	73.0835579415	3.8877
4 0 14			-0.04		0.84		25.61		0.26088	1.986	67.7459682929	124.3248
0 6 0			0.01		0.85		25.35		0.26088	1.4277	54.7714555341	59.4019
1 1 3			-0.0		0.85		25.37		0.26088	0.4514	16.9416048235	36.8187
0 6 14			0.0		0.86		25.25		0.2608	0.9096	81.7552219026	27.2955
0 4 12			0.01		0.87		25.02		0.26065	1.4889	60.4300914167	161.7651
5 3 1			0.01		0.88		24.72		0.26065	0.5252	53.2386121167	32.835
1 3 13			0.01		0.89		24.47		0.26061	0.3907	59.4200243294	11.5335
6 2 4			0.01		0.9		24.22		0.26062	0.8727	60.3342977717	77.9073
3 1 1			0.01		0.91		23.97		0.26061	0.5239	28.3131072915	41.7464
1 3 9			0.01		0.92		23.73		0.26062	0.2622	45.3040218183	7.1674
1 5 13			0.01		0.93		23.51		0.26059	1.1973	71.2966048402	12.6128
2 0 2			0.01		0.94		23.36		0.26058	0.6502	19.2320929378	35.9547
1 3 5			-0.05		0.89		24.6		0.26045	3.1323	34.189462707	190.138
5 1 1			0.01		0.9		24.33		0.26044	0.5346	46.1701152	26.7419
3 3 13			0.01		0.91		24.09		0.2604	0.5636	65.4922780779	9.1158
3 3 3			-0.01		0.9		24.35		0.26044	0.8081	39.7679129272	70.9373
2 4 8			0.01		0.91		24.14		0.26052	0.1687	51.4325245866	2.4593
1 5 7			-0.04		0.87		25.07		0.2596	0.6035	54.1236034243	4.2528
2 2 12			0.0		0.87		24.96		0.25943	1.9766	54.0147953295	208.0279
1 1 13			0.01		0.88		24.74		0.25939	0.3722	52.9310122384	10.9703
5 1 13			0.01		0.89		24.52		0.25935	0.4567	71.2764535317	11.3258
0 2 14			0.01		0.9		24.27		0.25939	0.2479	58.6982494177	6.3292
1 1 1			0.01		0.91		24.08		0.25938	0.5749	13.0194761966	56.7652
0 4 6			-0.14		0.77		28.07		0.25943	3.7688	42.9189471786	481.9509
7 1 7			-0.02		0.75		28.63		0.25874	0.3505	72.2660298289	5.0526
2 0 12			-0.0		0.74		28.75		0.25916	0.8079	50.6101057273	16.6151