HKL Value		Reward		TotalReward	Chi Squared	Z Appr. 	Error	Two-Thetas	Sfs2
0 0 10			0.0		0.0		0.0		0.3	0.8316	38.8438017949	41.7013
0 0 20			0.0		0.0		1.46		0.32039	0.4542	83.3712939521	4.3689
6 4 2			0.44		0.44		1.02		0.32015	0.2211	67.6401768609	4.8049
4 2 10			0.48		0.92		0.68		0.31984	1.1102	57.0442200735	11.3144
6 2 4			-0.88		0.04		5.63		0.31813	0.8727	60.3342977717	77.9073
6 4 0			0.25		0.29		4.51		0.31813	1.8287	67.0910631577	58.6803
4 6 0			0.2		0.49		3.76		0.31813	0.7863	67.1083315067	59.4729
4 0 10			0.12		0.6		3.37		0.31919	0.6243	53.7713327333	45.2096
4 6 2			0.1		0.71		3.06		0.31912	0.2349	67.657370766	5.5969
2 6 10			0.1		0.8		2.79		0.31978	0.7069	72.0169435829	44.7171
4 2 12			-0.44		0.37		4.96		0.3161	0.2244	63.468523569	4.7972
4 4 6			-0.75		-0.38		19.84		0.3168	4.3817	57.0116572758	400.3855
4 4 10			0.08		-0.3		18.33		0.31711	0.6886	66.23802526	47.6672
6 2 10			0.07		-0.23		17.16		0.31753	0.7103	71.9901825081	43.9921
6 0 8			0.06		-0.17		16.12		0.31761	2.9234	64.163237895	5.3359
0 4 16			0.06		-0.11		15.2		0.31792	1.5557	75.7704700384	94.8658
0 6 8			0.06		-0.05		14.38		0.318	0.7694	64.1950429677	5.6946
2 4 10			0.06		0.01		13.54		0.31806	0.607	57.0555982332	12.0937
4 4 4			-0.03		-0.02		13.99		0.31781	0.8476	53.9354251327	76.9211
0 6 10			0.05		0.03		13.36		0.3181	0.8527	69.1637693973	8.5049
6 0 2			0.04		0.07		12.8		0.31809	0.2214	55.354768557	5.4487
2 4 14			0.04		0.11		12.31		0.31817	0.5221	70.6383718296	19.4111
2 2 12			-0.07		0.04		13.2		0.31909	1.9766	54.0147953295	208.0279
4 2 14			0.04		0.08		12.74		0.31915	1.2576	70.6282605877	19.9713
2 0 16			0.02		0.1		12.44		0.31966	0.5935	67.2372591268	11.8907
6 0 12			-0.16		-0.05		14.76		0.31662	0.5892	74.995462768	0.9301
3 5 9			0.04		-0.02		14.2		0.31664	0.4755	65.0802252419	19.5165
4 0 8			-0.34		-0.35		21.44		0.31667	2.9483	47.8850437629	244.3799
7 3 1			0.03		-0.32		20.76		0.31667	0.5095	71.5359286583	22.1332
0 0 4			0.01		-0.31		20.61		0.31655	0.8482	15.2869714585	59.1035
3 7 1			0.03		-0.28		20.01		0.31654	1.2822	71.5694631273	22.2453
0 4 20			0.03		-0.26		19.47		0.31632	1.027	94.1654323607	18.6345
2 2 10			0.03		-0.23		18.96		0.3165	0.6429	46.7739448495	44.8949
6 0 10			0.03		-0.2		18.49		0.31669	1.0728	69.1331306246	8.9056
0 2 16			0.02		-0.19		18.19		0.31694	1.8687	67.2407114996	13.8307
0 4 10			0.02		-0.16		17.77		0.31712	0.9893	53.7871001638	44.1425
4 2 2			0.02		-0.14		17.42		0.31711	0.457	40.8620305525	12.2524
5 3 9			0.03		-0.12		16.96		0.31713	0.4833	65.0662013285	20.8409
2 0 4			-0.1		-0.22		18.9		0.31714	1.3874	23.4143586184	109.347
6 4 6			0.02		-0.2		18.56		0.31705	0.9247	71.9614498967	41.9809
6 4 4			-0.01		-0.21		18.72		0.31705	0.6669	69.2748711385	33.991
1 1 15			0.01		-0.2		18.51		0.31721	0.656	61.3839959686	20.6242
5 5 1			0.02		-0.18		18.12		0.31721	0.5073	65.769247456	23.9531
7 1 1			0.02		-0.16		17.83		0.31719	0.5207	65.7483230412	25.2044
1 3 15			0.02		-0.14		17.43		0.31726	0.2862	67.3623786269	8.1809
0 6 2			0.02		-0.12		17.1		0.31726	0.2356	55.3895592761	6.1752
9 1 1			0.02		-0.1		16.76		0.31724	0.8793	87.9915459652	19.6393
5 1 9			0.02		-0.08		16.43		0.31718	0.4583	58.9619928854	19.0838
2 0 10			0.02		-0.06		16.11		0.31711	0.6169	42.9543880851	20.236
3 1 13			-0.04		-0.1		16.76		0.31806	0.3869	59.4126405656	11.7895
0 4 0			-0.37		-0.46		26.52		0.31806	6.137	35.7152072575	818.959
2 0 14			0.02		-0.45		26.11		0.31796	0.2634	58.6945218607	7.3942
3 1 15			0.02		-0.43		25.61		0.31798	0.2871	67.3554895111	7.7692
0 6 6			0.02		-0.41		25.13		0.31797	1.0147	60.183190367	40.9583
2 6 2			-0.05		-0.46		26.56		0.318	1.2892	58.5985395934	134.3564
0 6 16			0.01		-0.46		26.38		0.31841	0.4825	89.3859051251	7.6515
1 3 11			-0.13		-0.59		30.45		0.31841	2.4293	52.0561920156	298.4303
1 5 1			0.01		-0.58		30.05		0.31841	0.4978	46.196563203	27.3004
1 5 9			0.02		-0.56		29.57		0.31832	0.4394	58.984264935	17.7365
0 2 10			0.02		-0.54		29.11		0.31823	0.4317	42.9590557724	21.0204
2 4 4			-0.01		-0.56		29.48		0.31823	0.8182	43.1484985256	64.6996
6 0 6			0.02		-0.54		29.0		0.31822	1.0815	60.1501886982	39.9969
3 3 9			0.02		-0.53		28.57		0.31813	0.3816	52.4524123761	12.0632
2 2 16			0.02		-0.51		28.12		0.31814	1.1693	70.1293332912	108.6018
3 3 7			-0.02		-0.53		28.63		0.31892	0.1558	47.1418707618	3.5073
4 0 2			-0.04		-0.57		29.83		0.31894	1.7854	36.5531212028	138.5255
3 3 15			0.01		-0.55		29.43		0.31875	0.3402	73.0835579415	3.8877
1 7 1			0.01		-0.54		29.09		0.31874	0.5219	65.7901743415	26.2984
4 2 6			0.01		-0.53		28.67		0.31875	1.6049	46.7233273538	62.1975
4 4 12			0.01		-0.51		28.28		0.31883	1.9475	72.2035773977	130.2426
6 0 0			0.01		-0.5		27.95		0.31883	0.7256	54.7363985401	55.434
2 4 6			0.01		-0.49		27.57		0.31885	0.785	46.7364348384	64.2552
1 3 1			0.01		-0.48		27.37		0.31884	0.5324	28.3265170018	42.1271
1 5 11			-0.07		-0.55		29.36		0.31884	1.8219	64.7342781598	204.7444
2 2 14			-0.02		-0.57		30.1		0.31885	1.0835	61.7979105177	101.9829
0 6 0			0.01		-0.56		29.79		0.31885	1.4277	54.7714555341	59.4019
0 6 14			0.01		-0.55		29.52		0.31887	0.9096	81.7552219026	27.2955
2 4 2			0.01		-0.54		29.21		0.31887	0.3828	40.8766170199	13.2501
5 3 1			0.01		-0.53		28.95		0.31886	0.5252	53.2386121167	32.835
0 0 8			-0.05		-0.59		30.61		0.31886	2.1948	30.8548203523	183.9052
4 2 8			0.0		-0.58		30.48		0.31897	0.7605	51.4203212226	2.5419
1 1 1			0.01		-0.58		30.31		0.31896	0.5749	13.0194761966	56.7652
3 1 9			0.01		-0.57		30.01		0.31885	0.36	45.2950695798	8.7768
3 3 1			0.01		-0.56		29.75		0.31884	0.5106	38.1558496662	33.1617
0 0 12			-0.01		-0.57		30.04		0.31919	3.2426	47.0346015839	274.3783
3 5 1			0.01		-0.56		29.78		0.31917	0.5283	53.2544885252	31.9012
2 4 0			0.01		-0.55		29.6		0.31917	1.4359	40.0960076051	88.2765
1 3 9			0.01		-0.55		29.36		0.31903	0.2622	45.3040218183	7.1674
1 1 3			0.01		-0.54		29.18		0.31904	0.4514	16.9416048235	36.8187
3 1 1			0.01		-0.53		29.0		0.31903	0.5239	28.3131072915	41.7464
2 2 2			-0.03		-0.56		29.79		0.31904	1.1162	26.2109248846	125.5642
2 4 8			0.0		-0.56		29.69		0.31915	0.1687	51.4325245866	2.4593
1 3 13			-0.0		-0.56		29.74		0.31967	0.3907	59.4200243294	11.5335
1 5 13			0.0		-0.56		29.7		0.32009	1.1973	71.2966048402	12.6128
0 4 12			0.01		-0.55		29.52		0.32024	1.4889	60.4300914167	161.7651
0 2 2			0.0		-0.55		29.42		0.32023	0.4614	19.2417464495	36.8131
5 1 13			0.0		-0.55		29.4		0.32065	0.4567	71.2764535317	11.3258
3 3 11			-0.06		-0.61		31.26		0.32067	2.1204	58.6030846927	249.5822
3 3 13			-0.0		-0.61		31.3		0.32114	0.5636	65.4922780779	9.1158
5 1 1			0.01		-0.6		31.05		0.32113	0.5346	46.1701152	26.7419
5 1 11			-0.04		-0.64		32.45		0.32115	3.2753	64.7131722767	203.727
1 1 13			0.0		-0.64		32.35		0.32148	0.3722	52.9310122384	10.9703