HKL Value		Reward		TotalReward	Chi Squared	Z Appr. 	Error	Two-Thetas	Sfs2
0 0 10			0.0		0.0		0.0		0.3	0.8316	38.8438017949	41.7013
0 0 20			0.0		0.0		1.46		0.32039	0.4542	83.3712939521	4.3689
6 4 2			0.44		0.44		1.02		0.32015	0.2211	67.6401768609	4.8049
4 2 10			0.48		0.92		0.68		0.31984	1.1102	57.0442200735	11.3144
2 4 12			-0.87		0.05		5.25		0.31535	0.2205	63.4791913795	4.8908
6 4 0			0.25		0.3		4.2		0.31535	1.8287	67.0910631577	58.6803
4 6 0			0.2		0.5		3.51		0.31535	0.7863	67.1083315067	59.4729
0 6 6			0.17		0.66		3.01		0.31536	1.0147	60.183190367	40.9583
3 7 1			0.03		0.69		2.93		0.31533	1.2822	71.5694631273	22.2453
4 6 2			0.1		0.79		2.67		0.31532	0.2349	67.657370766	5.5969
4 0 10			-0.08		0.7		2.92		0.31587	0.6243	53.7713327333	45.2096
2 6 10			-0.05		0.65		3.07		0.3164	0.7069	72.0169435829	44.7171
4 4 10			0.03		0.68		2.98		0.31674	0.6886	66.23802526	47.6672
0 6 8			0.02		0.7		2.94		0.31681	0.7694	64.1950429677	5.6946
6 0 8			0.0		0.7		2.93		0.31689	2.9234	64.163237895	5.3359
6 2 10			-0.01		0.69		2.96		0.31734	0.7103	71.9901825081	43.9921
2 4 10			0.06		0.75		2.8		0.31745	0.607	57.0555982332	12.0937
6 0 2			0.02		0.76		2.76		0.31743	0.2214	55.354768557	5.4487
2 4 14			-0.0		0.76		2.76		0.31756	0.5221	70.6383718296	19.4111
1 5 5			-0.65		0.11		7.93		0.31766	1.8923	50.2743192378	127.3636
1 3 7			-0.17		-0.06		9.59		0.31934	0.1893	39.2755843192	5.3372