HKL Value		Reward		TotalReward	Chi Squared	Z Appr. 	Error	Two-Thetas	Sfs2
0 0 10			0.0		0.0		0.0		0.3	0.8316	38.8438017949	41.7013
1 5 1			0.0		0.0		0.1		0.22157	0.4978	46.196563203	27.3004
0 4 20			-0.97		-0.97		3.83		0.21646	1.027	94.1654323607	18.6345
0 0 20			0.5		-0.48		2.56		0.21673	0.4542	83.3712939521	4.3689
6 4 2			0.28		-0.2		2.0		0.2167	0.2211	67.6401768609	4.8049
4 2 10			0.14		-0.06		1.75		0.21737	1.1102	57.0442200735	11.3144
6 4 0			0.2		0.14		1.46		0.21738	1.8287	67.0910631577	58.6803
4 6 0			0.16		0.3		1.26		0.21738	0.7863	67.1083315067	59.4729
4 0 10			-0.03		0.27		1.3		0.21877	0.6243	53.7713327333	45.2096
4 6 2			0.11		0.38		1.17		0.21876	0.2349	67.657370766	5.5969
4 2 4			-0.74		-0.36		4.58		0.21969	0.7624	43.1345383828	64.2766
2 6 10			0.09		-0.27		4.19		0.22039	0.7069	72.0169435829	44.7171
1 3 7			0.06		-0.21		3.96		0.22048	0.1893	39.2755843192	5.3372
4 4 10			0.08		-0.13		3.66		0.22042	0.6886	66.23802526	47.6672
6 2 10			0.07		-0.06		3.41		0.22071	0.7103	71.9901825081	43.9921
6 0 8			0.02		-0.03		3.33		0.22088	2.9234	64.163237895	5.3359
3 3 7			0.05		0.02		3.16		0.22092	0.1558	47.1418707618	3.5073
1 3 5			-0.5		-0.48		6.29		0.22001	3.1323	34.189462707	190.138
4 6 4			-0.05		-0.52		6.6		0.22029	1.0731	69.291881243	33.3045
0 6 8			0.03		-0.49		6.38		0.22044	0.7694	64.1950429677	5.6946
2 4 10			0.05		-0.44		6.07		0.22025	0.607	57.0555982332	12.0937
0 6 10			0.05		-0.39		5.8		0.22047	0.8527	69.1637693973	8.5049
6 0 2			0.04		-0.35		5.55		0.22049	0.2214	55.354768557	5.4487
4 4 12			-0.23		-0.58		7.19		0.22262	1.9475	72.2035773977	130.2426
2 4 14			0.02		-0.55		7.03		0.22205	0.5221	70.6383718296	19.4111
4 2 14			0.02		-0.53		6.88		0.22157	1.2576	70.6282605877	19.9713
3 1 11			-0.57		-1.1		16.06		0.22097	2.3814	52.0481274199	292.2152
3 5 9			0.02		-1.08		15.71		0.22087	0.4755	65.0802252419	19.5165
2 0 16			0.03		-1.05		15.29		0.22072	0.5935	67.2372591268	11.8907
0 4 2			-0.18		-1.23		18.66		0.22067	3.2657	36.5744795411	137.7475
7 3 1			0.03		-1.21		18.18		0.22078	0.5095	71.5359286583	22.1332
3 7 1			0.03		-1.18		17.72		0.22088	1.2822	71.5694631273	22.2453
2 2 10			0.03		-1.15		17.17		0.22089	0.6429	46.7739448495	44.8949
6 0 10			0.03		-1.12		16.65		0.22096	1.0728	69.1331306246	8.9056
0 2 16			0.02		-1.1		16.32		0.22085	1.8687	67.2407114996	13.8307
0 4 10			0.03		-1.07		15.85		0.22094	0.9893	53.7871001638	44.1425
5 1 1			0.03		-1.04		15.42		0.22096	0.5346	46.1701152	26.7419
4 2 2			0.02		-1.02		15.06		0.22097	0.457	40.8620305525	12.2524
5 3 9			0.02		-1.0		14.8		0.22092	0.4833	65.0662013285	20.8409
1 1 15			0.0		-1.0		14.78		0.22086	0.656	61.3839959686	20.6242
5 5 1			0.02		-0.98		14.53		0.22095	0.5073	65.769247456	23.9531
0 0 2			-0.1		-1.08		16.16		0.22095	1.161	7.62646333295	98.931
7 1 1			0.02		-1.06		15.79		0.22099	0.5207	65.7483230412	25.2044
1 3 15			0.02		-1.04		15.52		0.22076	0.2862	67.3623786269	8.1809
0 6 2			0.02		-1.02		15.18		0.22076	0.2356	55.3895592761	6.1752
9 1 1			0.01		-1.0		14.98		0.22088	0.8793	87.9915459652	19.6393
5 1 13			-0.03		-1.04		15.47		0.21794	0.4567	71.2764535317	11.3258
1 1 13			-0.01		-1.05		15.61		0.21659	0.3722	52.9310122384	10.9703
5 1 9			0.0		-1.04		15.54		0.21641	0.4583	58.9619928854	19.0838
3 5 11			-0.16		-1.2		18.51		0.21609	1.8915	70.5555824797	206.4699
2 0 0			-0.03		-1.23		19.07		0.21608	2.02	17.6289686615	175.6782
2 0 10			0.02		-1.21		18.71		0.21601	0.6169	42.9543880851	20.236
2 0 14			0.02		-1.19		18.36		0.21602	0.2634	58.6945218607	7.3942
3 1 15			0.02		-1.17		18.01		0.21596	0.2871	67.3554895111	7.7692
1 1 1			0.02		-1.16		17.7		0.21595	0.5749	13.0194761966	56.7652
0 6 6			-0.0		-1.16		17.79		0.21582	1.0147	60.183190367	40.9583
4 6 6			0.0		-1.16		17.72		0.21568	1.1903	71.9781772466	41.9784
0 6 16			0.02		-1.14		17.44		0.21571	0.4825	89.3859051251	7.6515
1 5 9			0.0		-1.14		17.37		0.21552	0.4394	58.984264935	17.7365
5 5 3			-0.03		-1.17		17.92		0.2155	0.8107	66.8760743485	64.1048
6 0 6			-0.0		-1.17		17.98		0.21538	1.0815	60.1501886982	39.9969
0 2 10			0.02		-1.15		17.69		0.21532	0.4317	42.9590557724	21.0204
2 2 16			-0.04		-1.2		18.47		0.21512	1.1693	70.1293332912	108.6018
3 3 9			0.0		-1.19		18.38		0.21493	0.3816	52.4524123761	12.0632
0 2 20			0.01		-1.18		18.11		0.21474	0.4494	86.0769303832	2.8517
3 3 15			0.01		-1.16		17.87		0.21496	0.3402	73.0835579415	3.8877
1 7 1			0.01		-1.15		17.61		0.21496	0.5219	65.7901743415	26.2984
4 2 6			-0.01		-1.16		17.84		0.21485	1.6049	46.7233273538	62.1975
0 4 16			-0.03		-1.19		18.37		0.21469	1.5557	75.7704700384	94.8658
6 0 0			0.01		-1.18		18.18		0.21469	0.7256	54.7363985401	55.434
2 4 6			-0.01		-1.19		18.4		0.21457	0.785	46.7364348384	64.2552
4 4 8			-0.1		-1.29		20.4		0.21483	3.9407	61.1479986878	218.5721
1 3 1			0.01		-1.28		20.12		0.21483	0.5324	28.3265170018	42.1271
0 6 0			0.01		-1.27		19.94		0.21483	1.4277	54.7714555341	59.4019
2 2 12			-0.06		-1.33		21.32		0.21507	1.9766	54.0147953295	208.0279
0 6 14			0.01		-1.32		21.06		0.21507	0.9096	81.7552219026	27.2955
2 4 2			0.01		-1.31		20.82		0.21507	0.3828	40.8766170199	13.2501
5 3 1			0.01		-1.29		20.55		0.21507	0.5252	53.2386121167	32.835
4 2 8			0.01		-1.28		20.3		0.21506	0.7605	51.4203212226	2.5419
4 0 14			-0.0		-1.29		20.39		0.21503	1.986	67.7459682929	124.3248
3 1 9			0.0		-1.29		20.37		0.21483	0.36	45.2950695798	8.7768
3 3 1			0.01		-1.27		20.13		0.21483	0.5106	38.1558496662	33.1617
1 5 11			-0.08		-1.35		21.85		0.21462	1.8219	64.7342781598	204.7444
4 0 4			0.01		-1.34		21.59		0.21462	1.2165	39.0343929222	79.1487
3 5 1			0.01		-1.33		21.33		0.21463	0.5283	53.2544885252	31.9012
6 4 6			0.0		-1.32		21.23		0.21453	0.9247	71.9614498967	41.9809
2 4 0			0.0		-1.32		21.15		0.21453	1.4359	40.0960076051	88.2765
2 2 14			0.0		-1.32		21.14		0.21453	1.0835	61.7979105177	101.9829
1 3 9			-0.0		-1.32		21.19		0.21427	0.2622	45.3040218183	7.1674
1 1 3			0.0		-1.32		21.16		0.21423	0.4514	16.9416048235	36.8187
3 1 1			0.01		-1.31		20.93		0.21423	0.5239	28.3131072915	41.7464
2 4 8			0.01		-1.3		20.7		0.21422	0.1687	51.4325245866	2.4593
1 3 13			0.01		-1.29		20.54		0.21393	0.3907	59.4200243294	11.5335
0 4 12			-0.04		-1.33		21.34		0.21408	1.4889	60.4300914167	161.7651
1 5 13			0.01		-1.32		21.17		0.21385	1.1973	71.2966048402	12.6128
4 4 6			-0.11		-1.43		23.74		0.21359	4.3817	57.0116572758	400.3855
3 3 13			0.01		-1.42		23.58		0.21328	0.5636	65.4922780779	9.1158
6 2 4			0.01		-1.41		23.34		0.21328	0.8727	60.3342977717	77.9073
3 3 3			-0.01		-1.42		23.68		0.21328	0.8081	39.7679129272	70.9373
0 0 22			-0.02		-1.44		24.07		0.21384	2.2765	94.0325860765	137.6091
2 0 2			0.0		-1.44		23.96		0.21385	0.6502	19.2320929378	35.9547
0 2 14			0.01		-1.43		23.74		0.21385	0.2479	58.6982494177	6.3292