HKL Value		Reward		TotalReward	Chi Squared	Z Appr. 	Error	Two-Thetas	Sfs2
0 0 10			0.0		0.0		0.0		0.3	0.8316	38.8438017949	41.7013
0 6 10			0.0		0.0		0.01		0.42163	0.8527	69.1637693973	8.5049
0 0 20			-0.99		-0.99		0.79		0.42117	0.4542	83.3712939521	4.3689
6 4 2			-0.05		-1.04		0.83		0.42089	0.2211	67.6401768609	4.8049
4 2 10			0.26		-0.78		0.65		0.42048	1.1102	57.0442200735	11.3144
4 6 2			0.09		-0.69		0.6		0.42036	0.2349	67.657370766	5.5969
6 0 8			0.17		-0.52		0.51		0.42049	2.9234	64.163237895	5.3359
0 4 0			-0.99		-1.51		72.51		0.42049	6.137	35.7152072575	818.959
3 5 11			-0.11		-1.62		81.34		0.43529	1.8915	70.5555824797	206.4699
6 0 2			0.1		-1.51		73.7		0.43491	0.2214	55.354768557	5.4487
3 1 1			0.07		-1.44		68.89		0.43488	0.5239	28.3131072915	41.7464
6 2 6			-0.21		-1.65		87.11		0.43573	3.9921	63.2107357729	344.5633
7 3 1			0.08		-1.58		80.78		0.43572	0.5095	71.5359286583	22.1332
5 5 3			0.03		-1.55		78.46		0.4357	0.8107	66.8760743485	64.1048
6 4 0			0.08		-1.47		72.86		0.4357	1.8287	67.0910631577	58.6803
6 2 2			0.03		-1.44		70.51		0.43594	3.3001	58.5687226088	135.1206
2 4 14			0.06		-1.37		66.27		0.43558	0.5221	70.6383718296	19.4111
5 3 7			-0.18		-1.55		80.45		0.43883	0.2523	60.5057581853	5.4388
0 6 8			0.06		-1.49		76.15		0.43885	0.7694	64.1950429677	5.6946
4 2 14			0.05		-1.44		72.45		0.43856	1.2576	70.6282605877	19.9713
0 2 16			0.04		-1.4		69.47		0.43875	1.8687	67.2407114996	13.8307
4 6 0			0.05		-1.35		66.16		0.43875	0.7863	67.1083315067	59.4729
2 0 8			-0.03		-1.38		68.26		0.43916	0.1665	35.7565424018	1.5727
2 2 6			-0.21		-1.59		86.66		0.43994	8.3224	34.2684003079	615.2447
0 6 18			0.09		-1.5		79.65		0.41304	0.7949	98.0280769063	1.8601
2 6 10			0.04		-1.47		76.88		0.41374	0.7069	72.0169435829	44.7171
4 4 10			0.04		-1.43		74.14		0.41432	0.6886	66.23802526	47.6672
3 7 1			0.03		-1.4		71.78		0.4143	1.2822	71.5694631273	22.2453
3 5 9			0.03		-1.36		69.56		0.41456	0.4755	65.0802252419	19.5165
7 1 7			-0.07		-1.43		74.59		0.41107	0.3505	72.2660298289	5.0526
4 2 2			0.03		-1.4		72.14		0.41107	0.457	40.8620305525	12.2524
1 1 15			0.03		-1.37		69.89		0.41086	0.656	61.3839959686	20.6242
2 0 16			0.03		-1.34		67.86		0.41077	0.5935	67.2372591268	11.8907
1 3 5			0.01		-1.33		67.23		0.41065	3.1323	34.189462707	190.138
6 2 10			0.02		-1.3		65.77		0.41117	0.7103	71.9901825081	43.9921
0 4 20			0.03		-1.28		63.97		0.41167	1.027	94.1654323607	18.6345
1 5 1			0.02		-1.25		62.63		0.41167	0.4978	46.196563203	27.3004
4 0 10			0.02		-1.23		61.3		0.41205	0.6243	53.7713327333	45.2096
5 1 9			0.02		-1.21		59.92		0.41217	0.4583	58.9619928854	19.0838
1 3 15			0.03		-1.18		58.43		0.41241	0.2862	67.3623786269	8.1809
2 4 2			0.02		-1.16		57.01		0.41243	0.3828	40.8766170199	13.2501
4 4 4			0.01		-1.15		56.58		0.41254	0.8476	53.9354251327	76.9211
9 1 1			0.02		-1.13		55.43		0.41254	0.8793	87.9915459652	19.6393
2 4 10			0.02		-1.11		54.26		0.41277	0.607	57.0555982332	12.0937
6 0 0			0.02		-1.09		53.13		0.41277	0.7256	54.7363985401	55.434
2 0 14			0.02		-1.07		52.04		0.41277	0.2634	58.6945218607	7.3942
5 3 9			0.02		-1.05		51.16		0.41288	0.4833	65.0662013285	20.8409
2 0 10			0.02		-1.03		50.08		0.41288	0.6169	42.9543880851	20.236
5 5 1			0.02		-1.01		49.24		0.41288	0.5073	65.769247456	23.9531
2 2 10			0.02		-0.99		48.43		0.41324	0.6429	46.7739448495	44.8949
5 3 1			0.01		-0.98		47.83		0.41324	0.5252	53.2386121167	32.835
6 0 10			0.02		-0.97		47.09		0.41364	1.0728	69.1331306246	8.9056
1 7 1			0.01		-0.95		46.47		0.41364	0.5219	65.7901743415	26.2984
2 2 16			-0.0		-0.96		46.65		0.41426	1.1693	70.1293332912	108.6018
4 4 12			0.02		-0.94		45.88		0.41417	1.9475	72.2035773977	130.2426
0 2 14			0.02		-0.92		45.1		0.41423	0.2479	58.6982494177	6.3292
2 4 6			-0.0		-0.93		45.19		0.41423	0.785	46.7364348384	64.2552
6 0 4			0.01		-0.92		44.93		0.41419	0.7069	57.1830782131	42.6751
0 6 0			0.01		-0.9		44.27		0.41418	1.4277	54.7714555341	59.4019
0 6 6			0.01		-0.9		44.04		0.41418	1.0147	60.183190367	40.9583
4 2 6			-0.0		-0.9		44.11		0.41418	1.6049	46.7233273538	62.1975
6 4 6			0.01		-0.9		43.88		0.41418	0.9247	71.9614498967	41.9809
1 5 9			0.01		-0.88		43.27		0.41436	0.4394	58.984264935	17.7365
3 1 15			0.02		-0.87		42.58		0.41442	0.2871	67.3554895111	7.7692
7 1 1			0.01		-0.85		42.14		0.41442	0.5207	65.7483230412	25.2044
1 1 13			0.01		-0.84		41.57		0.41434	0.3722	52.9310122384	10.9703
0 4 10			0.01		-0.83		41.06		0.4148	0.9893	53.7871001638	44.1425
5 1 1			0.01		-0.82		40.67		0.4148	0.5346	46.1701152	26.7419
1 3 13			0.01		-0.81		40.16		0.41471	0.3907	59.4200243294	11.5335
0 6 14			0.01		-0.8		39.78		0.41502	0.9096	81.7552219026	27.2955
3 5 1			0.01		-0.79		39.46		0.41502	0.5283	53.2544885252	31.9012
3 3 1			0.01		-0.78		39.16		0.41502	0.5106	38.1558496662	33.1617
1 3 9			0.01		-0.77		38.65		0.41512	0.2622	45.3040218183	7.1674
0 6 2			0.01		-0.75		38.15		0.41508	0.2356	55.3895592761	6.1752
5 1 13			0.01		-0.74		37.71		0.41497	0.4567	71.2764535317	11.3258
3 1 9			0.01		-0.73		37.25		0.41508	0.36	45.2950695798	8.7768
3 1 3			-0.0		-0.73		37.41		0.41501	1.2003	30.3814370344	67.5761
0 6 16			0.01		-0.72		36.97		0.41491	0.4825	89.3859051251	7.6515
1 1 3			0.0		-0.72		36.85		0.41491	0.4514	16.9416048235	36.8187
1 1 1			0.0		-0.72		36.78		0.41489	0.5749	13.0194761966	56.7652
1 5 13			0.01		-0.71		36.39		0.41477	1.1973	71.2966048402	12.6128
0 0 22			0.01		-0.7		36.05		0.41408	2.2765	94.0325860765	137.6091
4 6 4			0.01		-0.69		35.87		0.41402	1.0731	69.291881243	33.3045
2 4 8			0.01		-0.68		35.44		0.41402	0.1687	51.4325245866	2.4593
3 3 9			0.01		-0.67		35.07		0.41411	0.3816	52.4524123761	12.0632
3 3 5			0.0		-0.67		34.97		0.414	1.3995	42.8396693434	151.0913
2 4 0			0.01		-0.66		34.73		0.414	1.4359	40.0960076051	88.2765
0 2 10			0.01		-0.65		34.33		0.41396	0.4317	42.9590557724	21.0204
0 4 14			-0.01		-0.66		34.63		0.4147	1.2337	67.7597167724	121.3788
3 7 5			0.01		-0.65		34.26		0.41468	1.0548	74.7470539899	89.5814
2 4 12			-0.04		-0.69		35.71		0.41349	0.2205	63.4791913795	4.8908
3 3 15			0.01		-0.68		35.37		0.41417	0.3402	73.0835579415	3.8877
0 4 4			-0.0		-0.68		35.39		0.41434	0.8482	39.0545896029	78.0016
3 3 13			0.01		-0.67		35.04		0.41427	0.5636	65.4922780779	9.1158
1 5 5			0.0		-0.66		34.89		0.41414	1.8923	50.2743192378	127.3636
0 2 22			0.0		-0.66		34.81		0.41349	1.8317	96.7387030121	97.213
1 3 1			0.0		-0.66		34.71		0.41348	0.5324	28.3265170018	42.1271
0 2 18			0.01		-0.65		34.36		0.41345	0.3755	76.3208597895	3.7538
3 1 13			0.01		-0.64		34.06		0.41336	0.3869	59.4126405656	11.7895
2 0 2			0.0		-0.64		33.94		0.41336	0.6502	19.2320929378	35.9547
0 6 4			0.0		-0.63		33.9		0.41336	0.6675	57.2171401797	42.9768
0 4 12			0.01		-0.63		33.58		0.41336	1.4889	60.4300914167	161.7651