HKL Value		Reward		TotalReward	Chi Squared	Z Appr. 	Error	Two-Thetas	Sfs2
2 6 0			0.0		0.0		0.0		0.3	4.3567	58.0028534629	558.9791
0 0 10			0.0		0.0		275.57		0.42149	0.8316	38.8438017949	41.7013
0 0 20			0.99		0.99		138.51		0.4204	0.4542	83.3712939521	4.3689
6 4 2			0.5		1.49		92.61		0.41986	0.2211	67.6401768609	4.8049
4 2 10			0.33		1.82		69.46		0.4197	1.1102	57.0442200735	11.3144
1 7 5			0.21		2.03		57.32		0.41866	1.0841	69.0835930101	99.7513
6 4 0			0.2		2.23		47.77		0.41866	1.8287	67.0910631577	58.6803
4 6 0			0.17		2.4		40.95		0.41866	0.7863	67.1083315067	59.4729
4 6 2			0.14		2.54		35.86		0.41857	0.2349	67.657370766	5.5969
0 6 8			0.12		2.66		31.92		0.41888	0.7694	64.1950429677	5.6946
6 0 8			0.11		2.77		28.76		0.41913	2.9234	64.163237895	5.3359
0 6 16			0.09		2.86		26.44		0.42031	0.4825	89.3859051251	7.6515
6 0 2			0.07		2.93		24.66		0.41947	0.2214	55.354768557	5.4487
2 6 10			0.08		3.01		22.79		0.42029	0.7069	72.0169435829	44.7171
0 0 18			0.06		3.08		21.43		0.42159	0.6609	73.530655613	37.988
4 0 10			0.07		3.15		20.0		0.42151	0.6243	53.7713327333	45.2096
4 4 10			0.07		3.22		18.76		0.42125	0.6886	66.23802526	47.6672
0 0 6			-0.63		2.58		51.36		0.4217	7.4326	23.0169618987	709.6598
3 3 5			0.02		2.6		50.33		0.42085	1.3995	42.8396693434	151.0913
0 4 0			-0.32		2.28		74.24		0.42085	6.137	35.7152072575	818.959
2 6 4			0.03		2.31		72.03		0.42157	0.8772	60.3635846112	78.02
4 2 14			0.05		2.36		68.73		0.42208	1.2576	70.6282605877	19.9713
2 4 14			0.05		2.4		65.7		0.42246	0.5221	70.6383718296	19.4111
6 2 4			0.03		2.43		64.09		0.42297	0.8727	60.3342977717	77.9073
6 2 10			0.04		2.47		61.42		0.4228	0.7103	71.9901825081	43.9921
5 1 7			-0.15		2.32		72.59		0.41496	0.2609	54.1000446603	4.252
0 2 6			-0.02		2.3		73.78		0.41494	1.1672	29.1471999487	131.5155
1 3 3			0.01		2.31		72.85		0.41479	0.7045	30.3940112777	66.1614
3 5 9			0.03		2.35		70.57		0.41514	0.4755	65.0802252419	19.5165
7 3 1			0.03		2.38		68.49		0.41513	0.5095	71.5359286583	22.1332
3 7 1			0.03		2.41		66.55		0.41511	1.2822	71.5694631273	22.2453
1 3 7			-0.08		2.33		72.08		0.411	0.1893	39.2755843192	5.3372
5 1 13			0.03		2.36		69.91		0.41085	0.4567	71.2764535317	11.3258
2 0 16			0.03		2.39		67.95		0.41076	0.5935	67.2372591268	11.8907
0 2 16			0.03		2.42		66.13		0.41066	1.8687	67.2407114996	13.8307
1 1 15			0.03		2.45		64.3		0.41047	0.656	61.3839959686	20.6242
5 1 11			-0.04		2.4		67.27		0.41047	3.2753	64.7131722767	203.727
4 2 2			0.03		2.43		65.49		0.4105	0.457	40.8620305525	12.2524
0 6 10			0.02		2.45		64.26		0.41113	0.8527	69.1637693973	8.5049
2 4 10			0.02		2.47		62.8		0.41148	0.607	57.0555982332	12.0937
5 1 9			0.02		2.49		61.46		0.41162	0.4583	58.9619928854	19.0838
6 2 8			-0.04		2.46		63.85		0.4111	3.3751	67.1207225085	222.106
1 3 15			0.02		2.48		62.42		0.41154	0.2862	67.3623786269	8.1809
7 1 1			0.02		2.5		61.29		0.41154	0.5207	65.7483230412	25.2044
2 2 10			0.02		2.52		60.19		0.41198	0.6429	46.7739448495	44.8949
5 3 9			0.02		2.53		59.12		0.41209	0.4833	65.0662013285	20.8409
5 5 1			0.02		2.55		58.06		0.41209	0.5073	65.769247456	23.9531
1 5 1			0.02		2.57		57.15		0.41208	0.4978	46.196563203	27.3004
2 0 10			0.02		2.59		55.97		0.4121	0.6169	42.9543880851	20.236
6 0 10			0.02		2.6		55.08		0.41263	1.0728	69.1331306246	8.9056
9 1 1			0.02		2.62		54.15		0.41263	0.8793	87.9915459652	19.6393
0 4 12			0.02		2.64		53.11		0.41267	1.4889	60.4300914167	161.7651
3 3 11			-0.05		2.59		56.11		0.41278	2.1204	58.6030846927	249.5822
2 0 14			0.02		2.61		55.12		0.41278	0.2634	58.6945218607	7.3942
3 3 13			0.02		2.62		54.15		0.4127	0.5636	65.4922780779	9.1158
4 2 8			0.02		2.64		53.17		0.4127	0.7605	51.4203212226	2.5419
0 4 20			0.02		2.66		52.23		0.41285	1.027	94.1654323607	18.6345
1 3 9			0.02		2.68		51.36		0.41291	0.2622	45.3040218183	7.1674
2 2 16			-0.0		2.67		51.48		0.41345	1.1693	70.1293332912	108.6018
6 0 6			0.01		2.68		51.11		0.41345	1.0815	60.1501886982	39.9969
0 6 6			0.01		2.69		50.77		0.41345	1.0147	60.183190367	40.9583
6 2 6			-0.07		2.62		54.56		0.41344	3.9921	63.2107357729	344.5633
0 6 2			0.02		2.64		53.71		0.41338	0.2356	55.3895592761	6.1752
0 4 10			0.01		2.65		53.02		0.41391	0.9893	53.7871001638	44.1425
1 5 9			0.01		2.66		52.3		0.41411	0.4394	58.984264935	17.7365
5 3 1			0.01		2.67		51.78		0.41411	0.5252	53.2386121167	32.835
4 4 2			0.0		2.67		51.77		0.41426	1.2125	52.0311030722	128.6454
0 6 18			0.01		2.69		51.01		0.41426	0.7949	98.0280769063	1.8601
6 4 6			0.01		2.69		50.7		0.41426	0.9247	71.9614498967	41.9809
0 2 14			0.01		2.71		50.0		0.41434	0.2479	58.6982494177	6.3292
3 1 15			0.01		2.72		49.29		0.41442	0.2871	67.3554895111	7.7692
2 4 6			-0.0		2.72		49.3		0.41442	0.785	46.7364348384	64.2552
0 2 10			0.01		2.74		48.62		0.41437	0.4317	42.9590557724	21.0204
2 4 2			0.01		2.75		47.97		0.41438	0.3828	40.8766170199	13.2501
3 3 1			0.01		2.76		47.57		0.41438	0.5106	38.1558496662	33.1617
4 4 12			0.01		2.77		47.01		0.41428	1.9475	72.2035773977	130.2426
3 1 9			0.01		2.78		46.43		0.41437	0.36	45.2950695798	8.7768
1 7 1			0.01		2.79		46.02		0.41437	0.5219	65.7901743415	26.2984
2 2 6			-0.12		2.67		52.07		0.41432	8.3224	34.2684003079	615.2447
1 3 13			0.01		2.69		51.48		0.4142	0.3907	59.4200243294	11.5335
0 4 18			0.01		2.7		50.83		0.41416	0.8369	84.5238780681	17.4513
6 0 0			0.01		2.71		50.26		0.41416	0.7256	54.7363985401	55.434
0 6 0			0.01		2.72		49.73		0.41416	1.4277	54.7714555341	59.4019
4 2 6			0.0		2.72		49.72		0.41416	1.6049	46.7233273538	62.1975
6 0 12			-0.07		2.65		53.34		0.41013	0.5892	74.995462768	0.9301
1 1 3			0.01		2.66		53.03		0.41012	0.4514	16.9416048235	36.8187
1 1 13			0.01		2.67		52.43		0.41	0.3722	52.9310122384	10.9703
3 3 9			0.01		2.68		51.91		0.41	0.3816	52.4524123761	12.0632
1 3 1			0.01		2.69		51.6		0.41	0.5324	28.3265170018	42.1271
2 4 0			0.01		2.69		51.17		0.41	1.4359	40.0960076051	88.2765
0 6 14			0.01		2.7		50.81		0.41006	0.9096	81.7552219026	27.2955
0 0 4			0.0		2.71		50.63		0.41014	0.8482	15.2869714585	59.1035
3 3 3			0.0		2.71		50.61		0.41011	0.8081	39.7679129272	70.9373
2 0 2			0.01		2.71		50.31		0.41011	0.6502	19.2320929378	35.9547
1 5 13			0.01		2.72		49.81		0.41001	1.1973	71.2966048402	12.6128
7 1 7			-0.02		2.7		51.04		0.40829	0.3505	72.2660298289	5.0526
2 2 14			-0.0		2.69		51.26		0.40858	1.0835	61.7979105177	101.9829
5 1 1			0.01		2.7		50.89		0.40858	0.5346	46.1701152	26.7419
3 3 15			0.0		2.7		50.74		0.40981	0.3402	73.0835579415	3.8877
3 5 1			0.01		2.71		50.4		0.40981	0.5283	53.2544885252	31.9012
6 0 4			0.0		2.71		50.19		0.40979	0.7069	57.1830782131	42.6751
1 5 5			0.01		2.72		49.88		0.40974	1.8923	50.2743192378	127.3636