HKL Value		Reward		TotalReward	Chi Squared	Z Appr. 	Error	Two-Thetas	Sfs2
0 0 10			0.0		0.0		0.0		0.3	0.8316	38.8438017949	41.7013
0 0 20			0.0		0.0		1.46		0.32039	0.4542	83.3712939521	4.3689
6 4 2			0.44		0.44		1.02		0.32015	0.2211	67.6401768609	4.8049
4 2 10			0.48		0.92		0.68		0.31984	1.1102	57.0442200735	11.3144
6 4 0			0.32		1.25		0.52		0.31984	1.8287	67.0910631577	58.6803
0 6 6			0.13		1.38		0.46		0.3196	1.0147	60.183190367	40.9583
0 2 22			-0.87		0.51		3.52		0.31876	1.8317	96.7387030121	97.213
0 2 14			-0.17		0.34		4.22		0.31792	0.2479	58.6982494177	6.3292
4 6 2			0.11		0.45		3.79		0.31788	0.2349	67.657370766	5.5969
1 5 13			-0.36		0.1		5.87		0.32264	1.1973	71.2966048402	12.6128
4 6 0			0.11		0.21		5.29		0.32264	0.7863	67.1083315067	59.4729
0 6 8			0.09		0.29		4.87		0.3228	0.7694	64.1950429677	5.6946
6 0 8			0.07		0.37		4.54		0.32298	2.9234	64.163237895	5.3359
6 0 2			0.04		0.41		4.37		0.32295	0.2214	55.354768557	5.4487
2 4 14			0.04		0.44		4.21		0.32286	0.5221	70.6383718296	19.4111
2 6 0			-0.81		-0.37		22.3		0.32286	4.3567	58.0028534629	558.9791
7 3 1			0.06		-0.31		21.09		0.32281	0.5095	71.5359286583	22.1332
2 6 10			0.06		-0.25		19.87		0.32263	0.7069	72.0169435829	44.7171
4 2 14			0.05		-0.2		18.9		0.32257	1.2576	70.6282605877	19.9713
6 4 6			0.03		-0.17		18.43		0.32223	0.9247	71.9614498967	41.9809
4 4 10			0.05		-0.12		17.53		0.322	0.6886	66.23802526	47.6672
4 0 10			0.05		-0.07		16.7		0.32192	0.6243	53.7713327333	45.2096
3 5 9			0.04		-0.03		15.99		0.32174	0.4755	65.0802252419	19.5165
5 1 9			0.03		0.01		15.51		0.32134	0.4583	58.9619928854	19.0838
6 2 10			0.04		0.05		14.86		0.32138	0.7103	71.9901825081	43.9921
2 6 6			-0.24		-0.19		19.57		0.32183	5.383	63.2392339525	346.2148
3 7 1			0.03		-0.16		18.93		0.32181	1.2822	71.5694631273	22.2453
2 0 16			0.04		-0.12		18.26		0.3221	0.5935	67.2372591268	11.8907
1 1 15			0.03		-0.09		17.7		0.32239	0.656	61.3839959686	20.6242
3 5 7			0.0		-0.09		17.64		0.32317	0.2309	60.5203777188	5.6046
0 2 16			0.03		-0.05		17.05		0.32315	1.8687	67.2407114996	13.8307
0 2 0			-0.05		-0.11		18.03		0.32315	1.4407	17.6394681947	177.2483
4 2 2			0.02		-0.08		17.65		0.32313	0.457	40.8620305525	12.2524
9 1 1			0.03		-0.06		17.18		0.32311	0.8793	87.9915459652	19.6393
7 1 1			0.02		-0.04		16.86		0.32309	0.5207	65.7483230412	25.2044
0 6 10			0.03		-0.01		16.39		0.32304	0.8527	69.1637693973	8.5049
2 0 14			0.02		0.01		16.13		0.32315	0.2634	58.6945218607	7.3942
1 3 15			0.02		0.02		15.86		0.32257	0.2862	67.3623786269	8.1809
2 4 10			0.02		0.05		15.47		0.32247	0.607	57.0555982332	12.0937
2 2 10			0.03		0.07		15.08		0.3224	0.6429	46.7739448495	44.8949
1 5 1			0.01		0.09		14.9		0.32238	0.4978	46.196563203	27.3004
4 4 6			-0.19		-0.1		18.37		0.32262	4.3817	57.0116572758	400.3855
2 2 2			-0.1		-0.2		20.3		0.32266	1.1162	26.2109248846	125.5642
5 3 9			0.02		-0.17		19.85		0.32259	0.4833	65.0662013285	20.8409
5 5 1			0.02		-0.15		19.46		0.32257	0.5073	65.769247456	23.9531
0 6 0			0.02		-0.14		19.17		0.32258	1.4277	54.7714555341	59.4019
2 0 10			0.02		-0.12		18.89		0.32241	0.6169	42.9543880851	20.236
0 4 20			0.01		-0.11		18.71		0.32234	1.027	94.1654323607	18.6345
6 0 10			0.02		-0.09		18.32		0.32231	1.0728	69.1331306246	8.9056
2 4 2			0.01		-0.08		18.08		0.3223	0.3828	40.8766170199	13.2501
2 2 16			0.02		-0.06		17.77		0.32206	1.1693	70.1293332912	108.6018
5 3 1			0.01		-0.05		17.6		0.32204	0.5252	53.2386121167	32.835
0 2 10			0.01		-0.04		17.38		0.32189	0.4317	42.9590557724	21.0204
0 0 22			0.01		-0.03		17.14		0.32165	2.2765	94.0325860765	137.6091
3 1 15			0.02		-0.01		16.88		0.32139	0.2871	67.3554895111	7.7692
3 5 11			-0.14		-0.15		19.67		0.32144	1.8915	70.5555824797	206.4699
0 6 2			0.02		-0.14		19.37		0.32144	0.2356	55.3895592761	6.1752
1 5 9			0.01		-0.13		19.13		0.32128	0.4394	58.984264935	17.7365
0 4 10			0.02		-0.11		18.8		0.32129	0.9893	53.7871001638	44.1425
2 4 6			0.02		-0.09		18.5		0.32131	0.785	46.7364348384	64.2552
3 1 9			0.01		-0.08		18.35		0.3211	0.36	45.2950695798	8.7768
1 3 9			0.0		-0.08		18.27		0.32083	0.2622	45.3040218183	7.1674
3 3 1			0.01		-0.07		18.11		0.32082	0.5106	38.1558496662	33.1617
1 5 11			-0.12		-0.19		20.56		0.32085	1.8219	64.7342781598	204.7444
0 6 16			0.01		-0.18		20.34		0.32118	0.4825	89.3859051251	7.6515
1 1 3			0.01		-0.17		20.22		0.32119	0.4514	16.9416048235	36.8187
1 3 13			0.0		-0.17		20.21		0.32177	0.3907	59.4200243294	11.5335
4 2 4			-0.02		-0.19		20.66		0.32178	0.7624	43.1345383828	64.2766
1 1 13			0.0		-0.19		20.62		0.32229	0.3722	52.9310122384	10.9703
3 5 1			0.01		-0.18		20.44		0.32228	0.5283	53.2544885252	31.9012
6 0 6			0.01		-0.17		20.16		0.32226	1.0815	60.1501886982	39.9969
0 4 16			0.01		-0.16		19.88		0.32221	1.5557	75.7704700384	94.8658
1 7 1			0.01		-0.15		19.7		0.3222	0.5219	65.7901743415	26.2984
5 1 1			0.01		-0.14		19.54		0.32219	0.5346	46.1701152	26.7419
0 4 4			-0.0		-0.14		19.6		0.32211	0.8482	39.0545896029	78.0016
4 4 12			0.01		-0.13		19.34		0.32211	1.9475	72.2035773977	130.2426
6 0 0			0.01		-0.12		19.14		0.32211	0.7256	54.7363985401	55.434
4 2 6			0.01		-0.1		18.9		0.32212	1.6049	46.7233273538	62.1975
0 0 8			-0.09		-0.19		20.7		0.32212	2.1948	30.8548203523	183.9052
4 2 8			0.0		-0.19		20.62		0.32227	0.7605	51.4203212226	2.5419
4 4 0			-0.16		-0.34		24.44		0.32227	4.9852	51.3853572345	648.027
1 3 1			0.01		-0.34		24.31		0.32225	0.5324	28.3265170018	42.1271
0 0 14			-0.02		-0.36		24.73		0.32225	0.8389	55.4890953336	74.9432
5 5 7			-0.0		-0.36		24.77		0.32264	0.6639	72.2860687267	4.3062
2 4 0			0.01		-0.35		24.64		0.32264	1.4359	40.0960076051	88.2765
3 3 9			0.01		-0.34		24.45		0.32252	0.3816	52.4524123761	12.0632
5 1 13			0.01		-0.34		24.32		0.32288	0.4567	71.2764535317	11.3258
6 4 4			-0.0		-0.34		24.32		0.3229	0.6669	69.2748711385	33.991
0 4 12			0.01		-0.33		24.12		0.32301	1.4889	60.4300914167	161.7651
2 0 2			0.0		-0.33		24.07		0.323	0.6502	19.2320929378	35.9547
3 3 15			0.0		-0.33		24.07		0.32246	0.3402	73.0835579415	3.8877
6 0 4			-0.0		-0.33		24.16		0.32246	0.7069	57.1830782131	42.6751
6 2 4			0.0		-0.33		24.15		0.3224	0.8727	60.3342977717	77.9073
7 1 7			0.0		-0.33		24.07		0.32261	0.3505	72.2660298289	5.0526
0 6 4			-0.0		-0.33		24.16		0.32261	0.6675	57.2171401797	42.9768
0 6 14			0.01		-0.33		24.0		0.3226	0.9096	81.7552219026	27.2955
3 3 13			0.0		-0.32		23.96		0.32298	0.5636	65.4922780779	9.1158
4 6 4			0.0		-0.32		23.96		0.32298	1.0731	69.291881243	33.3045
0 2 18			-0.02		-0.34		24.47		0.32178	0.3755	76.3208597895	3.7538
3 3 3			0.0		-0.34		24.42		0.32178	0.8081	39.7679129272	70.9373
3 3 7			-0.0		-0.35		24.54		0.32204	0.1558	47.1418707618	3.5073
0 2 20			-0.01		-0.36		24.8		0.32166	0.4494	86.0769303832	2.8517