HKL Value		Reward		TotalReward	Chi Squared	Z Appr. 	Error	Two-Thetas	Sfs2
0 0 10			0.0		0.0		0.0		0.3	0.8316	38.8438017949	41.7013
0 0 20			0.0		0.0		1.46		0.32039	0.4542	83.3712939521	4.3689
0 2 12			-0.61		-0.61		3.71		0.31645	0.3827	50.6142203783	17.5707
6 4 2			0.43		-0.18		2.6		0.31643	0.2211	67.6401768609	4.8049
4 2 10			0.18		-0.0		2.21		0.31685	1.1102	57.0442200735	11.3144
6 4 0			0.25		0.25		1.77		0.31685	1.8287	67.0910631577	58.6803
4 6 0			0.19		0.44		1.48		0.31685	0.7863	67.1083315067	59.4729
4 0 10			-0.1		0.34		1.64		0.31756	0.6243	53.7713327333	45.2096
4 6 2			0.07		0.41		1.53		0.31753	0.2349	67.657370766	5.5969
2 6 10			-0.04		0.37		1.59		0.31814	0.7069	72.0169435829	44.7171
4 4 10			0.07		0.44		1.49		0.31843	0.6886	66.23802526	47.6672
6 2 10			-0.0		0.44		1.5		0.31885	0.7103	71.9901825081	43.9921
6 0 8			-0.04		0.4		1.55		0.31898	2.9234	64.163237895	5.3359
5 5 1			-0.04		0.37		1.61		0.31895	0.5073	65.769247456	23.9531
0 6 8			-0.01		0.36		1.62		0.31907	0.7694	64.1950429677	5.6946