HKL Value		Reward		TotalReward	Chi Squared	Z Appr. 	Error	Two-Thetas	Sfs2
5 5 7			0.0		0.0		0.0		0.3	0.6639	72.2860687267	4.3062
0 0 10			0.0		0.0		13.18		0.32985	0.8316	38.8438017949	41.7013
0 0 20			0.87		0.87		7.04		0.33137	0.4542	83.3712939521	4.3689
6 4 2			0.38		1.25		5.1		0.33115	0.2211	67.6401768609	4.8049
4 4 12			0.02		1.28		4.97		0.32832	1.9475	72.2035773977	130.2426
4 2 10			0.03		1.31		4.81		0.32674	1.1102	57.0442200735	11.3144
6 4 0			0.2		1.51		4.01		0.32674	1.8287	67.0910631577	58.6803
4 6 0			0.16		1.68		3.44		0.32674	0.7863	67.1083315067	59.4729
4 0 10			0.02		1.7		3.38		0.32524	0.6243	53.7713327333	45.2096
3 7 5			-0.65		1.05		9.51		0.32605	1.0548	74.7470539899	89.5814
4 6 2			0.09		1.15		8.69		0.32597	0.2349	67.657370766	5.5969
2 6 10			0.07		1.22		8.1		0.32498	0.7069	72.0169435829	44.7171
4 4 10			0.06		1.28		7.63		0.32421	0.6886	66.23802526	47.6672
6 2 10			0.07		1.35		7.11		0.32385	0.7103	71.9901825081	43.9921
6 0 8			0.07		1.42		6.64		0.32398	2.9234	64.163237895	5.3359
6 2 8			-0.64		0.78		18.49		0.32444	3.3751	67.1207225085	222.106
0 6 8			0.07		0.85		17.35		0.32455	0.7694	64.1950429677	5.6946
2 4 10			0.05		0.9		16.47		0.32416	0.607	57.0555982332	12.0937
0 6 10			0.06		0.96		15.58		0.32396	0.8527	69.1637693973	8.5049
6 0 2			0.05		1.01		14.89		0.32395	0.2214	55.354768557	5.4487
2 4 14			0.04		1.05		14.26		0.32383	0.5221	70.6383718296	19.4111
4 2 14			0.04		1.09		13.71		0.32372	1.2576	70.6282605877	19.9713
3 5 9			0.04		1.13		13.19		0.32346	0.4755	65.0802252419	19.5165
2 0 16			0.05		1.18		12.61		0.32352	0.5935	67.2372591268	11.8907
7 3 1			0.03		1.21		12.21		0.32349	0.5095	71.5359286583	22.1332
3 7 1			0.03		1.24		11.85		0.32347	1.2822	71.5694631273	22.2453
2 2 10			0.04		1.28		11.42		0.32327	0.6429	46.7739448495	44.8949
0 4 8			-0.38		0.9		18.33		0.32349	4.1351	47.9021960727	235.0989
6 0 10			0.04		0.94		17.69		0.32338	1.0728	69.1331306246	8.9056
0 2 16			0.04		0.97		17.08		0.32333	1.8687	67.2407114996	13.8307
2 2 2			-0.14		0.83		19.83		0.32339	1.1162	26.2109248846	125.5642
0 4 0			-0.44		0.39		35.46		0.32339	6.137	35.7152072575	818.959
2 2 14			-0.04		0.35		36.99		0.32338	1.0835	61.7979105177	101.9829