HKL Value		Reward		TotalReward	Chi Squared	Z Appr. 	Error	Two-Thetas	Sfs2
0 2 16			0.0		0.0		0.0		0.3	1.8687	67.2407114996	13.8307
0 0 10			0.0		0.0		0.2		0.32243	0.8316	38.8438017949	41.7013
0 0 20			-0.79		-0.79		0.97		0.32225	0.4542	83.3712939521	4.3689
6 4 2			0.11		-0.68		0.87		0.32217	0.2211	67.6401768609	4.8049
4 2 10			0.1		-0.58		0.79		0.32162	1.1102	57.0442200735	11.3144
0 2 20			-0.81		-1.38		4.09		0.31649	0.4494	86.0769303832	2.8517
6 4 0			0.2		-1.18		3.41		0.31649	1.8287	67.0910631577	58.6803
4 6 0			0.16		-1.02		2.93		0.31649	0.7863	67.1083315067	59.4729
4 6 2			0.11		-0.91		2.65		0.31647	0.2349	67.657370766	5.5969
4 0 10			-0.03		-0.94		2.73		0.31692	0.6243	53.7713327333	45.2096
2 6 10			-0.01		-0.95		2.76		0.31732	0.7069	72.0169435829	44.7171
1 5 7			-0.57		-1.52		6.44		0.31927	0.6035	54.1236034243	4.2528
4 4 10			0.09		-1.44		5.92		0.31936	0.6886	66.23802526	47.6672
6 2 10			0.07		-1.36		5.52		0.31957	0.7103	71.9901825081	43.9921
6 0 8			0.05		-1.32		5.27		0.31966	2.9234	64.163237895	5.3359
0 6 8			0.05		-1.27		5.02		0.31975	0.7694	64.1950429677	5.6946
2 4 10			0.07		-1.2		4.71		0.31971	0.607	57.0555982332	12.0937
7 1 5			-0.46		-1.67		8.78		0.31984	1.5264	69.0427278305	98.726
7 3 5			-0.25		-1.91		11.68		0.31999	1.0496	74.7140851895	88.0788
2 0 4			-0.26		-2.18		15.82		0.32005	1.3874	23.4143586184	109.347