HKL Value		Reward		TotalReward	Chi Squared	Z Appr. 	Error	Two-Thetas	Sfs2
4 0 0			0.0		0.0		0.0		0.3	8.3901	35.6934066618	787.9925
2 0 4			0.0		0.0		545.33		0.25	1.3874	23.4143586184	109.347
0 0 10			0.97		0.97		276.88		0.27669	0.8316	38.8438017949	41.7013
0 0 20			0.5		1.46		185.2		0.27703	0.4542	83.3712939521	4.3689
6 4 2			0.33		1.8		139.03		0.27721	0.2211	67.6401768609	4.8049
4 2 10			0.25		2.05		111.34		0.27881	1.1102	57.0442200735	11.3144
6 4 0			0.2		2.25		92.78		0.27881	1.8287	67.0910631577	58.6803
4 6 0			0.17		2.41		79.54		0.27881	0.7863	67.1083315067	59.4729
4 0 10			0.14		2.55		69.59		0.27878	0.6243	53.7713327333	45.2096
4 6 2			0.12		2.68		61.88		0.27881	0.2349	67.657370766	5.5969
3 1 11			-0.08		2.6		67.45		0.27638	2.3814	52.0481274199	292.2152
7 3 5			0.01		2.61		66.63		0.27561	1.0496	74.7140851895	88.0788
2 6 10			0.09		2.7		61.16		0.27633	0.7069	72.0169435829	44.7171
4 4 10			0.08		2.78		56.55		0.27697	0.6886	66.23802526	47.6672
6 2 10			0.08		2.86		52.53		0.27719	0.7103	71.9901825081	43.9921
0 6 4			0.05		2.91		49.97		0.27695	0.6675	57.2171401797	42.9768
3 3 7			-0.24		2.67		65.39		0.26251	0.1558	47.1418707618	3.5073
6 0 8			0.06		2.73		61.69		0.26267	2.9234	64.163237895	5.3359
0 6 8			0.06		2.79		58.38		0.26282	0.7694	64.1950429677	5.6946
1 5 9			0.04		2.83		55.91		0.26278	0.4394	58.984264935	17.7365
2 4 10			0.05		2.88		53.47		0.26274	0.607	57.0555982332	12.0937
0 6 10			0.05		2.92		51.14		0.26271	0.8527	69.1637693973	8.5049
6 0 2			0.05		2.97		48.82		0.26271	0.2214	55.354768557	5.4487
2 4 14			0.04		3.01		47.16		0.26249	0.5221	70.6383718296	19.4111
4 2 14			0.03		3.04		45.64		0.26226	1.2576	70.6282605877	19.9713
3 5 9			0.03		3.07		44.33		0.26228	0.4755	65.0802252419	19.5165
7 3 1			0.04		3.11		42.63		0.26228	0.5095	71.5359286583	22.1332
7 1 5			-0.01		3.1		43.25		0.26203	1.5264	69.0427278305	98.726
2 0 16			0.04		3.13		41.71		0.26195	0.5935	67.2372591268	11.8907
0 2 8			0.04		3.17		40.28		0.26197	0.1155	35.7619852008	1.7384
3 7 1			0.03		3.2		38.94		0.26197	1.2822	71.5694631273	22.2453
6 2 4			0.03		3.23		37.81		0.26202	0.8727	60.3342977717	77.9073
2 2 10			0.01		3.25		37.28		0.26227	0.6429	46.7739448495	44.8949
6 0 10			0.03		3.27		36.3		0.26224	1.0728	69.1331306246	8.9056
0 2 16			0.03		3.3		35.25		0.26208	1.8687	67.2407114996	13.8307
4 2 2			0.03		3.33		34.29		0.26208	0.457	40.8620305525	12.2524
1 1 15			0.03		3.36		33.35		0.26201	0.656	61.3839959686	20.6242
5 3 9			0.02		3.38		32.83		0.26202	0.4833	65.0662013285	20.8409
0 4 10			0.01		3.39		32.48		0.26226	0.9893	53.7871001638	44.1425
7 1 1			0.03		3.41		31.66		0.26226	0.5207	65.7483230412	25.2044
5 5 1			0.03		3.44		30.88		0.26226	0.5073	65.769247456	23.9531
1 3 15			-0.0		3.44		30.91		0.26131	0.2862	67.3623786269	8.1809
9 1 1			0.02		3.46		30.18		0.26131	0.8793	87.9915459652	19.6393
5 1 9			0.01		3.47		29.77		0.26129	0.4583	58.9619928854	19.0838
0 6 2			0.02		3.5		29.1		0.26129	0.2356	55.3895592761	6.1752
2 0 10			0.01		3.51		28.74		0.26123	0.6169	42.9543880851	20.236
3 1 9			0.02		3.53		28.21		0.26125	0.36	45.2950695798	8.7768
5 3 3			-0.02		3.5		28.92		0.26135	0.9351	54.4936931553	89.9375
3 1 15			-0.0		3.5		28.94		0.26042	0.2871	67.3554895111	7.7692
1 5 1			0.02		3.52		28.38		0.26041	0.4978	46.196563203	27.3004
0 6 6			-0.0		3.52		28.42		0.26041	1.0147	60.183190367	40.9583
2 0 14			0.02		3.54		27.86		0.26041	0.2634	58.6945218607	7.3942
0 6 16			0.02		3.56		27.36		0.26063	0.4825	89.3859051251	7.6515
0 2 10			0.01		3.57		27.09		0.26059	0.4317	42.9590557724	21.0204
6 0 6			-0.0		3.57		27.14		0.26059	1.0815	60.1501886982	39.9969
0 4 16			0.02		3.59		26.67		0.26044	1.5557	75.7704700384	94.8658
1 3 7			-0.05		3.54		28.0		0.25918	0.1893	39.2755843192	5.3372
0 4 20			0.01		3.55		27.72		0.25984	1.027	94.1654323607	18.6345
4 2 6			-0.01		3.54		28.07		0.25984	1.6049	46.7233273538	62.1975
2 2 16			0.02		3.55		27.64		0.25971	1.1693	70.1293332912	108.6018
1 7 1			0.02		3.57		27.19		0.25971	0.5219	65.7901743415	26.2984
3 3 9			0.01		3.58		26.87		0.25971	0.3816	52.4524123761	12.0632
4 4 12			0.02		3.6		26.44		0.25974	1.9475	72.2035773977	130.2426
2 4 6			-0.01		3.58		26.81		0.25974	0.785	46.7364348384	64.2552
6 0 0			0.01		3.6		26.46		0.25974	0.7256	54.7363985401	55.434
1 3 1			0.01		3.61		26.12		0.25974	0.5324	28.3265170018	42.1271
0 6 14			0.01		3.61		25.95		0.25966	0.9096	81.7552219026	27.2955
2 4 2			0.01		3.63		25.6		0.25965	0.3828	40.8766170199	13.2501
2 4 0			0.01		3.64		25.43		0.25965	1.4359	40.0960076051	88.2765
0 6 0			0.01		3.65		25.15		0.25965	1.4277	54.7714555341	59.4019
2 6 6			-0.13		3.52		28.8		0.2597	5.383	63.2392339525	346.2148
4 2 8			0.01		3.53		28.48		0.25979	0.7605	51.4203212226	2.5419
5 3 1			0.01		3.54		28.1		0.25979	0.5252	53.2386121167	32.835
1 1 3			0.0		3.54		28.09		0.25979	0.4514	16.9416048235	36.8187
1 5 13			0.01		3.56		27.78		0.25974	1.1973	71.2966048402	12.6128
3 5 1			0.01		3.57		27.43		0.25973	0.5283	53.2544885252	31.9012
3 3 15			-0.01		3.56		27.81		0.25879	0.3402	73.0835579415	3.8877
0 4 12			0.01		3.57		27.5		0.25869	1.4889	60.4300914167	161.7651
3 3 1			0.01		3.58		27.16		0.25868	0.5106	38.1558496662	33.1617
6 4 6			-0.0		3.58		27.19		0.25869	0.9247	71.9614498967	41.9809
1 3 9			0.01		3.59		26.9		0.25869	0.2622	45.3040218183	7.1674
2 0 2			0.01		3.6		26.7		0.25869	0.6502	19.2320929378	35.9547
1 3 13			0.01		3.61		26.43		0.25864	0.3907	59.4200243294	11.5335
0 4 18			0.01		3.62		26.17		0.2584	0.8369	84.5238780681	17.4513
3 1 1			0.01		3.63		25.9		0.25839	0.5239	28.3131072915	41.7464
3 3 3			-0.01		3.62		26.17		0.25842	0.8081	39.7679129272	70.9373
2 4 8			0.01		3.62		25.95		0.25849	0.1687	51.4325245866	2.4593
3 3 13			0.01		3.64		25.68		0.25845	0.5636	65.4922780779	9.1158
3 7 3			-0.01		3.63		25.92		0.25849	0.8954	72.6346668965	71.6226
5 1 13			0.01		3.64		25.68		0.25844	0.4567	71.2764535317	11.3258
1 1 13			0.01		3.65		25.43		0.25838	0.3722	52.9310122384	10.9703
0 0 16			0.01		3.66		25.17		0.25829	1.3342	64.286058028	116.6634
5 1 1			0.01		3.67		24.91		0.25829	0.5346	46.1701152	26.7419
0 2 14			0.01		3.68		24.66		0.25836	0.2479	58.6982494177	6.3292
0 0 22			-0.02		3.66		25.09		0.25885	2.2765	94.0325860765	137.6091
6 0 4			0.01		3.67		24.92		0.25885	0.7069	57.1830782131	42.6751
4 0 12			0.01		3.67		24.7		0.25876	2.7435	60.4154589103	161.2613
0 2 12			-0.0		3.67		24.82		0.25915	0.3827	50.6142203783	17.5707
7 1 7			-0.02		3.65		25.38		0.25849	0.3505	72.2660298289	5.0526
0 2 18			0.01		3.66		25.13		0.25848	0.3755	76.3208597895	3.7538
1 1 1			0.01		3.67		24.94		0.25847	0.5749	13.0194761966	56.7652
2 2 8			-0.03		3.64		25.62		0.25837	1.8488	40.1384116224	216.1995