HKL Value		Reward		TotalReward	Chi Squared	Z Appr. 	Error	Two-Thetas	Sfs2
0 0 22			0.0		0.0		0.0		0.3	2.2765	94.0325860765	137.6091
0 0 10			0.0		0.0		17.19		0.36686	0.8316	38.8438017949	41.7013
4 2 8			0.45		0.45		11.82		0.36479	0.7605	51.4203212226	2.5419
5 1 1			-0.0		0.45		11.86		0.36453	0.5346	46.1701152	26.7419
7 3 1			0.12		0.57		10.57		0.36426	0.5095	71.5359286583	22.1332
0 0 20			0.23		0.8		8.62		0.36603	0.4542	83.3712939521	4.3689
6 4 2			0.14		0.94		7.54		0.36605	0.2211	67.6401768609	4.8049
4 2 10			0.02		0.96		7.42		0.36611	1.1102	57.0442200735	11.3144
6 4 0			0.14		1.1		6.49		0.36611	1.8287	67.0910631577	58.6803
3 5 9			-0.08		1.03		7.03		0.36571	0.4755	65.0802252419	19.5165
4 6 2			0.07		1.09		6.59		0.36573	0.2349	67.657370766	5.5969
4 6 0			0.1		1.19		6.0		0.36573	0.7863	67.1083315067	59.4729
0 2 10			-0.1		1.09		6.68		0.36572	0.4317	42.9590557724	21.0204
0 2 6			-0.29		0.8		9.37		0.36463	1.1672	29.1471999487	131.5155
0 6 8			0.05		0.85		8.95		0.36432	0.7694	64.1950429677	5.6946
2 6 4			-0.24		0.61		11.73		0.36424	0.8772	60.3635846112	78.02
6 0 8			0.04		0.66		11.23		0.36395	2.9234	64.163237895	5.3359
3 5 5			-0.14		0.52		13.07		0.36456	1.2751	56.9624934876	133.7285
1 1 1			-0.05		0.47		13.73		0.3645	0.5749	13.0194761966	56.7652
6 0 2			0.05		0.52		13.09		0.36453	0.2214	55.354768557	5.4487
2 4 14			0.04		0.56		12.57		0.36423	0.5221	70.6383718296	19.4111
2 6 10			-0.02		0.54		12.78		0.36481	0.7069	72.0169435829	44.7171
4 2 14			0.04		0.58		12.34		0.36446	1.2576	70.6282605877	19.9713
4 4 10			-0.02		0.55		12.64		0.36511	0.6886	66.23802526	47.6672
4 4 4			-0.11		0.44		14.28		0.36502	0.8476	53.9354251327	76.9211
3 1 3			-0.03		0.41		14.75		0.36484	1.2003	30.3814370344	67.5761