HKL Value		Reward		TotalReward	Chi Squared	Z Appr. 	Error	Two-Thetas	Sfs2
0 0 10			0.0		0.0		0.0		0.3	0.8316	38.8438017949	41.7013
1 5 7			0.0		0.0		10.72		0.32857	0.6035	54.1236034243	4.2528
0 0 20			0.76		0.76		6.09		0.32952	0.4542	83.3712939521	4.3689
6 4 2			0.38		1.13		4.43		0.32925	0.2211	67.6401768609	4.8049
3 3 1			-0.23		0.91		5.73		0.32871	0.5106	38.1558496662	33.1617
4 2 10			0.05		0.96		5.45		0.32682	1.1102	57.0442200735	11.3144
1 3 3			-0.29		0.66		7.72		0.32701	0.7045	30.3940112777	66.1614
6 4 0			0.17		0.83		6.62		0.32701	1.8287	67.0910631577	58.6803
4 6 0			0.14		0.97		5.8		0.32701	0.7863	67.1083315067	59.4729
4 6 2			0.09		1.07		5.31		0.32685	0.2349	67.657370766	5.5969
0 0 6			-0.86		0.2		38.71		0.32959	7.4326	23.0169618987	709.6598
4 0 10			0.08		0.29		35.7		0.32679	0.6243	53.7713327333	45.2096
2 6 10			0.08		0.37		32.97		0.3256	0.7069	72.0169435829	44.7171
4 4 10			0.07		0.45		30.68		0.32469	0.6886	66.23802526	47.6672
6 2 10			0.07		0.52		28.57		0.32425	0.7103	71.9901825081	43.9921
3 3 11			-0.29		0.23		40.45		0.32487	2.1204	58.6030846927	249.5822
6 0 8			0.07		0.29		37.95		0.325	2.9234	64.163237895	5.3359
0 6 2			0.06		0.35		35.88		0.32498	0.2356	55.3895592761	6.1752
6 0 6			0.06		0.41		33.96		0.32486	1.0815	60.1501886982	39.9969
0 6 8			0.06		0.46		32.18		0.32496	0.7694	64.1950429677	5.6946
2 4 10			0.05		0.51		30.71		0.32452	0.607	57.0555982332	12.0937
6 0 2			0.05		0.55		29.36		0.32449	0.2214	55.354768557	5.4487
2 4 14			0.04		0.6		28.14		0.32432	0.5221	70.6383718296	19.4111
0 6 10			0.04		0.64		26.94		0.32411	0.8527	69.1637693973	8.5049
4 2 14			0.04		0.68		25.93		0.32397	1.2576	70.6282605877	19.9713
3 5 9			0.04		0.72		24.99		0.3237	0.4755	65.0802252419	19.5165
2 0 16			0.04		0.76		24.03		0.32371	0.5935	67.2372591268	11.8907
7 3 1			0.03		0.79		23.25		0.32368	0.5095	71.5359286583	22.1332
3 7 1			0.03		0.82		22.53		0.32365	1.2822	71.5694631273	22.2453
2 2 10			0.03		0.86		21.79		0.32342	0.6429	46.7739448495	44.8949
0 2 16			0.03		0.89		21.06		0.32336	1.8687	67.2407114996	13.8307
6 0 10			0.03		0.93		20.39		0.32327	1.0728	69.1331306246	8.9056
5 1 7			0.01		0.93		20.26		0.32413	0.2609	54.1000446603	4.252
4 2 2			0.02		0.95		19.83		0.32411	0.457	40.8620305525	12.2524
1 1 15			0.03		0.98		19.27		0.32426	0.656	61.3839959686	20.6242
7 1 1			0.02		1.0		18.9		0.32424	0.5207	65.7483230412	25.2044
2 0 10			0.02		1.02		18.59		0.324	0.6169	42.9543880851	20.236
4 4 0			-0.31		0.71		26.91		0.324	4.9852	51.3853572345	648.027
5 3 9			0.03		0.74		26.24		0.32389	0.4833	65.0662013285	20.8409
1 3 15			0.02		0.75		25.78		0.32316	0.2862	67.3623786269	8.1809
9 1 1			0.02		0.78		25.19		0.32314	0.8793	87.9915459652	19.6393
7 3 3			0.01		0.79		24.98		0.32317	1.9283	72.601334037	69.5466
5 5 7			0.0		0.79		24.93		0.32393	0.6639	72.2860687267	4.3062
6 2 6			-0.09		0.7		27.32		0.32414	3.9921	63.2107357729	344.5633
0 2 0			-0.02		0.68		27.78		0.32414	1.4407	17.6394681947	177.2483
5 5 1			0.02		0.7		27.23		0.32413	0.5073	65.769247456	23.9531
0 4 10			0.02		0.73		26.65		0.32401	0.9893	53.7871001638	44.1425
5 1 9			0.02		0.74		26.25		0.3238	0.4583	58.9619928854	19.0838
1 5 1			0.01		0.76		25.87		0.32378	0.4978	46.196563203	27.3004
0 6 6			0.02		0.78		25.36		0.32376	1.0147	60.183190367	40.9583
0 6 16			0.02		0.8		24.87		0.3239	0.4825	89.3859051251	7.6515
0 4 16			0.02		0.81		24.42		0.32368	1.5557	75.7704700384	94.8658
0 2 10			0.01		0.83		24.1		0.32354	0.4317	42.9590557724	21.0204
1 5 9			0.01		0.84		23.82		0.32335	0.4394	58.984264935	17.7365
5 1 13			0.01		0.85		23.56		0.32385	0.4567	71.2764535317	11.3258
0 6 12			-0.07		0.78		25.31		0.32189	0.3425	75.0250979777	1.887
2 0 14			0.01		0.79		24.99		0.32191	0.2634	58.6945218607	7.3942
4 2 0			0.01		0.8		24.78		0.32191	0.9287	40.0811891304	86.5118
0 4 20			0.01		0.81		24.52		0.32185	1.027	94.1654323607	18.6345
3 3 9			0.01		0.82		24.22		0.32172	0.3816	52.4524123761	12.0632
1 7 7			0.01		0.83		24.06		0.322	0.4353	72.3061031614	6.1143
3 1 15			0.01		0.85		23.73		0.32178	0.2871	67.3554895111	7.7692
2 2 16			0.02		0.86		23.38		0.32167	1.1693	70.1293332912	108.6018
1 7 1			0.01		0.87		23.11		0.32166	0.5219	65.7901743415	26.2984
4 2 8			0.01		0.88		22.99		0.3218	0.7605	51.4203212226	2.5419
1 3 1			0.01		0.88		22.85		0.32179	0.5324	28.3265170018	42.1271
1 1 5			-0.1		0.78		25.38		0.32187	1.9661	22.8949597146	247.5537
2 4 6			0.01		0.8		25.0		0.32188	0.785	46.7364348384	64.2552
2 6 0			-0.13		0.67		28.69		0.32188	4.3567	58.0028534629	558.9791
4 4 12			0.01		0.68		28.27		0.32188	1.9475	72.2035773977	130.2426
4 2 6			0.01		0.7		27.87		0.32189	1.6049	46.7233273538	62.1975
6 0 12			-0.05		0.65		29.4		0.32007	0.5892	74.995462768	0.9301
2 4 0			0.01		0.65		29.18		0.32007	1.4359	40.0960076051	88.2765
6 0 0			0.01		0.67		28.85		0.32007	0.7256	54.7363985401	55.434
3 1 9			0.01		0.68		28.56		0.31995	0.36	45.2950695798	8.7768
3 3 15			0.01		0.69		28.26		0.31972	0.3402	73.0835579415	3.8877
0 6 0			0.01		0.7		27.97		0.31972	1.4277	54.7714555341	59.4019
0 6 14			0.01		0.71		27.73		0.31973	0.9096	81.7552219026	27.2955
1 1 3			0.01		0.71		27.54		0.31973	0.4514	16.9416048235	36.8187
2 4 2			0.01		0.72		27.27		0.31973	0.3828	40.8766170199	13.2501
5 3 1			0.01		0.73		27.04		0.31973	0.5252	53.2386121167	32.835
0 4 12			0.01		0.74		26.87		0.31988	1.4889	60.4300914167	161.7651
1 3 13			-0.0		0.74		26.89		0.32029	0.3907	59.4200243294	11.5335
6 4 6			0.01		0.75		26.67		0.32025	0.9247	71.9614498967	41.9809
3 5 1			0.01		0.75		26.45		0.32025	0.5283	53.2544885252	31.9012
6 2 4			0.0		0.76		26.4		0.32019	0.8727	60.3342977717	77.9073
3 1 1			0.01		0.76		26.24		0.32019	0.5239	28.3131072915	41.7464
1 3 9			0.01		0.77		26.08		0.32005	0.2622	45.3040218183	7.1674
2 4 4			-0.01		0.76		26.36		0.32005	0.8182	43.1484985256	64.6996
1 5 13			0.0		0.76		26.34		0.32039	1.1973	71.2966048402	12.6128
2 0 2			0.0		0.76		26.26		0.32039	0.6502	19.2320929378	35.9547
3 3 13			-0.0		0.76		26.38		0.32085	0.5636	65.4922780779	9.1158
1 5 5			-0.03		0.73		27.18		0.32087	1.8923	50.2743192378	127.3636
5 1 1			0.01		0.73		26.96		0.32087	0.5346	46.1701152	26.7419
3 3 3			0.0		0.74		26.89		0.32087	0.8081	39.7679129272	70.9373
2 0 4			-0.02		0.71		27.56		0.32089	1.3874	23.4143586184	109.347
2 4 8			0.0		0.72		27.45		0.32097	0.1687	51.4325245866	2.4593
1 1 13			0.0		0.72		27.41		0.32129	0.3722	52.9310122384	10.9703
4 0 12			0.01		0.73		27.22		0.32139	2.7435	60.4154589103	161.2613
7 1 7			0.0		0.73		27.15		0.32157	0.3505	72.2660298289	5.0526
2 0 12			0.0		0.73		27.11		0.32134	0.8079	50.6101057273	16.6151
6 0 4			-0.0		0.73		27.16		0.32134	0.7069	57.1830782131	42.6751