HKL Value		Reward		TotalReward	Chi Squared	Z Appr. 	Error	Two-Thetas	Sfs2
0 0 10			0.0		0.0		0.0		0.3	0.8316	38.8438017949	41.7013
0 4 12			0.0		0.0		1.12		0.42058	1.4889	60.4300914167	161.7651
0 4 6			-0.99		-0.99		205.47		0.42142	3.7688	42.9189471786	481.9509
0 0 20			0.49		-0.5		137.46		0.42048	0.4542	83.3712939521	4.3689
2 4 14			0.33		-0.17		103.72		0.42264	0.5221	70.6383718296	19.4111
7 3 1			0.22		0.04		85.1		0.42254	0.5095	71.5359286583	22.1332
6 4 2			0.2		0.24		71.1		0.42222	0.2211	67.6401768609	4.8049
1 1 15			0.13		0.37		62.9		0.42304	0.656	61.3839959686	20.6242
0 6 2			0.13		0.5		55.61		0.4215	0.2356	55.3895592761	6.1752
0 4 16			0.11		0.61		50.01		0.42629	1.5557	75.7704700384	94.8658
0 6 6			0.04		0.65		48.07		0.42629	1.0147	60.183190367	40.9583
6 0 2			0.08		0.74		44.4		0.42583	0.2214	55.354768557	5.4487
4 2 10			0.08		0.82		40.93		0.42515	1.1102	57.0442200735	11.3144
0 6 8			0.08		0.91		37.8		0.425	0.7694	64.1950429677	5.6946
4 2 14			0.07		0.98		35.18		0.42524	1.2576	70.6282605877	19.9713
7 3 3			-0.03		0.95		36.32		0.42499	1.9283	72.601334037	69.5466
6 0 8			0.07		1.01		34.07		0.42483	2.9234	64.163237895	5.3359
0 2 0			-0.02		0.99		34.86		0.42483	1.4407	17.6394681947	177.2483
4 2 2			0.06		1.05		32.93		0.42486	0.457	40.8620305525	12.2524
1 5 1			0.03		1.08		32.06		0.42483	0.4978	46.196563203	27.3004
3 7 1			0.03		1.11		30.99		0.4248	1.2822	71.5694631273	22.2453
5 1 9			0.05		1.16		29.52		0.42483	0.4583	58.9619928854	19.0838
2 0 16			0.05		1.21		28.19		0.4252	0.5935	67.2372591268	11.8907
2 2 0			-0.49		0.72		55.22		0.4252	11.1953	25.0390113278	1035.9387
3 5 9			0.04		0.76		52.95		0.42543	0.4755	65.0802252419	19.5165
2 0 10			0.03		0.8		51.18		0.42493	0.6169	42.9543880851	20.236
1 3 9			0.04		0.84		49.26		0.42454	0.2622	45.3040218183	7.1674
2 6 4			0.02		0.85		48.43		0.42499	0.8772	60.3635846112	78.02
5 3 1			0.02		0.88		47.38		0.42497	0.5252	53.2386121167	32.835
4 2 6			-0.0		0.87		47.4		0.42502	1.6049	46.7233273538	62.1975
2 0 14			0.03		0.91		45.83		0.42496	0.2634	58.6945218607	7.3942
5 5 1			0.03		0.93		44.7		0.42494	0.5073	65.769247456	23.9531
2 4 6			-0.0		0.93		44.86		0.42498	0.785	46.7364348384	64.2552
5 5 7			-0.19		0.74		55.33		0.41254	0.6639	72.2860687267	4.3062
2 4 2			0.03		0.77		53.75		0.41258	0.3828	40.8766170199	13.2501
6 4 6			0.01		0.78		53.06		0.41256	0.9247	71.9614498967	41.9809
2 2 14			-0.0		0.78		53.15		0.41414	1.0835	61.7979105177	101.9829
5 3 9			0.02		0.8		52.0		0.41475	0.4833	65.0662013285	20.8409
1 5 9			0.02		0.83		50.78		0.41606	0.4394	58.984264935	17.7365
2 6 0			-0.1		0.73		56.54		0.41606	4.3567	58.0028534629	558.9791
9 1 1			0.02		0.75		55.34		0.41606	0.8793	87.9915459652	19.6393
1 7 1			0.02		0.77		54.36		0.41596	0.5219	65.7901743415	26.2984
4 0 2			0.0		0.77		54.27		0.4211	1.7854	36.5531212028	138.5255
1 1 1			0.01		0.78		53.75		0.42103	0.5749	13.0194761966	56.7652
6 0 0			0.02		0.8		52.64		0.42102	0.7256	54.7363985401	55.434
0 2 14			0.02		0.82		51.47		0.42112	0.2479	58.6982494177	6.3292
4 6 2			0.02		0.84		50.36		0.42106	0.2349	67.657370766	5.5969
4 2 8			0.02		0.86		49.34		0.41876	0.7605	51.4203212226	2.5419
5 1 1			0.01		0.88		48.64		0.41857	0.5346	46.1701152	26.7419
3 3 7			-0.1		0.78		53.86		0.40878	0.1558	47.1418707618	3.5073
6 4 0			0.02		0.8		52.78		0.40878	1.8287	67.0910631577	58.6803
6 2 10			0.01		0.81		52.19		0.40945	0.7103	71.9901825081	43.9921
3 1 9			0.02		0.83		51.28		0.40949	0.36	45.2950695798	8.7768
3 5 1			0.01		0.84		50.64		0.40948	0.5283	53.2544885252	31.9012
0 2 2			0.01		0.85		50.14		0.4095	0.4614	19.2417464495	36.8131
4 2 0			0.01		0.87		49.46		0.4095	0.9287	40.0811891304	86.5118
0 2 10			0.02		0.89		48.59		0.4096	0.4317	42.9590557724	21.0204
1 1 9			0.02		0.9		47.74		0.4096	0.2216	37.1193146943	1.1702
4 4 4			0.0		0.91		47.63		0.40976	0.8476	53.9354251327	76.9211
6 2 8			-0.04		0.87		49.43		0.40908	3.3751	67.1207225085	222.106
1 1 11			-0.08		0.79		53.94		0.40908	2.144	44.8525636461	378.5934
3 3 1			0.01		0.8		53.35		0.40906	0.5106	38.1558496662	33.1617
4 6 0			0.02		0.81		52.49		0.40906	0.7863	67.1083315067	59.4729
7 1 1			0.01		0.82		51.87		0.40906	0.5207	65.7483230412	25.2044
1 7 3			-0.0		0.82		51.97		0.40889	0.9932	66.8968211493	90.2271
5 3 3			-0.0		0.82		52.14		0.40873	0.9351	54.4936931553	89.9375
1 3 15			0.01		0.83		51.51		0.40968	0.2862	67.3623786269	8.1809
2 2 16			-0.0		0.83		51.73		0.41005	1.1693	70.1293332912	108.6018
0 2 16			0.01		0.84		51.05		0.40997	1.8687	67.2407114996	13.8307
7 1 7			0.54		1.38		33.1		0.36255	0.3505	72.2660298289	5.0526
2 2 10			0.01		1.39		32.92		0.36274	0.6429	46.7739448495	44.8949
1 3 13			0.01		1.4		32.45		0.36277	0.3907	59.4200243294	11.5335
3 3 9			0.01		1.42		32.06		0.36268	0.3816	52.4524123761	12.0632
2 6 10			0.01		1.42		31.89		0.36286	0.7069	72.0169435829	44.7171
3 1 15			0.01		1.43		31.49		0.3629	0.2871	67.3554895111	7.7692
0 6 10			0.01		1.44		31.14		0.36288	0.8527	69.1637693973	8.5049
6 0 10			0.01		1.46		30.79		0.36286	1.0728	69.1331306246	8.9056
0 4 4			-0.01		1.45		31.05		0.36283	0.8482	39.0545896029	78.0016
2 2 4			-0.01		1.44		31.3		0.3628	0.7551	29.4672289371	73.6026
1 5 13			0.01		1.45		30.9		0.36286	1.1973	71.2966048402	12.6128
6 0 6			0.01		1.46		30.56		0.36276	1.0815	60.1501886982	39.9969
0 2 20			0.01		1.48		30.19		0.3628	0.4494	86.0769303832	2.8517
1 3 1			0.0		1.48		30.06		0.36278	0.5324	28.3265170018	42.1271
3 5 3			-0.0		1.48		30.12		0.36273	0.9259	54.5093201099	87.7589
0 6 0			0.01		1.49		29.84		0.36273	1.4277	54.7714555341	59.4019
2 2 2			-0.02		1.47		30.49		0.36279	1.1162	26.2109248846	125.5642
2 4 12			0.01		1.48		30.15		0.36275	0.2205	63.4791913795	4.8908
4 4 12			-0.01		1.47		30.33		0.36231	1.9475	72.2035773977	130.2426
2 4 10			0.01		1.48		30.06		0.36228	0.607	57.0555982332	12.0937
2 4 8			0.01		1.49		29.76		0.36217	0.1687	51.4325245866	2.4593
2 4 0			0.01		1.5		29.59		0.36217	1.4359	40.0960076051	88.2765
7 1 3			0.0		1.5		29.58		0.36211	1.4031	66.8553232335	91.2915
0 0 4			-0.0		1.49		29.71		0.36209	0.8482	15.2869714585	59.1035
5 1 13			0.01		1.5		29.39		0.36214	0.4567	71.2764535317	11.3258
4 0 12			-0.02		1.49		29.86		0.36163	2.7435	60.4154589103	161.2613
2 0 2			0.0		1.49		29.82		0.36162	0.6502	19.2320929378	35.9547
0 2 18			0.01		1.5		29.52		0.36162	0.3755	76.3208597895	3.7538
0 6 14			0.01		1.51		29.25		0.36155	0.9096	81.7552219026	27.2955
4 4 10			0.0		1.51		29.19		0.36168	0.6886	66.23802526	47.6672
5 5 3			0.0		1.51		29.13		0.36166	0.8107	66.8760743485	64.1048
3 1 3			0.0		1.51		29.09		0.36162	1.2003	30.3814370344	67.5761
1 1 3			0.0		1.52		28.95		0.36158	0.4514	16.9416048235	36.8187