HKL Value		Reward		TotalReward	Chi Squared	Z Appr. 	Error	Two-Thetas	Sfs2
4 4 4			0.0		0.0		0.0		0.3	0.8476	53.9354251327	76.9211
2 6 10			0.0		0.0		0.04		0.27867	0.7069	72.0169435829	44.7171
0 0 10			0.9		0.9		0.02		0.27859	0.8316	38.8438017949	41.7013
0 0 20			-0.96		-0.06		0.52		0.27903	0.4542	83.3712939521	4.3689
6 4 2			0.02		-0.04		0.51		0.2791	0.2211	67.6401768609	4.8049
4 2 10			0.17		0.13		0.43		0.27948	1.1102	57.0442200735	11.3144
6 4 0			0.19		0.32		0.36		0.27948	1.8287	67.0910631577	58.6803
4 6 0			0.14		0.46		0.32		0.27948	0.7863	67.1083315067	59.4729
4 6 2			0.06		0.53		0.3		0.27951	0.2349	67.657370766	5.5969
4 0 10			0.1		0.62		0.27		0.27928	0.6243	53.7713327333	45.2096
4 4 10			0.1		0.72		0.25		0.27938	0.6886	66.23802526	47.6672
6 2 10			0.04		0.76		0.24		0.27918	0.7103	71.9901825081	43.9921
0 6 8			-0.43		0.33		0.42		0.27904	0.7694	64.1950429677	5.6946
6 0 8			-0.24		0.09		0.55		0.27889	2.9234	64.163237895	5.3359
2 4 10			0.02		0.11		0.54		0.27913	0.607	57.0555982332	12.0937
6 0 2			0.01		0.13		0.53		0.27911	0.2214	55.354768557	5.4487
0 2 16			-0.36		-0.24		0.83		0.27925	1.8687	67.2407114996	13.8307
3 7 1			0.05		-0.19		0.8		0.27924	1.2822	71.5694631273	22.2453
4 2 4			-0.7		-0.89		2.65		0.27894	0.7624	43.1345383828	64.2766
6 4 6			-0.25		-1.13		3.52		0.27942	0.9247	71.9614498967	41.9809
0 6 10			0.05		-1.08		3.35		0.27928	0.8527	69.1637693973	8.5049
2 4 14			0.02		-1.06		3.29		0.27956	0.5221	70.6383718296	19.4111
4 2 14			0.02		-1.05		3.24		0.27981	1.2576	70.6282605877	19.9713
3 5 9			-0.08		-1.13		3.53		0.27978	0.4755	65.0802252419	19.5165
2 0 16			-0.0		-1.14		3.55		0.27984	0.5935	67.2372591268	11.8907
7 3 1			0.04		-1.1		3.42		0.27983	0.5095	71.5359286583	22.1332
2 2 10			0.04		-1.06		3.29		0.27975	0.6429	46.7739448495	44.8949
6 0 10			0.04		-1.02		3.17		0.27965	1.0728	69.1331306246	8.9056
0 0 6			-0.85		-1.87		21.52		0.28079	7.4326	23.0169618987	709.6598
0 6 4			0.01		-1.86		21.33		0.28065	0.6675	57.2171401797	42.9768
4 2 2			0.03		-1.83		20.69		0.28063	0.457	40.8620305525	12.2524
1 1 15			0.02		-1.81		20.23		0.28015	0.656	61.3839959686	20.6242
5 3 9			0.01		-1.8		19.94		0.28012	0.4833	65.0662013285	20.8409
4 0 12			-0.08		-1.88		21.67		0.27897	2.7435	60.4154589103	161.2613
0 4 10			0.03		-1.85		21.04		0.27891	0.9893	53.7871001638	44.1425
7 1 7			-0.28		-2.12		29.14		0.27376	0.3505	72.2660298289	5.0526
7 1 1			0.03		-2.1		28.37		0.27364	0.5207	65.7483230412	25.2044
5 5 1			0.03		-2.07		27.6		0.27362	0.5073	65.769247456	23.9531
5 3 1			0.02		-2.05		26.95		0.27343	0.5252	53.2386121167	32.835
1 3 15			0.01		-2.03		26.6		0.27649	0.2862	67.3623786269	8.1809
3 7 5			-0.03		-2.06		27.43		0.27622	1.0548	74.7470539899	89.5814
9 1 1			0.02		-2.04		26.77		0.27622	0.8793	87.9915459652	19.6393
1 1 17			-0.1		-2.14		29.8		0.27899	2.447	70.2810461715	248.4175
5 1 9			0.01		-2.12		29.37		0.27899	0.4583	58.9619928854	19.0838
0 6 2			0.02		-2.1		28.72		0.27897	0.2356	55.3895592761	6.1752
2 0 10			0.02		-2.08		28.18		0.27932	0.6169	42.9543880851	20.236
3 1 15			0.02		-2.06		27.59		0.27975	0.2871	67.3554895111	7.7692
2 0 2			0.01		-2.05		27.27		0.27972	0.6502	19.2320929378	35.9547
1 5 1			0.02		-2.03		26.76		0.27969	0.4978	46.196563203	27.3004
0 6 6			0.0		-2.03		26.74		0.27986	1.0147	60.183190367	40.9583
2 0 14			0.02		-2.01		26.21		0.27987	0.2634	58.6945218607	7.3942
1 1 5			-0.11		-2.12		29.43		0.27963	1.9661	22.8949597146	247.5537
0 6 16			0.02		-2.1		28.89		0.27965	0.4825	89.3859051251	7.6515
0 2 10			0.02		-2.08		28.42		0.27992	0.4317	42.9590557724	21.0204
2 2 8			-0.07		-2.16		30.66		0.27918	1.8488	40.1384116224	216.1995
3 3 11			-0.03		-2.19		31.74		0.2786	2.1204	58.6030846927	249.5822
1 5 9			0.01		-2.18		31.35		0.27859	0.4394	58.984264935	17.7365
0 4 16			-0.01		-2.19		31.78		0.27831	1.5557	75.7704700384	94.8658
3 1 11			-0.04		-2.24		33.28		0.27774	2.3814	52.0481274199	292.2152
6 0 6			0.0		-2.23		33.16		0.27787	1.0815	60.1501886982	39.9969
0 4 20			0.01		-2.22		32.77		0.27801	1.027	94.1654323607	18.6345
1 3 1			0.01		-2.21		32.35		0.27798	0.5324	28.3265170018	42.1271
2 2 16			-0.02		-2.23		32.89		0.27756	1.1693	70.1293332912	108.6018
2 2 12			-0.03		-2.25		33.81		0.27562	1.9766	54.0147953295	208.0279
1 7 1			0.01		-2.24		33.32		0.27557	0.5219	65.7901743415	26.2984
2 4 6			-0.0		-2.24		33.47		0.27595	0.785	46.7364348384	64.2552
3 3 9			0.01		-2.23		33.03		0.27597	0.3816	52.4524123761	12.0632
4 4 12			0.09		-2.14		30.38		0.26079	1.9475	72.2035773977	130.2426
4 2 8			0.01		-2.13		30.0		0.26088	0.7605	51.4203212226	2.5419
4 2 6			-0.01		-2.14		30.26		0.26089	1.6049	46.7233273538	62.1975
6 0 0			0.01		-2.13		29.89		0.26089	0.7256	54.7363985401	55.434
5 3 5			-0.02		-2.15		30.65		0.26077	2.2247	56.9473208346	134.0256
2 4 0			0.01		-2.14		30.41		0.26077	1.4359	40.0960076051	88.2765
2 0 8			0.01		-2.13		30.0		0.26078	0.1665	35.7565424018	1.5727
0 6 0			0.01		-2.12		29.68		0.26078	1.4277	54.7714555341	59.4019
2 6 4			0.01		-2.11		29.35		0.26081	0.8772	60.3635846112	78.02
0 6 14			0.01		-2.1		29.17		0.26071	0.9096	81.7552219026	27.2955
2 4 2			0.01		-2.09		28.82		0.26071	0.3828	40.8766170199	13.2501
4 0 6			-0.15		-2.23		33.74		0.26079	5.3963	42.900258124	488.2208
1 1 3			0.0		-2.23		33.65		0.2608	0.4514	16.9416048235	36.8187
3 3 15			-0.01		-2.24		34.07		0.25974	0.3402	73.0835579415	3.8877
3 5 1			0.01		-2.23		33.67		0.25973	0.5283	53.2544885252	31.9012
3 1 9			0.01		-2.22		33.32		0.25973	0.36	45.2950695798	8.7768
3 3 1			0.01		-2.21		32.93		0.25973	0.5106	38.1558496662	33.1617
0 4 12			0.01		-2.2		32.61		0.25961	1.4889	60.4300914167	161.7651
1 3 9			0.01		-2.19		32.27		0.25961	0.2622	45.3040218183	7.1674
1 3 13			0.01		-2.18		31.95		0.25956	0.3907	59.4200243294	11.5335
2 0 6			-0.02		-2.2		32.72		0.25959	1.6278	29.1406672869	128.8477
1 5 13			0.01		-2.19		32.41		0.25954	1.1973	71.2966048402	12.6128
6 4 4			0.01		-2.18		32.12		0.25953	0.6669	69.2748711385	33.991
3 1 1			0.01		-2.17		31.81		0.25952	0.5239	28.3131072915	41.7464
2 4 12			-0.02		-2.19		32.38		0.26065	0.2205	63.4791913795	4.8908
3 3 3			-0.0		-2.2		32.54		0.26069	0.8081	39.7679129272	70.9373
2 4 8			0.01		-2.19		32.24		0.26079	0.1687	51.4325245866	2.4593
1 1 11			-0.05		-2.24		33.94		0.26127	2.144	44.8525636461	378.5934
0 2 8			0.01		-2.23		33.58		0.26128	0.1155	35.7619852008	1.7384
2 6 6			-0.07		-2.3		36.14		0.26138	5.383	63.2392339525	346.2148
3 3 13			0.01		-2.29		35.81		0.26134	0.5636	65.4922780779	9.1158
6 2 4			0.01		-2.28		35.49		0.26136	0.8727	60.3342977717	77.9073
1 3 5			-0.03		-2.31		36.44		0.2612	3.1323	34.189462707	190.138
6 2 8			-0.01		-2.32		36.93		0.261	3.3751	67.1207225085	222.106
6 0 12			-0.02		-2.34		37.87		0.2646	0.5892	74.995462768	0.9301