HKL Value		Reward		TotalReward	Chi Squared	Z Appr. 	Error	Two-Thetas	Sfs2
0 0 10			0.0		0.0		0.0		0.3	0.8316	38.8438017949	41.7013
0 0 20			0.0		0.0		1.46		0.32039	0.4542	83.3712939521	4.3689
6 4 2			0.44		0.44		1.02		0.32015	0.2211	67.6401768609	4.8049
4 2 10			0.48		0.92		0.68		0.31984	1.1102	57.0442200735	11.3144
6 4 0			0.32		1.25		0.52		0.31984	1.8287	67.0910631577	58.6803
4 6 0			0.23		1.47		0.42		0.31984	0.7863	67.1083315067	59.4729
4 6 2			-0.15		1.32		0.5		0.31971	0.2349	67.657370766	5.5969
4 0 10			0.09		1.4		0.46		0.32035	0.6243	53.7713327333	45.2096
2 6 10			0.1		1.5		0.42		0.32069	0.7069	72.0169435829	44.7171
4 4 10			0.12		1.62		0.37		0.3206	0.6886	66.23802526	47.6672
1 1 11			-0.99		0.63		32.24		0.32108	2.144	44.8525636461	378.5934
0 6 2			0.09		0.72		29.56		0.32105	0.2356	55.3895592761	6.1752
6 2 10			0.09		0.81		27.1		0.3212	0.7103	71.9901825081	43.9921
6 0 8			0.08		0.89		25.12		0.32145	2.9234	64.163237895	5.3359
3 1 1			0.03		0.92		24.29		0.32134	0.5239	28.3131072915	41.7464
0 6 8			0.07		0.99		22.74		0.32155	0.7694	64.1950429677	5.6946
2 4 10			0.06		1.06		21.36		0.32124	0.607	57.0555982332	12.0937
1 5 3			0.0		1.06		21.25		0.32135	0.9511	47.585042181	85.8034
6 0 2			0.05		1.11		20.2		0.32133	0.2214	55.354768557	5.4487
0 6 10			0.06		1.17		19.14		0.32139	0.8527	69.1637693973	8.5049
2 4 14			0.05		1.22		18.28		0.32139	0.5221	70.6383718296	19.4111
4 2 14			0.04		1.26		17.52		0.32139	1.2576	70.6282605877	19.9713
0 2 18			-0.01		1.25		17.74		0.31825	0.3755	76.3208597895	3.7538
4 6 4			-0.02		1.23		18.02		0.31825	1.0731	69.291881243	33.3045
5 5 7			-0.07		1.16		19.36		0.31946	0.6639	72.2860687267	4.3062