HKL Value		Reward		TotalReward	Chi Squared	Z Appr. 	Error	Two-Thetas	Sfs2
0 4 16			0.0		0.0		0.0		0.3	1.5557	75.7704700384	94.8658
0 0 10			0.0		0.0		0.01		0.32125	0.8316	38.8438017949	41.7013
0 0 22			-0.99		-0.99		1.67		0.32023	2.2765	94.0325860765	137.6091
1 3 9			-0.62		-1.61		4.37		0.31834	0.2622	45.3040218183	7.1674
6 0 2			0.15		-1.46		3.81		0.3183	0.2214	55.354768557	5.4487
0 0 20			0.23		-1.24		3.11		0.31794	0.4542	83.3712939521	4.3689
6 4 2			0.17		-1.07		2.66		0.3179	0.2211	67.6401768609	4.8049
5 1 3			-0.51		-1.58		5.4		0.31809	0.9592	47.5591860667	88.1873
0 0 12			-0.51		-2.09		10.98		0.32131	3.2426	47.0346015839	274.3783
3 5 3			-0.16		-2.25		13.07		0.3214	0.9259	54.5093201099	87.7589
4 2 10			0.11		-2.14		11.8		0.32123	1.1102	57.0442200735	11.3144
0 0 2			-0.35		-2.49		18.05		0.32127	1.161	7.62646333295	98.931
6 4 0			0.09		-2.39		16.55		0.32127	1.8287	67.0910631577	58.6803
4 6 2			0.08		-2.32		15.35		0.32124	0.2349	67.657370766	5.5969
0 2 12			0.0		-2.31		15.32		0.31929	0.3827	50.6142203783	17.5707
1 3 11			-0.51		-2.82		31.25		0.31938	2.4293	52.0561920156	298.4303
0 2 0			-0.03		-2.86		32.26		0.31938	1.4407	17.6394681947	177.2483
4 6 0			0.06		-2.79		30.37		0.31938	0.7863	67.1083315067	59.4729
0 6 8			0.06		-2.74		28.77		0.31951	0.7694	64.1950429677	5.6946
6 0 8			0.05		-2.69		27.36		0.31967	2.9234	64.163237895	5.3359
1 5 5			-0.12		-2.8		30.99		0.31988	1.8923	50.2743192378	127.3636
5 3 3			-0.0		-2.8		31.03		0.31998	0.9351	54.4936931553	89.9375
2 4 14			0.04		-2.76		29.72		0.32004	0.5221	70.6383718296	19.4111
7 3 1			0.04		-2.72		28.54		0.32	0.5095	71.5359286583	22.1332
2 6 10			0.04		-2.68		27.37		0.32018	0.7069	72.0169435829	44.7171
0 4 18			-0.01		-2.69		27.7		0.31681	0.8369	84.5238780681	17.4513
4 0 6			-0.24		-2.93		36.6		0.31723	5.3963	42.900258124	488.2208
4 2 14			0.03		-2.9		35.37		0.31731	1.2576	70.6282605877	19.9713
4 0 10			0.03		-2.86		34.19		0.31751	0.6243	53.7713327333	45.2096
4 4 10			0.03		-2.83		33.05		0.31763	0.6886	66.23802526	47.6672
6 2 10			0.03		-2.8		32.03		0.31782	0.7103	71.9901825081	43.9921
5 3 1			0.02		-2.77		31.28		0.3178	0.5252	53.2386121167	32.835
3 7 1			0.03		-2.74		30.38		0.31778	1.2822	71.5694631273	22.2453
3 5 9			0.03		-2.71		29.46		0.31778	0.4755	65.0802252419	19.5165
2 0 16			0.02		-2.69		28.86		0.31814	0.5935	67.2372591268	11.8907
1 7 3			0.0		-2.69		28.72		0.31817	0.9932	66.8968211493	90.2271
0 0 16			0.03		-2.66		27.93		0.31814	1.3342	64.286058028	116.6634
1 1 15			0.02		-2.64		27.4		0.31834	0.656	61.3839959686	20.6242
0 2 16			0.02		-2.62		26.81		0.31858	1.8687	67.2407114996	13.8307
4 2 2			0.02		-2.59		26.26		0.31857	0.457	40.8620305525	12.2524
5 1 9			0.02		-2.57		25.65		0.31848	0.4583	58.9619928854	19.0838
0 6 10			0.02		-2.55		25.06		0.31859	0.8527	69.1637693973	8.5049
7 1 1			0.02		-2.53		24.61		0.31857	0.5207	65.7483230412	25.2044
0 2 6			0.01		-2.52		24.44		0.31867	1.1672	29.1471999487	131.5155
2 2 10			0.02		-2.5		23.9		0.31875	0.6429	46.7739448495	44.8949
5 5 7			-0.02		-2.52		24.44		0.31949	0.6639	72.2860687267	4.3062
1 3 15			0.02		-2.5		23.92		0.31944	0.2862	67.3623786269	8.1809
2 0 14			0.02		-2.48		23.56		0.31939	0.2634	58.6945218607	7.3942
2 4 10			0.02		-2.46		23.07		0.31939	0.607	57.0555982332	12.0937
0 2 18			0.0		-2.46		22.95		0.31861	0.3755	76.3208597895	3.7538
1 5 1			0.01		-2.44		22.64		0.31861	0.4978	46.196563203	27.3004
5 3 9			0.02		-2.42		22.2		0.3186	0.4833	65.0662013285	20.8409
3 7 3			0.0		-2.42		22.13		0.31862	0.8954	72.6346668965	71.6226
5 5 1			0.02		-2.4		21.76		0.31862	0.5073	65.769247456	23.9531
2 0 10			0.02		-2.39		21.4		0.31855	0.6169	42.9543880851	20.236
6 0 10			0.02		-2.37		21.03		0.31861	1.0728	69.1331306246	8.9056
9 1 1			0.02		-2.35		20.69		0.31861	0.8793	87.9915459652	19.6393
0 4 20			0.01		-2.34		20.44		0.31851	1.027	94.1654323607	18.6345
2 4 2			0.01		-2.33		20.19		0.3185	0.3828	40.8766170199	13.2501
2 2 16			0.02		-2.31		19.85		0.3185	1.1693	70.1293332912	108.6018
0 6 6			0.02		-2.29		19.52		0.3185	1.0147	60.183190367	40.9583
0 6 12			-0.02		-2.32		19.93		0.31768	0.3425	75.0250979777	1.887
3 5 1			0.01		-2.31		19.74		0.31767	0.5283	53.2544885252	31.9012
1 5 9			0.01		-2.29		19.45		0.31761	0.4394	58.984264935	17.7365
0 6 2			0.01		-2.28		19.19		0.31761	0.2356	55.3895592761	6.1752
0 4 10			0.01		-2.26		18.93		0.3177	0.9893	53.7871001638	44.1425
3 1 15			0.02		-2.25		18.65		0.31771	0.2871	67.3554895111	7.7692
6 4 6			0.01		-2.24		18.46		0.31767	0.9247	71.9614498967	41.9809
4 2 8			-0.0		-2.24		18.51		0.31775	0.7605	51.4203212226	2.5419
0 2 14			0.01		-2.23		18.35		0.31767	0.2479	58.6982494177	6.3292
2 4 6			0.01		-2.22		18.11		0.31769	0.785	46.7364348384	64.2552
4 4 8			-0.12		-2.34		20.5		0.3177	3.9407	61.1479986878	218.5721
0 2 10			0.01		-2.32		20.24		0.31765	0.4317	42.9590557724	21.0204
0 4 6			-0.14		-2.46		23.42		0.3178	3.7688	42.9189471786	481.9509
7 1 3			-0.0		-2.46		23.44		0.31781	1.4031	66.8553232335	91.2915
3 3 1			0.01		-2.45		23.23		0.31781	0.5106	38.1558496662	33.1617
1 3 13			-0.01		-2.46		23.52		0.31834	0.3907	59.4200243294	11.5335
6 2 4			0.0		-2.46		23.48		0.31828	0.8727	60.3342977717	77.9073
2 2 12			-0.01		-2.47		23.6		0.31852	1.9766	54.0147953295	208.0279
3 1 9			0.01		-2.46		23.36		0.31843	0.36	45.2950695798	8.7768
2 6 8			-0.08		-2.54		25.37		0.31846	4.3291	67.1483383839	218.3417
6 0 6			0.01		-2.52		25.06		0.31845	1.0815	60.1501886982	39.9969
2 0 12			0.01		-2.52		24.87		0.31825	0.8079	50.6101057273	16.6151
1 1 13			-0.01		-2.52		25.1		0.31873	0.3722	52.9310122384	10.9703
1 7 1			0.01		-2.52		24.88		0.31872	0.5219	65.7901743415	26.2984
0 6 0			0.01		-2.51		24.66		0.31872	1.4277	54.7714555341	59.4019
5 1 1			0.01		-2.5		24.46		0.31872	0.5346	46.1701152	26.7419
0 6 16			0.0		-2.49		24.34		0.31892	0.4825	89.3859051251	7.6515
1 5 13			-0.0		-2.5		24.43		0.31927	1.1973	71.2966048402	12.6128
4 4 12			0.01		-2.49		24.17		0.31932	1.9475	72.2035773977	130.2426
6 0 0			0.01		-2.48		23.96		0.31932	0.7256	54.7363985401	55.434
4 2 6			0.01		-2.47		23.7		0.31932	1.6049	46.7233273538	62.1975
0 4 4			0.0		-2.47		23.67		0.31928	0.8482	39.0545896029	78.0016
1 1 3			0.0		-2.46		23.56		0.31928	0.4514	16.9416048235	36.8187
1 3 1			0.0		-2.46		23.45		0.31928	0.5324	28.3265170018	42.1271
0 4 12			0.0		-2.45		23.36		0.3194	1.4889	60.4300914167	161.7651
5 1 7			-0.01		-2.46		23.48		0.31966	0.2609	54.1000446603	4.252
2 4 0			0.0		-2.45		23.38		0.31966	1.4359	40.0960076051	88.2765
5 1 13			-0.0		-2.46		23.48		0.31998	0.4567	71.2764535317	11.3258
6 4 4			-0.0		-2.46		23.49		0.31998	0.6669	69.2748711385	33.991
3 3 13			-0.01		-2.47		23.67		0.32035	0.5636	65.4922780779	9.1158