HKL Value		Reward		TotalReward	Chi Squared	Z Appr. 	Error	Two-Thetas	Sfs2
0 0 10			0.0		0.0		0.0		0.3	0.8316	38.8438017949	41.7013
0 0 20			0.0		0.0		1.46		0.32039	0.4542	83.3712939521	4.3689
4 0 6			-0.99		-0.99		123.75		0.32633	5.3963	42.900258124	488.2208
4 2 8			0.48		-0.51		83.8		0.33123	0.7605	51.4203212226	2.5419
6 4 2			0.33		-0.18		63.15		0.33106	0.2211	67.6401768609	4.8049
3 3 3			0.16		-0.02		54.38		0.33114	0.8081	39.7679129272	70.9373
4 2 10			0.17		0.15		46.28		0.3294	1.1102	57.0442200735	11.3144
6 4 0			0.17		0.32		39.67		0.3294	1.8287	67.0910631577	58.6803
4 6 2			0.14		0.46		34.9		0.32907	0.2349	67.657370766	5.5969
4 6 0			0.12		0.58		31.03		0.32907	0.7863	67.1083315067	59.4729
0 6 8			0.11		0.69		27.93		0.32873	0.7694	64.1950429677	5.6946
6 0 8			0.1		0.79		25.39		0.32863	2.9234	64.163237895	5.3359
6 0 2			0.08		0.87		23.48		0.32855	0.2214	55.354768557	5.4487
2 6 10			0.07		0.94		22.0		0.32603	0.7069	72.0169435829	44.7171
4 0 10			0.07		1.01		20.59		0.32478	0.6243	53.7713327333	45.2096
2 4 14			0.06		1.07		19.39		0.32445	0.5221	70.6383718296	19.4111
0 6 4			-0.04		1.03		20.2		0.32448	0.6675	57.2171401797	42.9768
4 4 10			0.06		1.09		19.13		0.32368	0.6886	66.23802526	47.6672
7 3 1			0.05		1.13		18.24		0.32362	0.5095	71.5359286583	22.1332
4 2 14			0.05		1.18		17.41		0.32345	1.2576	70.6282605877	19.9713
6 2 10			0.05		1.23		16.56		0.32317	0.7103	71.9901825081	43.9921
3 7 1			0.04		1.27		15.92		0.32312	1.2822	71.5694631273	22.2453
3 5 9			0.04		1.32		15.28		0.3228	0.4755	65.0802252419	19.5165
2 0 16			0.04		1.36		14.62		0.32303	0.5935	67.2372591268	11.8907
1 1 15			0.04		1.4		14.07		0.32339	0.656	61.3839959686	20.6242
2 4 8			0.0		1.4		14.01		0.32408	0.1687	51.4325245866	2.4593
2 2 12			-0.0		1.4		14.01		0.32484	1.9766	54.0147953295	208.0279
4 2 2			0.02		1.43		13.72		0.32481	0.457	40.8620305525	12.2524
6 2 4			-0.03		1.39		14.16		0.32447	0.8727	60.3342977717	77.9073
0 2 16			0.03		1.43		13.69		0.32426	1.8687	67.2407114996	13.8307
4 0 2			-0.18		1.25		16.73		0.32436	1.7854	36.5531212028	138.5255
0 4 12			0.02		1.27		16.33		0.32471	1.4889	60.4300914167	161.7651
0 2 4			-0.12		1.15		18.62		0.3248	1.326	23.4223631322	110.0283
5 1 9			0.02		1.16		18.32		0.32443	0.4583	58.9619928854	19.0838
0 6 10			0.03		1.19		17.8		0.32431	0.8527	69.1637693973	8.5049
5 5 3			-0.0		1.19		17.83		0.32434	0.8107	66.8760743485	64.1048
1 3 15			0.01		1.21		17.6		0.3234	0.2862	67.3623786269	8.1809
1 5 5			-0.11		1.1		19.78		0.32353	1.8923	50.2743192378	127.3636
2 4 10			0.02		1.12		19.3		0.32339	0.607	57.0555982332	12.0937
2 6 8			-0.18		0.94		23.46		0.32356	4.3291	67.1483383839	218.3417
2 0 14			0.02		0.96		23.04		0.32372	0.2634	58.6945218607	7.3942
2 2 14			-0.06		0.9		24.54		0.32372	1.0835	61.7979105177	101.9829
0 0 12			-0.01		0.89		24.76		0.32443	3.2426	47.0346015839	274.3783
7 1 1			0.02		0.91		24.33		0.32441	0.5207	65.7483230412	25.2044
3 3 1			0.01		0.92		23.98		0.32438	0.5106	38.1558496662	33.1617
2 2 10			0.02		0.94		23.49		0.32418	0.6429	46.7739448495	44.8949
1 5 1			0.01		0.96		23.15		0.32416	0.4978	46.196563203	27.3004
0 0 22			0.01		0.97		22.87		0.32349	2.2765	94.0325860765	137.6091
5 1 5			-0.06		0.91		24.43		0.32359	1.1901	50.2495039981	127.1383
0 6 12			-0.06		0.84		26.12		0.32081	0.3425	75.0250979777	1.887
5 3 9			0.02		0.86		25.6		0.32077	0.4833	65.0662013285	20.8409
1 7 5			-0.04		0.83		26.55		0.32083	1.0841	69.0835930101	99.7513
5 1 11			-0.09		0.73		29.34		0.32088	3.2753	64.7131722767	203.727
5 5 1			0.02		0.75		28.83		0.32087	0.5073	65.769247456	23.9531
0 2 10			0.02		0.77		28.38		0.32073	0.4317	42.9590557724	21.0204
2 0 6			0.01		0.77		28.12		0.32082	1.6278	29.1406672869	128.8477
1 7 7			0.01		0.78		27.92		0.32127	0.4353	72.3061031614	6.1143
2 0 10			0.01		0.8		27.52		0.32114	0.6169	42.9543880851	20.236
6 0 10			0.02		0.81		27.04		0.32115	1.0728	69.1331306246	8.9056
9 1 1			0.02		0.83		26.61		0.32115	0.8793	87.9915459652	19.6393
0 2 22			0.0		0.83		26.53		0.32088	1.8317	96.7387030121	97.213
0 4 20			0.01		0.84		26.25		0.32079	1.027	94.1654323607	18.6345
2 2 16			0.02		0.86		25.84		0.32069	1.1693	70.1293332912	108.6018
5 1 7			-0.0		0.86		25.87		0.32122	0.2609	54.1000446603	4.252
6 0 6			0.02		0.87		25.47		0.3212	1.0815	60.1501886982	39.9969
0 6 6			0.02		0.89		25.09		0.32118	1.0147	60.183190367	40.9583
5 3 1			0.01		0.9		24.84		0.32117	0.5252	53.2386121167	32.835
1 5 9			0.01		0.91		24.56		0.32103	0.4394	58.984264935	17.7365
0 6 2			0.01		0.92		24.24		0.32103	0.2356	55.3895592761	6.1752
0 4 10			0.01		0.94		23.89		0.32105	0.9893	53.7871001638	44.1425
3 3 13			-0.0		0.94		23.98		0.32181	0.5636	65.4922780779	9.1158
0 4 6			-0.11		0.82		27.07		0.32196	3.7688	42.9189471786	481.9509
0 6 16			0.01		0.83		26.74		0.32216	0.4825	89.3859051251	7.6515
1 1 5			-0.08		0.76		28.96		0.32224	1.9661	22.8949597146	247.5537
3 1 15			0.01		0.77		28.63		0.32202	0.2871	67.3554895111	7.7692
0 4 0			-0.18		0.59		34.98		0.32202	6.137	35.7152072575	818.959
6 4 6			0.01		0.6		34.64		0.32196	0.9247	71.9614498967	41.9809
0 2 14			0.01		0.61		34.33		0.32198	0.2479	58.6982494177	6.3292
2 4 6			0.01		0.62		33.89		0.32199	0.785	46.7364348384	64.2552
4 4 0			-0.1		0.52		37.59		0.32199	4.9852	51.3853572345	648.027
2 4 2			0.01		0.53		37.21		0.32198	0.3828	40.8766170199	13.2501
1 3 13			0.01		0.54		36.94		0.32239	0.3907	59.4200243294	11.5335
3 1 9			0.01		0.55		36.63		0.32225	0.36	45.2950695798	8.7768
1 3 3			0.01		0.55		36.43		0.32225	0.7045	30.3940112777	66.1614
6 0 0			0.01		0.56		36.05		0.32225	0.7256	54.7363985401	55.434
2 6 2			-0.02		0.54		36.81		0.32228	1.2892	58.5985395934	134.3564
3 7 5			-0.01		0.53		37.09		0.32232	1.0548	74.7470539899	89.5814
1 7 1			0.01		0.54		36.75		0.32232	0.5219	65.7901743415	26.2984
0 6 0			0.01		0.55		36.4		0.32232	1.4277	54.7714555341	59.4019
1 1 13			0.01		0.56		36.16		0.3227	0.3722	52.9310122384	10.9703
6 2 8			-0.04		0.52		37.82		0.32275	3.3751	67.1207225085	222.106
4 4 12			0.01		0.53		37.4		0.32273	1.9475	72.2035773977	130.2426
0 0 2			-0.01		0.51		37.87		0.32274	1.161	7.62646333295	98.931
4 2 6			0.01		0.52		37.47		0.32275	1.6049	46.7233273538	62.1975
1 1 3			0.01		0.53		37.2		0.32275	0.4514	16.9416048235	36.8187
1 3 1			0.01		0.54		36.96		0.32274	0.5324	28.3265170018	42.1271
3 3 9			0.01		0.55		36.66		0.32264	0.3816	52.4524123761	12.0632
0 4 4			0.0		0.55		36.53		0.32258	0.8482	39.0545896029	78.0016
2 4 0			0.01		0.56		36.3		0.32258	1.4359	40.0960076051	88.2765
1 3 9			0.01		0.56		36.11		0.3224	0.2622	45.3040218183	7.1674
0 6 14			0.01		0.57		35.84		0.32239	0.9096	81.7552219026	27.2955
5 1 13			0.01		0.58		35.63		0.32273	0.4567	71.2764535317	11.3258