HKL Value		Reward		TotalReward	Chi Squared	Z Appr. 	Error	Two-Thetas	Sfs2
0 0 10			0.0		0.0		0.0		0.3	0.8316	38.8438017949	41.7013
6 0 2			0.0		0.0		0.42		0.27843	0.2214	55.354768557	5.4487
7 3 1			0.53		0.53		0.28		0.27835	0.5095	71.5359286583	22.1332
0 0 20			-0.6		-0.06		0.69		0.27937	0.4542	83.3712939521	4.3689
6 4 2			0.09		0.03		0.63		0.27954	0.2211	67.6401768609	4.8049
0 6 8			-0.35		-0.33		0.97		0.27825	0.7694	64.1950429677	5.6946
4 2 10			0.15		-0.18		0.85		0.27952	1.1102	57.0442200735	11.3144
0 0 16			-0.88		-1.06		6.92		0.26466	1.3342	64.286058028	116.6634
3 5 11			-0.5		-1.56		13.84		0.26592	1.8915	70.5555824797	206.4699
1 5 3			-0.21		-1.77		17.59		0.26642	0.9511	47.585042181	85.8034
4 6 2			0.11		-1.66		15.88		0.26645	0.2349	67.657370766	5.5969
6 0 8			0.1		-1.57		14.48		0.26672	2.9234	64.163237895	5.3359
2 4 14			0.01		-1.56		14.35		0.26663	0.5221	70.6383718296	19.4111
6 4 0			0.08		-1.47		13.24		0.26663	1.8287	67.0910631577	58.6803
0 2 6			-0.3		-1.78		18.98		0.27843	1.1672	29.1471999487	131.5155
4 2 14			0.06		-1.71		17.87		0.28032	1.2576	70.6282605877	19.9713
6 2 0			-0.48		-2.19		34.39		0.28032	4.3933	57.9728440251	566.5186
4 6 0			0.06		-2.13		32.37		0.28032	0.7863	67.1083315067	59.4729
0 4 16			0.0		-2.13		32.22		0.26455	1.5557	75.7704700384	94.8658
2 6 10			0.03		-2.1		31.39		0.26517	0.7069	72.0169435829	44.7171
3 7 1			0.05		-2.05		29.82		0.26517	1.2822	71.5694631273	22.2453
4 4 10			0.02		-2.03		29.25		0.26624	0.6886	66.23802526	47.6672
3 5 9			0.03		-2.0		28.47		0.26657	0.4755	65.0802252419	19.5165
7 3 3			0.01		-2.0		28.31		0.27939	1.9283	72.601334037	69.5466
1 1 15			0.04		-1.96		27.27		0.2776	0.656	61.3839959686	20.6242
4 2 2			0.04		-1.92		26.27		0.27754	0.457	40.8620305525	12.2524
0 4 20			0.02		-1.9		25.65		0.27824	1.027	94.1654323607	18.6345
2 0 16			0.03		-1.86		24.86		0.27874	0.5935	67.2372591268	11.8907
1 5 1			0.03		-1.83		24.07		0.27861	0.4978	46.196563203	27.3004
6 2 10			0.04		-1.79		23.24		0.27851	0.7103	71.9901825081	43.9921
4 0 10			0.03		-1.76		22.47		0.27854	0.6243	53.7713327333	45.2096
5 1 9			0.02		-1.74		22.11		0.27854	0.4583	58.9619928854	19.0838
1 7 5			-0.07		-1.81		23.73		0.27815	1.0841	69.0835930101	99.7513
2 4 2			0.03		-1.78		23.09		0.2781	0.3828	40.8766170199	13.2501
1 3 15			0.03		-1.76		22.48		0.27921	0.2862	67.3623786269	8.1809
4 0 8			-0.15		-1.9		26.33		0.27764	2.9483	47.8850437629	244.3799
9 1 1			0.03		-1.88		25.6		0.27764	0.8793	87.9915459652	19.6393
6 0 0			0.02		-1.85		25.04		0.27764	0.7256	54.7363985401	55.434
2 4 10			0.03		-1.83		24.4		0.27789	0.607	57.0555982332	12.0937
2 0 14			0.03		-1.8		23.79		0.27802	0.2634	58.6945218607	7.3942
0 6 0			0.02		-1.78		23.35		0.27802	1.4277	54.7714555341	59.4019
5 3 9			0.01		-1.77		23.05		0.27802	0.4833	65.0662013285	20.8409
0 6 10			0.02		-1.74		22.5		0.27802	0.8527	69.1637693973	8.5049
2 0 10			0.02		-1.73		22.1		0.27842	0.6169	42.9543880851	20.236
5 5 1			0.02		-1.7		21.6		0.27842	0.5073	65.769247456	23.9531
2 2 16			-0.04		-1.75		22.6		0.2779	1.1693	70.1293332912	108.6018
2 4 6			-0.02		-1.77		23.01		0.27828	0.785	46.7364348384	64.2552
5 3 1			0.02		-1.75		22.6		0.27823	0.5252	53.2386121167	32.835
2 2 10			0.02		-1.73		22.13		0.27833	0.6429	46.7739448495	44.8949
4 4 12			-0.02		-1.74		22.49		0.27679	1.9475	72.2035773977	130.2426
6 0 10			0.02		-1.72		22.05		0.27692	1.0728	69.1331306246	8.9056
7 1 1			0.02		-1.7		21.65		0.2769	0.5207	65.7483230412	25.2044
4 2 6			-0.02		-1.72		22.02		0.27724	1.6049	46.7233273538	62.1975
0 6 6			-0.0		-1.72		22.11		0.27746	1.0147	60.183190367	40.9583
0 2 14			0.02		-1.71		21.71		0.27755	0.2479	58.6982494177	6.3292
0 2 12			0.01		-1.69		21.41		0.27713	0.3827	50.6142203783	17.5707
6 4 6			0.0		-1.69		21.39		0.27747	0.9247	71.9614498967	41.9809
0 2 16			0.01		-1.68		21.12		0.27763	1.8687	67.2407114996	13.8307
0 6 4			0.01		-1.67		21.0		0.27747	0.6675	57.2171401797	42.9768
1 5 9			0.01		-1.66		20.82		0.27747	0.4394	58.984264935	17.7365
3 1 15			0.01		-1.65		20.55		0.27837	0.2871	67.3554895111	7.7692
1 3 13			0.01		-1.64		20.3		0.27852	0.3907	59.4200243294	11.5335
5 1 1			0.01		-1.62		20.01		0.2785	0.5346	46.1701152	26.7419
1 7 1			0.01		-1.61		19.73		0.27847	0.5219	65.7901743415	26.2984
3 5 1			0.01		-1.6		19.47		0.27844	0.5283	53.2544885252	31.9012
0 4 10			0.02		-1.58		19.17		0.27844	0.9893	53.7871001638	44.1425
7 1 7			-0.1		-1.69		21.41		0.26131	0.3505	72.2660298289	5.0526
3 3 1			0.01		-1.67		21.11		0.2613	0.5106	38.1558496662	33.1617
1 3 9			0.01		-1.66		20.85		0.26131	0.2622	45.3040218183	7.1674
3 1 9			0.01		-1.65		20.62		0.26133	0.36	45.2950695798	8.7768
0 6 2			0.01		-1.63		20.33		0.26133	0.2356	55.3895592761	6.1752
1 1 3			-0.0		-1.64		20.42		0.26133	0.4514	16.9416048235	36.8187
1 1 1			0.01		-1.63		20.22		0.26133	0.5749	13.0194761966	56.7652
0 6 16			0.01		-1.61		19.95		0.26141	0.4825	89.3859051251	7.6515
1 5 7			-0.06		-1.68		21.28		0.26033	0.6035	54.1236034243	4.2528
0 0 22			-0.02		-1.69		21.67		0.26097	2.2765	94.0325860765	137.6091
3 7 5			-0.01		-1.71		21.98		0.26086	1.0548	74.7470539899	89.5814