HKL Value		Reward		TotalReward	Chi Squared	Z Appr. 	Error	Two-Thetas	Sfs2
0 0 10			0.0		0.0		0.0		0.3	0.8316	38.8438017949	41.7013
0 0 20			0.0		0.0		1.46		0.32039	0.4542	83.3712939521	4.3689
6 0 2			-0.21		-0.21		1.83		0.32018	0.2214	55.354768557	5.4487
1 1 3			-0.67		-0.87		5.52		0.32072	0.4514	16.9416048235	36.8187
6 4 2			0.29		-0.59		4.29		0.32048	0.2211	67.6401768609	4.8049
4 2 10			0.25		-0.34		3.44		0.32001	1.1102	57.0442200735	11.3144
1 1 1			-0.4		-0.74		5.75		0.3196	0.5749	13.0194761966	56.7652
6 4 0			0.17		-0.57		4.93		0.3196	1.8287	67.0910631577	58.6803
4 6 0			0.14		-0.43		4.32		0.3196	0.7863	67.1083315067	59.4729
4 0 10			0.12		-0.32		3.87		0.32028	0.6243	53.7713327333	45.2096
4 6 2			0.08		-0.23		3.57		0.3202	0.2349	67.657370766	5.5969
2 4 2			-0.07		-0.3		3.82		0.32007	0.3828	40.8766170199	13.2501
2 6 10			0.09		-0.21		3.52		0.32048	0.7069	72.0169435829	44.7171
4 4 10			0.08		-0.13		3.25		0.32044	0.6886	66.23802526	47.6672
6 2 10			0.07		-0.06		3.04		0.32068	0.7103	71.9901825081	43.9921
1 3 9			-0.15		-0.21		3.59		0.3194	0.2622	45.3040218183	7.1674
6 0 8			0.03		-0.19		3.49		0.31958	2.9234	64.163237895	5.3359
0 6 8			0.03		-0.15		3.38		0.31973	0.7694	64.1950429677	5.6946
2 4 10			0.06		-0.09		3.2		0.31966	0.607	57.0555982332	12.0937
2 0 6			-0.16		-0.26		3.81		0.32001	1.6278	29.1406672869	128.8477
7 1 7			-0.2		-0.45		4.74		0.3219	0.3505	72.2660298289	5.0526
2 4 4			-0.32		-0.77		6.95		0.32193	0.8182	43.1484985256	64.6996