HKL Value		Reward		TotalReward	Chi Squared	Z Appr. 	Error	Two-Thetas	Sfs2
0 0 10			0.0		0.0		0.0		0.3	0.8316	38.8438017949	41.7013
3 1 15			0.0		0.0		3.36		0.38085	0.2871	67.3554895111	7.7692
1 5 5			-0.75		-0.75		13.46		0.383	1.8923	50.2743192378	127.3636
0 0 20			0.5		-0.25		8.97		0.38305	0.4542	83.3712939521	4.3689
6 4 2			0.28		0.03		7.02		0.38312	0.2211	67.6401768609	4.8049
4 2 10			0.22		0.25		5.75		0.38258	1.1102	57.0442200735	11.3144
6 4 0			0.2		0.45		4.8		0.38258	1.8287	67.0910631577	58.6803
4 6 0			0.16		0.61		4.12		0.38258	0.7863	67.1083315067	59.4729
4 6 2			0.08		0.69		3.81		0.38265	0.2349	67.657370766	5.5969
4 0 10			0.06		0.76		3.59		0.38163	0.6243	53.7713327333	45.2096
2 6 10			0.07		0.83		3.34		0.38082	0.7069	72.0169435829	44.7171
5 1 1			-0.21		0.62		4.25		0.38075	0.5346	46.1701152	26.7419
4 4 10			0.09		0.7		3.9		0.38053	0.6886	66.23802526	47.6672
6 2 10			0.07		0.77		3.65		0.38009	0.7103	71.9901825081	43.9921
6 0 8			-0.08		0.69		3.96		0.38049	2.9234	64.163237895	5.3359
0 6 8			-0.05		0.65		4.16		0.38086	0.7694	64.1950429677	5.6946
2 4 10			0.07		0.71		3.9		0.38088	0.607	57.0555982332	12.0937
1 5 9			-0.1		0.62		4.32		0.38096	0.4394	58.984264935	17.7365
6 0 2			0.05		0.67		4.09		0.38099	0.2214	55.354768557	5.4487
0 6 10			0.04		0.71		3.93		0.38063	0.8527	69.1637693973	8.5049
2 4 14			-0.07		0.64		4.23		0.3811	0.5221	70.6383718296	19.4111
0 4 0			-0.85		-0.21		28.05		0.3811	6.137	35.7152072575	818.959
4 2 14			0.03		-0.18		27.22		0.38156	1.2576	70.6282605877	19.9713
3 5 9			0.03		-0.15		26.52		0.38166	0.4755	65.0802252419	19.5165
1 3 9			0.04		-0.11		25.47		0.38174	0.2622	45.3040218183	7.1674
2 0 16			0.03		-0.08		24.65		0.38252	0.5935	67.2372591268	11.8907
7 3 1			0.03		-0.05		24.02		0.3825	0.5095	71.5359286583	22.1332
6 2 6			-0.25		-0.29		31.83		0.38156	3.9921	63.2107357729	344.5633
1 7 1			0.02		-0.27		31.15		0.38153	0.5219	65.7901743415	26.2984
3 7 1			0.03		-0.25		30.35		0.3815	1.2822	71.5694631273	22.2453
3 1 3			-0.0		-0.25		30.47		0.3813	1.2003	30.3814370344	67.5761
2 2 10			0.03		-0.22		29.51		0.38103	0.6429	46.7739448495	44.8949
0 2 16			0.03		-0.19		28.72		0.38166	1.8687	67.2407114996	13.8307
6 0 10			0.03		-0.16		27.88		0.38141	1.0728	69.1331306246	8.9056
4 2 2			0.02		-0.14		27.22		0.38144	0.457	40.8620305525	12.2524
7 1 7			0.03		-0.11		26.45		0.38136	0.3505	72.2660298289	5.0526
1 1 15			0.01		-0.09		26.07		0.38159	0.656	61.3839959686	20.6242
7 1 1			0.01		-0.08		25.69		0.38158	0.5207	65.7483230412	25.2044
1 3 15			0.02		-0.05		25.07		0.38181	0.2862	67.3623786269	8.1809
2 0 6			-0.05		-0.1		26.27		0.38127	1.6278	29.1406672869	128.8477
5 3 9			0.01		-0.08		25.92		0.38134	0.4833	65.0662013285	20.8409
9 1 1			0.02		-0.07		25.44		0.38133	0.8793	87.9915459652	19.6393
5 5 1			0.02		-0.05		25.03		0.38131	0.5073	65.769247456	23.9531
5 1 9			0.01		-0.04		24.72		0.38135	0.4583	58.9619928854	19.0838
0 4 10			0.02		-0.02		24.19		0.38107	0.9893	53.7871001638	44.1425
2 0 10			0.02		0.01		23.71		0.3813	0.6169	42.9543880851	20.236
1 5 1			0.01		0.01		23.49		0.38129	0.4978	46.196563203	27.3004
0 6 2			0.02		0.04		23.0		0.3813	0.2356	55.3895592761	6.1752
0 6 6			0.0		0.04		22.97		0.38105	1.0147	60.183190367	40.9583
0 4 16			0.02		0.06		22.52		0.38131	1.5557	75.7704700384	94.8658
0 6 16			0.01		0.07		22.32		0.38221	0.4825	89.3859051251	7.6515
2 6 0			-0.18		-0.12		27.29		0.38221	4.3567	58.0028534629	558.9791
0 2 10			0.02		-0.1		26.8		0.38235	0.4317	42.9590557724	21.0204
2 0 14			0.02		-0.08		26.3		0.38235	0.2634	58.6945218607	7.3942
0 4 20			0.02		-0.06		25.9		0.38262	1.027	94.1654323607	18.6345
3 3 7			0.02		-0.05		25.5		0.38243	0.1558	47.1418707618	3.5073
4 0 8			-0.05		-0.1		26.81		0.3822	2.9483	47.8850437629	244.3799
2 2 16			0.02		-0.08		26.34		0.38214	1.1693	70.1293332912	108.6018
6 0 6			0.0		-0.08		26.26		0.382	1.0815	60.1501886982	39.9969
3 3 9			0.01		-0.06		25.9		0.38204	0.3816	52.4524123761	12.0632
4 2 8			0.01		-0.05		25.6		0.38219	0.7605	51.4203212226	2.5419
4 4 4			-0.02		-0.07		26.04		0.38221	0.8476	53.9354251327	76.9211
1 3 1			0.0		-0.06		25.97		0.38219	0.5324	28.3265170018	42.1271
2 4 6			-0.01		-0.07		26.12		0.382	0.785	46.7364348384	64.2552
4 4 12			-0.02		-0.09		26.65		0.38234	1.9475	72.2035773977	130.2426
4 2 6			-0.0		-0.09		26.76		0.38216	1.6049	46.7233273538	62.1975