HKL Value		Reward		TotalReward	Chi Squared	Z Appr. 	Error	Two-Thetas	Sfs2
5 5 1			0.0		0.0		0.0		0.3	0.5073	65.769247456	23.9531
1 7 7			0.0		0.0		3.6		0.33326	0.4353	72.3061031614	6.1143
0 2 22			-0.82		-0.82		20.3		0.32187	1.8317	96.7387030121	97.213
0 0 10			0.5		-0.32		13.54		0.3218	0.8316	38.8438017949	41.7013
0 0 20			0.28		-0.04		10.56		0.32167	0.4542	83.3712939521	4.3689
6 4 2			0.23		0.19		8.58		0.32163	0.2211	67.6401768609	4.8049
1 3 15			0.15		0.34		7.48		0.3207	0.2862	67.3623786269	8.1809
4 2 10			0.16		0.5		6.43		0.3206	1.1102	57.0442200735	11.3144
6 4 0			0.14		0.64		5.63		0.3206	1.8287	67.0910631577	58.6803
1 3 3			-0.22		0.42		7.21		0.32067	0.7045	30.3940112777	66.1614
4 6 0			0.11		0.53		6.49		0.32067	0.7863	67.1083315067	59.4729
4 6 2			0.08		0.62		5.99		0.32065	0.2349	67.657370766	5.5969
2 6 2			-0.57		0.05		13.95		0.32077	1.2892	58.5985395934	134.3564
4 0 10			0.08		0.13		12.88		0.32083	0.6243	53.7713327333	45.2096
2 6 10			0.08		0.21		11.97		0.32089	0.7069	72.0169435829	44.7171
0 6 8			0.06		0.27		11.25		0.32099	0.7694	64.1950429677	5.6946
6 0 8			0.06		0.33		10.64		0.3211	2.9234	64.163237895	5.3359
4 4 10			0.06		0.39		10.02		0.32102	0.6886	66.23802526	47.6672
6 2 10			0.06		0.45		9.46		0.32108	0.7103	71.9901825081	43.9921
3 1 11			-0.57		-0.12		22.01		0.32122	2.3814	52.0481274199	292.2152
6 0 2			0.05		-0.07		21.02		0.3212	0.2214	55.354768557	5.4487
2 4 10			0.05		-0.03		20.04		0.32109	0.607	57.0555982332	12.0937
2 4 14			0.04		0.02		19.22		0.32109	0.5221	70.6383718296	19.4111
4 2 14			0.04		0.06		18.49		0.32111	1.2576	70.6282605877	19.9713
0 6 10			0.04		0.1		17.72		0.32115	0.8527	69.1637693973	8.5049
7 3 1			0.03		0.13		17.13		0.32113	0.5095	71.5359286583	22.1332
3 7 1			0.03		0.17		16.58		0.32111	1.2822	71.5694631273	22.2453
5 1 7			-0.02		0.15		16.86		0.32215	0.2609	54.1000446603	4.252
2 0 16			0.04		0.19		16.29		0.32234	0.5935	67.2372591268	11.8907
3 5 9			0.03		0.22		15.77		0.32223	0.4755	65.0802252419	19.5165
0 2 16			0.03		0.25		15.25		0.3223	1.8687	67.2407114996	13.8307
4 0 12			0.02		0.27		14.99		0.3226	2.7435	60.4154589103	161.2613
4 2 2			0.02		0.29		14.71		0.32259	0.457	40.8620305525	12.2524
1 1 15			0.03		0.32		14.32		0.32277	0.656	61.3839959686	20.6242
7 1 1			0.02		0.33		14.09		0.32275	0.5207	65.7483230412	25.2044
0 6 16			0.03		0.36		13.74		0.323	0.4825	89.3859051251	7.6515
2 2 10			0.03		0.39		13.37		0.32292	0.6429	46.7739448495	44.8949
6 0 10			0.03		0.41		13.02		0.32288	1.0728	69.1331306246	8.9056
5 3 9			0.02		0.44		12.7		0.32282	0.4833	65.0662013285	20.8409
0 2 10			0.01		0.45		12.56		0.32268	0.4317	42.9590557724	21.0204
9 1 1			0.02		0.47		12.29		0.32266	0.8793	87.9915459652	19.6393
0 4 12			0.01		0.48		12.16		0.32289	1.4889	60.4300914167	161.7651
5 1 9			0.01		0.49		12.02		0.32273	0.4583	58.9619928854	19.0838
0 4 10			0.02		0.52		11.74		0.32268	0.9893	53.7871001638	44.1425
2 0 10			0.01		0.53		11.62		0.32256	0.6169	42.9543880851	20.236
1 5 1			0.01		0.54		11.53		0.32254	0.4978	46.196563203	27.3004
0 6 6			0.02		0.56		11.3		0.32252	1.0147	60.183190367	40.9583
0 6 2			0.02		0.57		11.12		0.32252	0.2356	55.3895592761	6.1752
0 4 16			0.02		0.59		10.9		0.32243	1.5557	75.7704700384	94.8658
2 4 6			0.02		0.61		10.68		0.32244	0.785	46.7364348384	64.2552
3 1 3			-0.02		0.59		10.88		0.32246	1.2003	30.3814370344	67.5761
1 5 9			0.01		0.6		10.82		0.3223	0.4394	58.984264935	17.7365
4 4 12			0.02		0.62		10.61		0.32229	1.9475	72.2035773977	130.2426
0 4 20			0.0		0.62		10.6		0.32223	1.027	94.1654323607	18.6345
2 0 14			0.01		0.63		10.54		0.32227	0.2634	58.6945218607	7.3942
2 2 16			0.01		0.64		10.4		0.32209	1.1693	70.1293332912	108.6018
6 0 6			0.02		0.66		10.22		0.32207	1.0815	60.1501886982	39.9969
3 3 9			0.01		0.66		10.17		0.32192	0.3816	52.4524123761	12.0632
2 2 2			-0.13		0.53		11.71		0.32194	1.1162	26.2109248846	125.5642
7 3 3			-0.01		0.52		11.8		0.32196	1.9283	72.601334037	69.5466
4 2 8			-0.0		0.52		11.86		0.32214	0.7605	51.4203212226	2.5419