HKL Value		Reward		TotalReward	Chi Squared	Z Appr. 	Error	Two-Thetas	Sfs2
0 0 10			0.0		0.0		0.0		0.3	0.8316	38.8438017949	41.7013
0 0 20			0.0		0.0		1.46		0.32039	0.4542	83.3712939521	4.3689
6 4 2			0.44		0.44		1.02		0.32015	0.2211	67.6401768609	4.8049
4 2 4			-0.94		-0.51		17.61		0.32021	0.7624	43.1345383828	64.2766
4 2 10			0.33		-0.17		13.22		0.31986	1.1102	57.0442200735	11.3144
2 2 0			-0.91		-1.08		140.52		0.31986	11.1953	25.0390113278	1035.9387
4 6 2			0.2		-0.88		117.24		0.31971	0.2349	67.657370766	5.5969
6 4 0			0.17		-0.71		100.5		0.31971	1.8287	67.0910631577	58.6803
6 0 8			0.14		-0.57		88.16		0.32058	2.9234	64.163237895	5.3359
0 2 0			0.05		-0.52		83.64		0.32058	1.4407	17.6394681947	177.2483
6 0 2			0.11		-0.41		75.5		0.32046	0.2214	55.354768557	5.4487
0 6 8			0.1		-0.31		68.74		0.32126	0.7694	64.1950429677	5.6946
3 7 5			0.01		-0.31		68.1		0.32306	1.0548	74.7470539899	89.5814
2 4 14			0.08		-0.22		63.03		0.32266	0.5221	70.6383718296	19.4111
7 3 1			0.07		-0.15		58.74		0.32245	0.5095	71.5359286583	22.1332
4 6 0			0.07		-0.08		54.82		0.32245	0.7863	67.1083315067	59.4729
4 2 14			0.06		-0.02		51.55		0.32224	1.2576	70.6282605877	19.9713
2 6 10			0.06		0.05		48.52		0.32197	0.7069	72.0169435829	44.7171
4 4 10			0.06		0.1		45.84		0.32153	0.6886	66.23802526	47.6672
0 4 4			0.03		0.13		44.65		0.32068	0.8482	39.0545896029	78.0016
3 5 9			0.05		0.18		42.45		0.32037	0.4755	65.0802252419	19.5165
3 7 1			0.05		0.23		40.56		0.32031	1.2822	71.5694631273	22.2453
4 0 10			0.05		0.28		38.72		0.32049	0.6243	53.7713327333	45.2096
0 6 10			0.05		0.32		37.04		0.32067	0.8527	69.1637693973	8.5049
6 2 10			0.04		0.37		35.51		0.32082	0.7103	71.9901825081	43.9921
1 1 11			-0.24		0.12		46.85		0.32112	2.144	44.8525636461	378.5934
2 0 16			0.04		0.16		45.1		0.32176	0.5935	67.2372591268	11.8907
5 1 9			0.03		0.2		43.61		0.32129	0.4583	58.9619928854	19.0838
1 1 15			0.03		0.23		42.18		0.3218	0.656	61.3839959686	20.6242
4 2 2			0.03		0.26		40.92		0.32177	0.457	40.8620305525	12.2524
2 4 2			0.03		0.29		39.78		0.32173	0.3828	40.8766170199	13.2501
1 3 15			0.03		0.32		38.57		0.32111	0.2862	67.3623786269	8.1809
2 4 0			0.02		0.34		37.8		0.32111	1.4359	40.0960076051	88.2765
1 5 1			0.02		0.37		36.89		0.32107	0.4978	46.196563203	27.3004
0 2 16			0.03		0.4		35.83		0.32131	1.8687	67.2407114996	13.8307
2 0 14			0.02		0.42		35.02		0.32131	0.2634	58.6945218607	7.3942
4 4 6			-0.09		0.33		38.45		0.32175	4.3817	57.0116572758	400.3855
6 0 0			0.02		0.35		37.54		0.32175	0.7256	54.7363985401	55.434
2 2 16			0.03		0.38		36.59		0.32144	1.1693	70.1293332912	108.6018
9 1 1			0.02		0.4		35.7		0.32142	0.8793	87.9915459652	19.6393
0 4 20			0.02		0.42		35.05		0.32126	1.027	94.1654323607	18.6345
2 4 10			0.02		0.45		34.21		0.32116	0.607	57.0555982332	12.0937
2 2 10			0.02		0.47		33.4		0.32114	0.6429	46.7739448495	44.8949
6 0 4			0.0		0.47		33.36		0.32114	0.7069	57.1830782131	42.6751
5 3 9			0.02		0.5		32.62		0.32107	0.4833	65.0662013285	20.8409
2 0 10			0.02		0.52		31.99		0.32085	0.6169	42.9543880851	20.236
5 5 1			0.02		0.54		31.35		0.32083	0.5073	65.769247456	23.9531
6 0 10			0.02		0.56		30.68		0.32086	1.0728	69.1331306246	8.9056
5 3 1			0.01		0.57		30.23		0.32084	0.5252	53.2386121167	32.835
4 4 12			0.02		0.59		29.62		0.32091	1.9475	72.2035773977	130.2426
1 5 11			-0.09		0.51		32.47		0.32097	1.8219	64.7342781598	204.7444
0 6 0			0.02		0.52		31.96		0.32097	1.4277	54.7714555341	59.4019
0 6 6			0.02		0.54		31.35		0.32095	1.0147	60.183190367	40.9583
0 4 8			-0.09		0.45		34.52		0.32106	4.1351	47.9021960727	235.0989
4 2 6			0.02		0.47		33.89		0.32108	1.6049	46.7233273538	62.1975
0 2 14			0.01		0.48		33.46		0.32105	0.2479	58.6982494177	6.3292
2 4 6			0.02		0.5		32.88		0.32108	0.785	46.7364348384	64.2552
3 1 15			0.02		0.52		32.33		0.32075	0.2871	67.3554895111	7.7692
1 5 9			0.01		0.53		31.87		0.32051	0.4394	58.984264935	17.7365
3 1 3			0.01		0.54		31.68		0.32054	1.2003	30.3814370344	67.5761
6 4 6			0.01		0.55		31.29		0.3204	0.9247	71.9614498967	41.9809
7 1 1			0.01		0.56		30.88		0.32038	0.5207	65.7483230412	25.2044
6 0 12			-0.03		0.53		31.73		0.31726	0.5892	74.995462768	0.9301
0 4 10			0.01		0.55		31.28		0.31743	0.9893	53.7871001638	44.1425
2 2 2			-0.03		0.52		32.36		0.31746	1.1162	26.2109248846	125.5642
7 1 3			0.0		0.52		32.25		0.31749	1.4031	66.8553232335	91.2915
5 1 1			0.01		0.53		31.87		0.31748	0.5346	46.1701152	26.7419
0 6 2			0.01		0.55		31.43		0.31748	0.2356	55.3895592761	6.1752
3 1 9			0.01		0.56		31.02		0.31732	0.36	45.2950695798	8.7768
1 3 9			0.01		0.57		30.65		0.31711	0.2622	45.3040218183	7.1674
3 3 13			-0.02		0.55		31.17		0.31843	0.5636	65.4922780779	9.1158
3 3 1			0.01		0.56		30.85		0.31842	0.5106	38.1558496662	33.1617
0 6 16			0.01		0.57		30.63		0.31886	0.4825	89.3859051251	7.6515
0 2 10			0.01		0.58		30.25		0.31877	0.4317	42.9590557724	21.0204
1 3 13			-0.0		0.58		30.33		0.31955	0.3907	59.4200243294	11.5335
1 1 1			0.01		0.59		30.15		0.31954	0.5749	13.0194761966	56.7652
1 1 13			-0.0		0.59		30.18		0.32021	0.3722	52.9310122384	10.9703
1 1 3			0.01		0.59		29.95		0.32023	0.4514	16.9416048235	36.8187
1 5 13			0.0		0.6		29.86		0.32073	1.1973	71.2966048402	12.6128
5 1 13			0.0		0.6		29.79		0.32123	0.4567	71.2764535317	11.3258
0 0 18			0.0		0.6		29.79		0.32051	0.6609	73.530655613	37.988
3 5 1			0.01		0.61		29.52		0.32051	0.5283	53.2544885252	31.9012
4 6 4			0.0		0.61		29.46		0.32051	1.0731	69.291881243	33.3045
1 3 1			0.01		0.62		29.26		0.3205	0.5324	28.3265170018	42.1271
0 4 16			0.01		0.63		28.92		0.32052	1.5557	75.7704700384	94.8658
7 3 5			-0.01		0.62		29.29		0.32055	1.0496	74.7140851895	88.0788
0 0 22			0.01		0.63		28.99		0.32049	2.2765	94.0325860765	137.6091
2 0 2			0.0		0.63		28.88		0.32048	0.6502	19.2320929378	35.9547
6 2 8			-0.06		0.57		30.67		0.32051	3.3751	67.1207225085	222.106
1 7 1			0.01		0.58		30.4		0.32051	0.5219	65.7901743415	26.2984
0 2 18			-0.0		0.58		30.41		0.31977	0.3755	76.3208597895	3.7538
3 3 9			0.01		0.59		30.12		0.31971	0.3816	52.4524123761	12.0632
0 4 12			0.01		0.6		29.94		0.31983	1.4889	60.4300914167	161.7651
6 0 6			0.01		0.61		29.62		0.31983	1.0815	60.1501886982	39.9969
7 1 7			0.0		0.61		29.59		0.32005	0.3505	72.2660298289	5.0526
4 2 8			0.0		0.61		29.48		0.32012	0.7605	51.4203212226	2.5419
6 4 4			0.0		0.61		29.43		0.32012	0.6669	69.2748711385	33.991
4 2 0			0.01		0.62		29.26		0.32012	0.9287	40.0811891304	86.5118
0 6 4			-0.0		0.62		29.29		0.32012	0.6675	57.2171401797	42.9768
1 1 7			-0.0		0.62		29.32		0.32036	0.2012	29.7561292971	6.5386
6 2 4			0.0		0.62		29.25		0.32032	0.8727	60.3342977717	77.9073
2 0 12			0.0		0.62		29.13		0.32012	0.8079	50.6101057273	16.6151