HKL Value		Reward		TotalReward	Chi Squared	Z Appr. 	Error	Two-Thetas	Sfs2
0 0 10			0.0		0.0		0.0		0.3	0.8316	38.8438017949	41.7013
0 0 20			0.0		0.0		1.46		0.32039	0.4542	83.3712939521	4.3689
4 2 0			-0.8		-0.8		7.13		0.32039	0.9287	40.0811891304	86.5118
6 4 2			0.44		-0.35		4.95		0.32015	0.2211	67.6401768609	4.8049
4 2 10			0.33		-0.02		3.72		0.31984	1.1102	57.0442200735	11.3144
6 4 0			0.25		0.23		2.98		0.31984	1.8287	67.0910631577	58.6803
3 5 5			-0.85		-0.62		19.39		0.32142	1.2751	56.9624934876	133.7285
4 6 0			0.17		-0.45		16.62		0.32142	0.7863	67.1083315067	59.4729
4 6 2			0.13		-0.32		14.67		0.32123	0.2349	67.657370766	5.5969
4 0 10			0.12		-0.2		13.04		0.32124	0.6243	53.7713327333	45.2096
2 6 10			0.11		-0.08		11.73		0.32132	0.7069	72.0169435829	44.7171
4 4 10			0.1		0.01		10.68		0.32107	0.6886	66.23802526	47.6672
6 0 8			0.08		0.09		9.91		0.32134	2.9234	64.163237895	5.3359
1 5 11			-0.56		-0.46		22.36		0.32169	1.8219	64.7342781598	204.7444
6 2 10			0.08		-0.39		20.77		0.32169	0.7103	71.9901825081	43.9921
0 6 8			0.07		-0.32		19.44		0.3219	0.7694	64.1950429677	5.6946
2 4 10			0.06		-0.26		18.27		0.32157	0.607	57.0555982332	12.0937
6 0 2			0.05		-0.2		17.33		0.32154	0.2214	55.354768557	5.4487
2 4 14			0.05		-0.15		16.49		0.32153	0.5221	70.6383718296	19.4111
4 2 14			0.05		-0.1		15.74		0.32152	1.2576	70.6282605877	19.9713
0 6 10			0.05		-0.05		14.95		0.32155	0.8527	69.1637693973	8.5049
7 3 1			0.04		-0.01		14.38		0.32151	0.5095	71.5359286583	22.1332
3 7 1			0.04		0.03		13.86		0.32147	1.2822	71.5694631273	22.2453
2 0 16			0.04		0.07		13.31		0.322	0.5935	67.2372591268	11.8907
3 5 9			0.04		0.11		12.8		0.3218	0.4755	65.0802252419	19.5165
4 2 2			0.02		0.13		12.52		0.32176	0.457	40.8620305525	12.2524
4 4 6			-0.31		-0.18		18.11		0.32236	4.3817	57.0116572758	400.3855
0 2 16			0.04		-0.14		17.44		0.32246	1.8687	67.2407114996	13.8307
2 2 8			-0.26		-0.4		23.46		0.3226	1.8488	40.1384116224	216.1995
2 2 10			0.04		-0.36		22.67		0.32246	0.6429	46.7739448495	44.8949
7 1 7			0.01		-0.35		22.41		0.32339	0.3505	72.2660298289	5.0526
6 0 10			0.03		-0.32		21.7		0.3233	1.0728	69.1331306246	8.9056
1 1 15			0.03		-0.29		21.07		0.32352	0.656	61.3839959686	20.6242
7 1 1			0.02		-0.26		20.62		0.3235	0.5207	65.7483230412	25.2044
1 3 15			0.02		-0.25		20.22		0.32275	0.2862	67.3623786269	8.1809
2 2 14			-0.08		-0.33		22.05		0.32275	1.0835	61.7979105177	101.9829
5 3 9			0.03		-0.3		21.47		0.32266	0.4833	65.0662013285	20.8409
9 1 1			0.03		-0.28		20.94		0.32264	0.8793	87.9915459652	19.6393
5 5 1			0.02		-0.25		20.46		0.32263	0.5073	65.769247456	23.9531
5 1 9			0.02		-0.23		20.09		0.3224	0.4583	58.9619928854	19.0838
0 4 10			0.03		-0.21		19.59		0.32235	0.9893	53.7871001638	44.1425
2 0 10			0.02		-0.19		19.26		0.32217	0.6169	42.9543880851	20.236
1 5 1			0.01		-0.18		18.98		0.32215	0.4978	46.196563203	27.3004
1 5 5			-0.09		-0.27		20.84		0.32224	1.8923	50.2743192378	127.3636
0 6 6			0.02		-0.24		20.38		0.32222	1.0147	60.183190367	40.9583
0 6 2			0.02		-0.22		19.99		0.32221	0.2356	55.3895592761	6.1752
0 4 16			0.02		-0.2		19.56		0.32211	1.5557	75.7704700384	94.8658
1 5 9			0.01		-0.19		19.29		0.32189	0.4394	58.984264935	17.7365
4 4 12			0.02		-0.17		18.89		0.32189	1.9475	72.2035773977	130.2426
0 6 16			0.02		-0.15		18.57		0.32222	0.4825	89.3859051251	7.6515
2 0 14			0.01		-0.14		18.35		0.32226	0.2634	58.6945218607	7.3942
4 0 4			-0.01		-0.14		18.48		0.32212	1.2165	39.0343929222	79.1487
0 4 20			0.01		-0.14		18.32		0.32205	1.027	94.1654323607	18.6345
0 2 10			0.01		-0.12		18.09		0.32189	0.4317	42.9590557724	21.0204
2 2 16			0.02		-0.11		17.79		0.3217	1.1693	70.1293332912	108.6018
0 0 18			-0.01		-0.12		18.04		0.32039	0.6609	73.530655613	37.988
6 0 6			0.02		-0.1		17.72		0.32037	1.0815	60.1501886982	39.9969
3 3 9			0.01		-0.09		17.5		0.32024	0.3816	52.4524123761	12.0632
3 1 15			0.02		-0.07		17.21		0.32013	0.2871	67.3554895111	7.7692
4 2 8			-0.0		-0.07		17.23		0.32029	0.7605	51.4203212226	2.5419
1 3 1			0.0		-0.07		17.17		0.32027	0.5324	28.3265170018	42.1271
1 7 1			0.01		-0.06		17.0		0.32026	0.5219	65.7901743415	26.2984
2 4 6			0.02		-0.04		16.73		0.32028	0.785	46.7364348384	64.2552
0 2 18			-0.01		-0.05		16.88		0.31925	0.3755	76.3208597895	3.7538
4 2 6			0.02		-0.04		16.62		0.31926	1.6049	46.7233273538	62.1975
6 4 6			0.01		-0.03		16.48		0.3192	0.9247	71.9614498967	41.9809
2 4 0			0.0		-0.03		16.44		0.3192	1.4359	40.0960076051	88.2765
3 3 1			0.01		-0.02		16.32		0.31919	0.5106	38.1558496662	33.1617
2 4 2			0.01		-0.01		16.17		0.31919	0.3828	40.8766170199	13.2501
6 0 0			0.01		0.0		16.01		0.31919	0.7256	54.7363985401	55.434
0 0 16			0.01		0.01		15.78		0.31915	1.3342	64.286058028	116.6634
3 3 15			0.01		0.03		15.61		0.31895	0.3402	73.0835579415	3.8877
0 6 0			0.01		0.03		15.49		0.31895	1.4277	54.7714555341	59.4019
0 6 14			0.01		0.04		15.4		0.31898	0.9096	81.7552219026	27.2955
1 1 3			0.0		0.04		15.37		0.31899	0.4514	16.9416048235	36.8187
3 1 9			0.01		0.05		15.24		0.31888	0.36	45.2950695798	8.7768
0 4 12			-0.0		0.05		15.24		0.31907	1.4889	60.4300914167	161.7651
0 0 14			-0.04		0.01		15.81		0.31909	0.8389	55.4890953336	74.9432
5 3 1			0.01		0.02		15.72		0.31908	0.5252	53.2386121167	32.835
3 5 1			0.01		0.03		15.63		0.31908	0.5283	53.2544885252	31.9012
1 3 13			-0.02		0.01		15.87		0.31956	0.3907	59.4200243294	11.5335
6 2 4			-0.0		0.01		15.93		0.3195	0.8727	60.3342977717	77.9073
1 7 3			-0.01		0.0		16.03		0.31951	0.9932	66.8968211493	90.2271