HKL Value		Reward		TotalReward	Chi Squared	Z Appr. 	Error	Two-Thetas	Sfs2
0 0 10			0.0		0.0		0.0		0.3	0.8316	38.8438017949	41.7013
0 0 20			0.0		0.0		1.46		0.32039	0.4542	83.3712939521	4.3689
6 4 2			0.44		0.44		1.02		0.32015	0.2211	67.6401768609	4.8049
4 2 10			0.48		0.92		0.68		0.31984	1.1102	57.0442200735	11.3144
4 4 4			-0.89		0.03		6.15		0.31812	0.8476	53.9354251327	76.9211
2 6 2			-0.76		-0.73		25.38		0.31855	1.2892	58.5985395934	134.3564
6 4 0			0.2		-0.53		21.15		0.31855	1.8287	67.0910631577	58.6803
4 6 0			0.17		-0.36		18.14		0.31855	0.7863	67.1083315067	59.4729
4 0 10			0.14		-0.22		15.96		0.31955	0.6243	53.7713327333	45.2096
5 3 11			-0.52		-0.74		32.92		0.31986	1.8677	70.5420870211	204.0714
4 6 2			0.11		-0.63		29.72		0.31977	0.2349	67.657370766	5.5969
0 0 8			-0.28		-0.91		41.51		0.31978	2.1948	30.8548203523	183.9052
2 6 10			0.09		-0.82		38.08		0.32037	0.7069	72.0169435829	44.7171
3 5 1			0.06		-0.76		35.8		0.32023	0.5283	53.2544885252	31.9012
1 5 5			-0.11		-0.87		40.35		0.3208	1.8923	50.2743192378	127.3636
3 5 7			0.04		-0.83		38.7		0.32485	0.2309	60.5203777188	5.6046
4 4 10			0.06		-0.77		36.42		0.32377	0.6886	66.23802526	47.6672
2 4 2			0.05		-0.72		34.67		0.32369	0.3828	40.8766170199	13.2501
6 2 10			0.06		-0.66		32.77		0.3233	0.7103	71.9901825081	43.9921
0 2 14			0.04		-0.62		31.54		0.324	0.2479	58.6982494177	6.3292
1 3 13			0.05		-0.58		30.17		0.32594	0.3907	59.4200243294	11.5335
4 2 0			0.03		-0.55		29.34		0.32594	0.9287	40.0811891304	86.5118
6 0 8			0.05		-0.5		28.02		0.32604	2.9234	64.163237895	5.3359
2 4 10			0.04		-0.46		26.95		0.3256	0.607	57.0555982332	12.0937
0 6 8			0.04		-0.42		25.83		0.32566	0.7694	64.1950429677	5.6946
5 1 9			0.03		-0.39		25.18		0.32498	0.4583	58.9619928854	19.0838
4 0 6			-0.25		-0.64		33.59		0.32564	5.3963	42.900258124	488.2208
0 6 10			0.04		-0.6		32.39		0.32537	0.8527	69.1637693973	8.5049
6 0 2			0.03		-0.57		31.32		0.32536	0.2214	55.354768557	5.4487
2 4 14			0.03		-0.54		30.34		0.32515	0.5221	70.6383718296	19.4111
4 2 14			0.03		-0.51		29.43		0.32497	1.2576	70.6282605877	19.9713
0 2 22			-0.0		-0.51		29.53		0.32339	1.8317	96.7387030121	97.213
3 5 9			0.03		-0.48		28.67		0.32322	0.4755	65.0802252419	19.5165
2 0 16			0.03		-0.45		27.8		0.3233	0.5935	67.2372591268	11.8907
0 4 6			-0.18		-0.63		34.07		0.32366	3.7688	42.9189471786	481.9509
6 2 4			0.01		-0.63		33.81		0.32343	0.8727	60.3342977717	77.9073
7 3 1			0.03		-0.6		32.95		0.32341	0.5095	71.5359286583	22.1332
3 1 13			0.02		-0.58		32.27		0.32418	0.3869	59.4126405656	11.7895
2 2 10			0.03		-0.55		31.46		0.32402	0.6429	46.7739448495	44.8949
3 7 1			0.02		-0.53		30.73		0.324	1.2822	71.5694631273	22.2453
6 0 10			0.03		-0.5		29.98		0.32392	1.0728	69.1331306246	8.9056
0 2 16			0.02		-0.48		29.25		0.32384	1.8687	67.2407114996	13.8307
0 4 10			0.02		-0.46		28.57		0.32374	0.9893	53.7871001638	44.1425
4 2 2			0.02		-0.44		28.04		0.32372	0.457	40.8620305525	12.2524
2 2 6			-0.19		-0.63		34.67		0.32399	8.3224	34.2684003079	615.2447
0 6 16			0.02		-0.61		33.91		0.32411	0.4825	89.3859051251	7.6515
5 3 9			0.02		-0.58		33.21		0.32403	0.4833	65.0662013285	20.8409
5 5 1			0.02		-0.56		32.56		0.32402	0.5073	65.769247456	23.9531
1 1 15			0.02		-0.54		31.9		0.32412	0.656	61.3839959686	20.6242
7 1 1			0.02		-0.53		31.38		0.3241	0.5207	65.7483230412	25.2044
1 3 15			0.01		-0.51		30.95		0.3236	0.2862	67.3623786269	8.1809
0 6 2			0.02		-0.49		30.4		0.3236	0.2356	55.3895592761	6.1752
0 2 0			-0.01		-0.51		30.72		0.3236	1.4407	17.6394681947	177.2483
9 1 1			0.02		-0.49		30.18		0.32358	0.8793	87.9915459652	19.6393
2 0 10			0.01		-0.47		29.76		0.32346	0.6169	42.9543880851	20.236
2 0 14			0.01		-0.46		29.34		0.32354	0.2634	58.6945218607	7.3942
0 6 6			0.02		-0.44		28.83		0.32352	1.0147	60.183190367	40.9583
3 1 15			0.01		-0.43		28.48		0.32309	0.2871	67.3554895111	7.7692
1 5 1			0.01		-0.42		28.12		0.32307	0.4978	46.196563203	27.3004
0 2 12			0.0		-0.42		28.11		0.32252	0.3827	50.6142203783	17.5707
1 5 9			0.01		-0.4		27.77		0.32237	0.4394	58.984264935	17.7365
6 0 6			0.02		-0.39		27.33		0.32235	1.0815	60.1501886982	39.9969
3 3 9			0.01		-0.38		27.01		0.32221	0.3816	52.4524123761	12.0632
0 2 6			0.01		-0.37		26.81		0.32227	1.1672	29.1471999487	131.5155
2 0 8			-0.03		-0.4		27.56		0.32291	0.1665	35.7565424018	1.5727
0 2 10			0.01		-0.38		27.24		0.32279	0.4317	42.9590557724	21.0204
3 3 15			0.0		-0.38		27.15		0.32207	0.3402	73.0835579415	3.8877
2 2 16			0.01		-0.37		26.78		0.32194	1.1693	70.1293332912	108.6018
4 2 6			0.01		-0.35		26.39		0.32195	1.6049	46.7233273538	62.1975
4 4 12			0.01		-0.34		26.01		0.32196	1.9475	72.2035773977	130.2426
0 4 0			-0.21		-0.55		32.84		0.32196	6.137	35.7152072575	818.959
2 2 12			0.01		-0.54		32.66		0.32218	1.9766	54.0147953295	208.0279
6 2 2			-0.03		-0.57		33.62		0.3222	3.3001	58.5687226088	135.1206
1 3 3			0.01		-0.56		33.43		0.32222	0.7045	30.3940112777	66.1614
6 0 0			0.01		-0.55		33.04		0.32222	0.7256	54.7363985401	55.434
1 3 9			0.01		-0.54		32.82		0.32202	0.2622	45.3040218183	7.1674
1 3 7			0.0		-0.54		32.68		0.32233	0.1893	39.2755843192	5.3372
1 7 1			0.01		-0.53		32.35		0.32233	0.5219	65.7901743415	26.2984
3 5 11			-0.05		-0.58		34.11		0.32237	1.8915	70.5555824797	206.4699
2 4 6			0.01		-0.57		33.68		0.32238	0.785	46.7364348384	64.2552
3 1 7			0.0		-0.56		33.52		0.32268	0.257	39.2655360855	5.205
1 3 1			0.01		-0.56		33.28		0.32268	0.5324	28.3265170018	42.1271
0 6 12			-0.03		-0.58		34.16		0.32141	0.3425	75.0250979777	1.887
0 4 16			0.01		-0.57		33.75		0.3214	1.5557	75.7704700384	94.8658
0 6 0			0.01		-0.56		33.42		0.3214	1.4277	54.7714555341	59.4019
7 1 3			0.0		-0.56		33.31		0.3214	1.4031	66.8553232335	91.2915
4 2 8			0.01		-0.55		33.11		0.32152	0.7605	51.4203212226	2.5419
4 0 0			-0.13		-0.68		38.2		0.32152	8.3901	35.6934066618	787.9925
0 4 20			0.01		-0.68		37.88		0.32148	1.027	94.1654323607	18.6345
3 1 9			0.01		-0.67		37.57		0.32136	0.36	45.2950695798	8.7768
0 2 8			-0.01		-0.68		37.99		0.32172	0.1155	35.7619852008	1.7384
0 6 14			0.01		-0.67		37.67		0.32172	0.9096	81.7552219026	27.2955
0 4 12			0.01		-0.66		37.35		0.32184	1.4889	60.4300914167	161.7651
6 2 6			-0.03		-0.69		38.36		0.32193	3.9921	63.2107357729	344.5633
2 0 2			0.01		-0.68		38.16		0.32192	0.6502	19.2320929378	35.9547
1 1 1			0.01		-0.68		37.94		0.32191	0.5749	13.0194761966	56.7652
4 4 0			-0.07		-0.75		40.94		0.32191	4.9852	51.3853572345	648.027
1 1 13			0.01		-0.74		40.7		0.32226	0.3722	52.9310122384	10.9703
3 3 1			0.01		-0.74		40.37		0.32225	0.5106	38.1558496662	33.1617
4 0 2			-0.02		-0.75		41.03		0.32227	1.7854	36.5531212028	138.5255
5 3 1			0.01		-0.74		40.71		0.32227	0.5252	53.2386121167	32.835
2 4 0			0.01		-0.74		40.45		0.32227	1.4359	40.0960076051	88.2765