HKL Value		Reward		TotalReward	Chi Squared	Z Appr. 	Error	Two-Thetas	Sfs2
0 0 10			0.0		0.0		0.0		0.3	0.8316	38.8438017949	41.7013
0 0 20			0.0		0.0		1.46		0.32039	0.4542	83.3712939521	4.3689
4 4 2			-0.97		-0.97		50.71		0.32173	1.2125	52.0311030722	128.6454
6 4 2			0.49		-0.48		34.02		0.32147	0.2211	67.6401768609	4.8049
4 2 10			0.33		-0.15		25.56		0.32046	1.1102	57.0442200735	11.3144
6 4 0			0.25		0.1		20.45		0.32046	1.8287	67.0910631577	58.6803
4 6 0			0.2		0.3		17.05		0.32046	0.7863	67.1083315067	59.4729
4 6 2			0.16		0.46		14.75		0.32031	0.2349	67.657370766	5.5969
0 4 4			-0.05		0.4		15.58		0.3184	0.8482	39.0545896029	78.0016
0 6 8			0.11		0.51		14.06		0.31887	0.7694	64.1950429677	5.6946
0 6 12			-0.06		0.45		14.95		0.31459	0.3425	75.0250979777	1.887
1 5 3			-0.04		0.42		15.5		0.31465	0.9511	47.585042181	85.8034
0 4 16			0.06		0.47		14.66		0.31485	1.5557	75.7704700384	94.8658
0 4 18			0.05		0.52		14.0		0.31404	0.8369	84.5238780681	17.4513
6 0 8			0.06		0.58		13.24		0.31407	2.9234	64.163237895	5.3359
6 0 12			-0.02		0.56		13.45		0.31301	0.5892	74.995462768	0.9301
2 4 10			0.04		0.61		12.87		0.31321	0.607	57.0555982332	12.0937
6 0 2			0.05		0.66		12.23		0.3132	0.2214	55.354768557	5.4487
2 6 10			0.01		0.67		12.12		0.3135	0.7069	72.0169435829	44.7171
4 0 10			0.01		0.68		11.96		0.31378	0.6243	53.7713327333	45.2096
4 4 10			0.03		0.71		11.66		0.314	0.6886	66.23802526	47.6672
2 4 14			0.03		0.73		11.36		0.3141	0.5221	70.6383718296	19.4111
4 0 8			-0.44		0.29		20.4		0.31411	2.9483	47.8850437629	244.3799
4 2 14			0.03		0.32		19.75		0.31421	1.2576	70.6282605877	19.9713
6 2 10			0.02		0.35		19.29		0.31447	0.7103	71.9901825081	43.9921
3 5 9			0.04		0.39		18.55		0.31451	0.4755	65.0802252419	19.5165
1 1 3			0.01		0.4		18.36		0.31453	0.4514	16.9416048235	36.8187
7 3 1			0.03		0.43		17.76		0.31453	0.5095	71.5359286583	22.1332
3 7 1			0.03		0.46		17.21		0.31452	1.2822	71.5694631273	22.2453
2 0 16			0.0		0.46		17.2		0.31469	0.5935	67.2372591268	11.8907
0 2 16			0.01		0.47		17.02		0.31485	1.8687	67.2407114996	13.8307
5 1 1			0.02		0.49		16.68		0.31483	0.5346	46.1701152	26.7419
1 1 15			0.01		0.5		16.55		0.31494	0.656	61.3839959686	20.6242
0 6 18			0.03		0.53		16.06		0.31486	0.7949	98.0280769063	1.8601
3 1 1			0.01		0.54		15.96		0.31484	0.5239	28.3131072915	41.7464
0 6 16			-0.02		0.52		16.33		0.31517	0.4825	89.3859051251	7.6515
4 2 2			0.02		0.54		16.02		0.31516	0.457	40.8620305525	12.2524
3 3 7			-0.11		0.43		17.99		0.31631	0.1558	47.1418707618	3.5073
0 6 10			0.02		0.45		17.63		0.31646	0.8527	69.1637693973	8.5049
4 0 2			-0.12		0.33		19.93		0.31649	1.7854	36.5531212028	138.5255
5 1 9			0.02		0.36		19.45		0.31645	0.4583	58.9619928854	19.0838
1 3 15			0.02		0.38		19.0		0.31651	0.2862	67.3623786269	8.1809
1 5 7			-0.04		0.34		19.84		0.31709	0.6035	54.1236034243	4.2528
7 1 1			0.02		0.35		19.51		0.31709	0.5207	65.7483230412	25.2044
3 1 9			0.02		0.37		19.13		0.317	0.36	45.2950695798	8.7768
2 2 10			0.02		0.39		18.76		0.31708	0.6429	46.7739448495	44.8949
0 4 12			-0.0		0.39		18.82		0.31731	1.4889	60.4300914167	161.7651
5 3 9			0.02		0.41		18.42		0.31732	0.4833	65.0662013285	20.8409
6 0 0			0.02		0.43		18.13		0.31732	0.7256	54.7363985401	55.434
5 5 7			-0.05		0.38		19.0		0.31783	0.6639	72.2860687267	4.3062
4 0 14			-0.08		0.3		20.71		0.31782	1.986	67.7459682929	124.3248
5 5 1			0.02		0.32		20.34		0.31781	0.5073	65.769247456	23.9531
1 7 3			-0.0		0.31		20.42		0.31782	0.9932	66.8968211493	90.2271
1 5 1			0.01		0.33		20.17		0.31781	0.4978	46.196563203	27.3004
1 1 17			-0.14		0.19		23.34		0.31764	2.447	70.2810461715	248.4175
2 4 0			0.01		0.2		23.17		0.31764	1.4359	40.0960076051	88.2765
4 2 0			0.01		0.21		22.98		0.31764	0.9287	40.0811891304	86.5118
2 0 10			0.02		0.22		22.61		0.3176	0.6169	42.9543880851	20.236
6 0 10			0.02		0.24		22.25		0.31767	1.0728	69.1331306246	8.9056
1 5 5			-0.06		0.18		23.58		0.31769	1.8923	50.2743192378	127.3636
9 1 1			0.02		0.2		23.22		0.31769	0.8793	87.9915459652	19.6393
7 3 5			-0.03		0.17		23.86		0.31771	1.0496	74.7140851895	88.0788
2 0 14			0.01		0.18		23.56		0.31765	0.2634	58.6945218607	7.3942
4 2 8			0.0		0.19		23.53		0.31773	0.7605	51.4203212226	2.5419
0 4 20			0.01		0.2		23.25		0.31763	1.027	94.1654323607	18.6345
2 2 16			0.02		0.21		22.89		0.31764	1.1693	70.1293332912	108.6018
0 6 6			0.02		0.23		22.55		0.31764	1.0147	60.183190367	40.9583
6 0 6			0.02		0.24		22.21		0.31764	1.0815	60.1501886982	39.9969
0 4 10			0.01		0.26		21.92		0.31772	0.9893	53.7871001638	44.1425
0 6 2			0.01		0.27		21.64		0.31772	0.2356	55.3895592761	6.1752
0 2 8			-0.05		0.22		22.68		0.31794	0.1155	35.7619852008	1.7384
1 5 9			0.01		0.24		22.39		0.31789	0.4394	58.984264935	17.7365
5 3 1			0.01		0.25		22.2		0.31789	0.5252	53.2386121167	32.835
0 2 4			-0.04		0.2		23.15		0.31789	1.326	23.4223631322	110.0283
0 0 12			-0.02		0.18		23.63		0.31818	3.2426	47.0346015839	274.3783
6 4 6			0.01		0.19		23.4		0.31814	0.9247	71.9614498967	41.9809
0 2 14			0.01		0.2		23.2		0.31808	0.2479	58.6982494177	6.3292
3 1 15			0.01		0.22		22.9		0.31808	0.2871	67.3554895111	7.7692
2 4 6			0.01		0.23		22.62		0.3181	0.785	46.7364348384	64.2552
0 2 10			0.01		0.24		22.37		0.31806	0.4317	42.9590557724	21.0204
2 4 2			0.01		0.25		22.16		0.31806	0.3828	40.8766170199	13.2501
2 2 0			-0.26		-0.01		29.91		0.31806	11.1953	25.0390113278	1035.9387
2 4 12			0.0		-0.01		29.87		0.31764	0.2205	63.4791913795	4.8908
1 1 1			0.01		-0.0		29.71		0.31764	0.5749	13.0194761966	56.7652
3 3 1			0.01		0.01		29.45		0.31762	0.5106	38.1558496662	33.1617
6 2 8			-0.06		-0.05		31.32		0.31764	3.3751	67.1207225085	222.106
4 4 12			0.01		-0.04		31.0		0.31773	1.9475	72.2035773977	130.2426
1 3 13			-0.01		-0.05		31.17		0.31817	0.3907	59.4200243294	11.5335
1 7 1			0.01		-0.04		30.89		0.31816	0.5219	65.7901743415	26.2984
2 6 2			-0.03		-0.07		31.7		0.31818	1.2892	58.5985395934	134.3564
2 2 4			0.0		-0.06		31.59		0.31814	0.7551	29.4672289371	73.6026
0 6 0			0.01		-0.05		31.31		0.31814	1.4277	54.7714555341	59.4019
4 2 6			0.01		-0.04		30.98		0.31814	1.6049	46.7233273538	62.1975
1 1 13			-0.0		-0.05		31.13		0.31856	0.3722	52.9310122384	10.9703
3 3 9			0.01		-0.04		30.83		0.31852	0.3816	52.4524123761	12.0632
2 6 0			-0.08		-0.12		33.41		0.31852	4.3567	58.0028534629	558.9791
1 3 1			0.01		-0.11		33.2		0.31852	0.5324	28.3265170018	42.1271
6 0 4			0.0		-0.11		33.18		0.31851	0.7069	57.1830782131	42.6751
6 2 2			-0.02		-0.13		33.9		0.31852	3.3001	58.5687226088	135.1206
1 3 9			0.01		-0.12		33.64		0.31843	0.2622	45.3040218183	7.1674
4 4 8			-0.04		-0.17		35.17		0.31844	3.9407	61.1479986878	218.5721
3 3 3			0.0		-0.16		35.03		0.31844	0.8081	39.7679129272	70.9373