HKL Value		Reward		TotalReward	Chi Squared	Z Appr. 	Error	Two-Thetas	Sfs2
0 0 10			0.0		0.0		0.0		0.3	0.8316	38.8438017949	41.7013
3 7 1			0.0		0.0		0.14		0.27842	1.2822	71.5694631273	22.2453
0 0 20			-0.82		-0.82		0.82		0.27948	0.4542	83.3712939521	4.3689
6 4 2			0.17		-0.65		0.7		0.27966	0.2211	67.6401768609	4.8049
4 2 10			0.31		-0.34		0.53		0.28006	1.1102	57.0442200735	11.3144
6 4 0			0.24		-0.1		0.43		0.28006	1.8287	67.0910631577	58.6803
4 4 4			0.2		0.1		0.36		0.28008	0.8476	53.9354251327	76.9211
1 5 7			-0.99		-0.88		25.96		0.26182	0.6035	54.1236034243	4.2528
4 6 0			0.14		-0.74		22.72		0.26182	0.7863	67.1083315067	59.4729
4 0 10			0.01		-0.73		22.5		0.26207	0.6243	53.7713327333	45.2096
0 0 16			0.06		-0.67		21.2		0.26145	1.3342	64.286058028	116.6634
4 6 2			0.1		-0.57		19.32		0.26145	0.2349	67.657370766	5.5969
2 6 10			-0.01		-0.58		19.43		0.26166	0.7069	72.0169435829	44.7171
4 4 8			-0.23		-0.8		25.09		0.2613	3.9407	61.1479986878	218.5721
1 5 13			0.06		-0.75		23.75		0.26123	1.1973	71.2966048402	12.6128
4 4 10			0.0		-0.75		23.74		0.26143	0.6886	66.23802526	47.6672
6 2 10			0.01		-0.74		23.52		0.26163	0.7103	71.9901825081	43.9921
4 0 6			-0.49		-1.23		46.32		0.26182	5.3963	42.900258124	488.2208
2 4 10			0.05		-1.18		44.13		0.26177	0.607	57.0555982332	12.0937
6 0 8			0.05		-1.13		41.97		0.26192	2.9234	64.163237895	5.3359
5 1 5			-0.05		-1.18		44.09		0.26168	1.1901	50.2495039981	127.1383
0 6 8			0.05		-1.13		42.11		0.26181	0.7694	64.1950429677	5.6946
0 2 16			0.05		-1.08		40.22		0.26169	1.8687	67.2407114996	13.8307
1 7 3			-0.02		-1.1		40.87		0.26181	0.9932	66.8968211493	90.2271
5 5 3			-0.0		-1.1		40.97		0.26189	0.8107	66.8760743485	64.1048
0 4 8			-0.05		-1.16		43.29		0.26152	4.1351	47.9021960727	235.0989