HKL Value		Reward		TotalReward	Chi Squared	Z Appr. 	Error	Two-Thetas	Sfs2
2 0 4			0.0		0.0		0.0		0.3	1.3874	23.4143586184	109.347
0 0 10			0.0		0.0		77.72		0.22332	0.8316	38.8438017949	41.7013
2 2 4			1.0		1.0		38.9		0.22309	0.7551	29.4672289371	73.6026
0 4 18			0.2		1.19		32.51		0.24462	0.8369	84.5238780681	17.4513
1 5 11			-0.32		0.87		47.85		0.25939	1.8219	64.7342781598	204.7444
0 0 20			0.1		0.97		43.6		0.26257	0.4542	83.3712939521	4.3689
6 4 2			0.19		1.17		36.51		0.26257	0.2211	67.6401768609	4.8049
4 2 10			0.13		1.3		32.22		0.26255	1.1102	57.0442200735	11.3144
0 2 0			-0.06		1.24		34.13		0.26255	1.4407	17.6394681947	177.2483
6 4 0			0.12		1.37		30.34		0.26255	1.8287	67.0910631577	58.6803
4 6 0			0.11		1.48		27.31		0.26255	0.7863	67.1083315067	59.4729
2 2 6			-0.62		0.86		71.2		0.26272	8.3224	34.2684003079	615.2447
4 0 10			0.06		0.93		66.9		0.2629	0.6243	53.7713327333	45.2096
4 6 2			0.08		1.01		61.8		0.2629	0.2349	67.657370766	5.5969
4 0 0			-0.32		0.69		91.39		0.2629	8.3901	35.6934066618	787.9925
2 6 10			0.06		0.74		86.56		0.26308	0.7069	72.0169435829	44.7171
1 3 15			0.04		0.78		83.45		0.26243	0.2862	67.3623786269	8.1809
4 4 10			0.05		0.82		79.85		0.26262	0.6886	66.23802526	47.6672
6 2 10			0.04		0.87		76.45		0.26282	0.7103	71.9901825081	43.9921
6 0 8			0.05		0.92		72.55		0.26293	2.9234	64.163237895	5.3359
5 3 9			0.04		0.96		69.62		0.26296	0.4833	65.0662013285	20.8409
3 3 5			-0.02		0.94		71.03		0.26273	1.3995	42.8396693434	151.0913
1 1 7			-0.03		0.91		73.58		0.26097	0.2012	29.7561292971	6.5386
2 4 10			0.04		0.95		70.67		0.26093	0.607	57.0555982332	12.0937
0 6 8			0.04		0.99		67.86		0.26102	0.7694	64.1950429677	5.6946
0 6 10			0.04		1.03		65.31		0.26099	0.8527	69.1637693973	8.5049
6 0 2			0.04		1.07		62.81		0.26099	0.2214	55.354768557	5.4487
4 4 8			-0.02		1.05		63.88		0.26075	3.9407	61.1479986878	218.5721
2 4 14			0.03		1.09		61.9		0.2606	0.5221	70.6383718296	19.4111
4 2 14			0.03		1.12		60.07		0.26047	1.2576	70.6282605877	19.9713
5 3 11			-0.01		1.11		60.55		0.26093	1.8677	70.5420870211	204.0714
3 5 9			0.03		1.13		59.01		0.26093	0.4755	65.0802252419	19.5165
2 0 16			0.03		1.17		57.17		0.26095	0.5935	67.2372591268	11.8907
7 3 1			0.03		1.2		55.44		0.26095	0.5095	71.5359286583	22.1332
3 7 1			0.03		1.23		53.81		0.26095	1.2822	71.5694631273	22.2453
0 4 8			-0.02		1.21		55.05		0.26072	4.1351	47.9021960727	235.0989
2 2 10			0.02		1.22		54.15		0.26085	0.6429	46.7739448495	44.8949
6 0 10			0.03		1.25		52.8		0.26082	1.0728	69.1331306246	8.9056
0 2 16			0.03		1.27		51.42		0.2608	1.8687	67.2407114996	13.8307
4 0 4			0.02		1.3		50.18		0.26082	1.2165	39.0343929222	79.1487
1 7 5			-0.0		1.29		50.4		0.26069	1.0841	69.0835930101	99.7513
0 4 10			0.01		1.31		49.68		0.2608	0.9893	53.7871001638	44.1425
4 2 2			0.02		1.33		48.54		0.2608	0.457	40.8620305525	12.2524
1 1 15			0.02		1.36		47.41		0.26078	0.656	61.3839959686	20.6242
5 5 1			0.02		1.38		46.34		0.26078	0.5073	65.769247456	23.9531
7 1 1			0.02		1.4		45.32		0.26078	0.5207	65.7483230412	25.2044
0 6 2			0.02		1.42		44.35		0.26078	0.2356	55.3895592761	6.1752
9 1 1			0.02		1.45		43.41		0.26078	0.8793	87.9915459652	19.6393
5 1 9			0.02		1.46		42.76		0.26075	0.4583	58.9619928854	19.0838
2 2 12			0.01		1.47		42.26		0.26047	1.9766	54.0147953295	208.0279
2 0 10			0.01		1.49		41.67		0.26043	0.6169	42.9543880851	20.236
6 2 0			-0.1		1.39		46.38		0.26043	4.3933	57.9728440251	566.5186
0 6 6			0.01		1.39		46.08		0.26043	1.0147	60.183190367	40.9583
2 0 14			0.02		1.41		45.21		0.26043	0.2634	58.6945218607	7.3942
3 1 15			0.01		1.42		44.85		0.25987	0.2871	67.3554895111	7.7692
0 6 16			0.02		1.44		44.08		0.26006	0.4825	89.3859051251	7.6515
0 6 18			0.02		1.45		43.31		0.25995	0.7949	98.0280769063	1.8601
1 5 1			0.02		1.47		42.57		0.25994	0.4978	46.196563203	27.3004
1 5 9			0.01		1.48		42.03		0.25992	0.4394	58.984264935	17.7365
6 0 6			0.0		1.49		41.82		0.25992	1.0815	60.1501886982	39.9969
3 3 9			0.01		1.5		41.25		0.25992	0.3816	52.4524123761	12.0632
2 2 16			0.02		1.52		40.62		0.25977	1.1693	70.1293332912	108.6018
2 2 0			-0.19		1.32		50.44		0.25977	11.1953	25.0390113278	1035.9387
1 3 9			0.01		1.34		49.7		0.25977	0.2622	45.3040218183	7.1674
3 3 15			-0.0		1.34		49.81		0.25881	0.3402	73.0835579415	3.8877
0 2 10			0.01		1.35		49.23		0.25878	0.4317	42.9590557724	21.0204
3 7 3			0.0		1.35		49.2		0.25882	0.8954	72.6346668965	71.6226
2 6 8			-0.01		1.34		49.63		0.25869	4.3291	67.1483383839	218.3417
4 2 6			0.0		1.34		49.61		0.25869	1.6049	46.7233273538	62.1975
4 4 12			0.01		1.36		48.9		0.25875	1.9475	72.2035773977	130.2426
0 4 16			0.01		1.37		48.2		0.25875	1.5557	75.7704700384	94.8658
0 4 20			0.01		1.38		47.74		0.25931	1.027	94.1654323607	18.6345
6 0 0			0.01		1.39		47.15		0.25931	0.7256	54.7363985401	55.434
3 1 9			0.01		1.4		46.57		0.25931	0.36	45.2950695798	8.7768
1 7 1			0.01		1.42		45.95		0.25931	0.5219	65.7901743415	26.2984
2 4 6			-0.0		1.42		46.0		0.25931	0.785	46.7364348384	64.2552
0 4 12			0.01		1.43		45.46		0.25923	1.4889	60.4300914167	161.7651
1 3 1			0.01		1.44		44.92		0.25922	0.5324	28.3265170018	42.1271
2 2 14			-0.01		1.43		45.41		0.25927	1.0835	61.7979105177	101.9829
0 6 0			0.01		1.44		44.92		0.25927	1.4277	54.7714555341	59.4019
2 4 2			0.01		1.45		44.38		0.25927	0.3828	40.8766170199	13.2501
5 3 1			0.01		1.47		43.85		0.25927	0.5252	53.2386121167	32.835
0 6 14			0.01		1.47		43.5		0.2592	0.9096	81.7552219026	27.2955
5 5 7			-0.02		1.45		44.34		0.25834	0.6639	72.2860687267	4.3062
4 2 8			0.01		1.46		43.9		0.25841	0.7605	51.4203212226	2.5419
3 3 1			0.01		1.48		43.39		0.25841	0.5106	38.1558496662	33.1617
3 5 1			0.01		1.49		42.9		0.2584	0.5283	53.2544885252	31.9012
4 0 6			-0.09		1.4		47.17		0.25844	5.3963	42.900258124	488.2208
6 4 6			0.0		1.4		46.96		0.25844	0.9247	71.9614498967	41.9809
2 4 0			0.01		1.41		46.59		0.25844	1.4359	40.0960076051	88.2765
1 1 3			0.0		1.41		46.37		0.25846	0.4514	16.9416048235	36.8187
3 1 1			0.01		1.42		45.91		0.25845	0.5239	28.3131072915	41.7464
1 3 13			0.01		1.43		45.45		0.2584	0.3907	59.4200243294	11.5335
2 4 8			0.01		1.44		45.04		0.25847	0.1687	51.4325245866	2.4593
1 5 13			0.01		1.45		44.61		0.25842	1.1973	71.2966048402	12.6128
5 1 13			0.01		1.46		44.18		0.25837	0.4567	71.2764535317	11.3258
3 3 13			0.01		1.47		43.75		0.25833	0.5636	65.4922780779	9.1158
5 1 1			0.01		1.48		43.31		0.25833	0.5346	46.1701152	26.7419
1 1 13			0.01		1.49		42.9		0.25828	0.3722	52.9310122384	10.9703
3 3 3			-0.0		1.49		42.96		0.25831	0.8081	39.7679129272	70.9373
0 0 22			-0.01		1.49		43.19		0.2588	2.2765	94.0325860765	137.6091
2 0 2			0.01		1.49		42.87		0.25881	0.6502	19.2320929378	35.9547