HKL Value		Reward		TotalReward	Chi Squared	Z Appr. 	Error	Two-Thetas	Sfs2
0 0 10			0.0		0.0		0.0		0.3	0.8316	38.8438017949	41.7013
7 1 5			0.0		0.0		9.12		0.41965	1.5264	69.0427278305	98.726
0 0 20			0.85		0.85		4.92		0.41846	0.4542	83.3712939521	4.3689
6 4 2			0.41		1.27		3.48		0.41824	0.2211	67.6401768609	4.8049
4 2 10			0.32		1.59		2.64		0.41868	1.1102	57.0442200735	11.3144
6 4 0			0.25		1.83		2.11		0.41868	1.8287	67.0910631577	58.6803
2 2 0			-0.98		0.85		110.05		0.41868	11.1953	25.0390113278	1035.9387
3 5 3			0.06		0.91		103.76		0.41811	0.9259	54.5093201099	87.7589
2 6 6			-0.18		0.74		126.27		0.41826	5.383	63.2392339525	346.2148
4 6 0			0.12		0.86		112.25		0.41826	0.7863	67.1083315067	59.4729
4 0 10			0.11		0.97		101.11		0.41936	0.6243	53.7713327333	45.2096
4 6 2			0.1		1.07		91.95		0.41927	0.2349	67.657370766	5.5969
2 6 10			0.09		1.16		84.33		0.41991	0.7069	72.0169435829	44.7171
4 4 10			0.08		1.24		77.85		0.41999	0.6886	66.23802526	47.6672
6 2 10			0.08		1.32		72.31		0.42032	0.7103	71.9901825081	43.9921
6 0 8			0.07		1.39		67.5		0.42037	2.9234	64.163237895	5.3359
0 2 22			0.01		1.41		66.6		0.41742	1.8317	96.7387030121	97.213
2 4 10			0.06		1.47		62.7		0.41757	0.607	57.0555982332	12.0937
0 6 8			0.06		1.53		59.25		0.41766	0.7694	64.1950429677	5.6946
0 6 10			0.05		1.58		56.25		0.41811	0.8527	69.1637693973	8.5049
6 0 2			0.05		1.63		53.65		0.41799	0.2214	55.354768557	5.4487
6 0 10			0.05		1.68		51.17		0.41833	1.0728	69.1331306246	8.9056
2 4 14			0.04		1.72		49.09		0.41873	0.5221	70.6383718296	19.4111
4 2 14			0.04		1.76		47.19		0.41912	1.2576	70.6282605877	19.9713
3 5 9			0.04		1.8		45.45		0.41947	0.4755	65.0802252419	19.5165
2 0 16			0.04		1.83		43.86		0.41981	0.5935	67.2372591268	11.8907
7 3 1			0.03		1.86		42.58		0.4198	0.5095	71.5359286583	22.1332
2 2 10			0.04		1.9		41.01		0.41993	0.6429	46.7739448495	44.8949
3 7 1			0.03		1.93		39.92		0.41992	1.2822	71.5694631273	22.2453
0 2 16			0.03		1.96		38.78		0.42034	1.8687	67.2407114996	13.8307
0 4 10			0.03		1.99		37.49		0.42049	0.9893	53.7871001638	44.1425
4 2 2			0.03		2.03		36.29		0.42051	0.457	40.8620305525	12.2524
3 3 7			-0.25		1.78		48.22		0.41511	0.1558	47.1418707618	3.5073
5 3 9			0.02		1.8		47.06		0.4153	0.4833	65.0662013285	20.8409
3 7 3			-0.0		1.8		47.16		0.41521	0.8954	72.6346668965	71.6226
5 5 1			0.02		1.82		46.11		0.41519	0.5073	65.769247456	23.9531
1 1 15			0.02		1.85		45.05		0.41482	0.656	61.3839959686	20.6242
7 1 1			0.02		1.87		44.22		0.41481	0.5207	65.7483230412	25.2044
1 3 15			0.03		1.89		43.05		0.41481	0.2862	67.3623786269	8.1809
0 6 2			0.02		1.92		42.01		0.41475	0.2356	55.3895592761	6.1752
9 1 1			0.02		1.94		41.17		0.41475	0.8793	87.9915459652	19.6393
5 1 9			0.02		1.96		40.33		0.41492	0.4583	58.9619928854	19.0838
2 0 12			-0.02		1.94		41.11		0.41445	0.8079	50.6101057273	16.6151
2 0 10			0.02		1.96		40.16		0.4144	0.6169	42.9543880851	20.236
2 0 14			0.02		1.99		39.33		0.41448	0.2634	58.6945218607	7.3942
0 6 6			0.0		1.99		39.13		0.41448	1.0147	60.183190367	40.9583
4 2 8			0.02		2.01		38.28		0.41448	0.7605	51.4203212226	2.5419
3 1 15			0.02		2.03		37.47		0.41452	0.2871	67.3554895111	7.7692
5 1 5			0.01		2.04		37.13		0.4144	1.1901	50.2495039981	127.1383
0 6 16			0.02		2.06		36.44		0.41431	0.4825	89.3859051251	7.6515
1 5 1			0.01		2.07		36.03		0.41429	0.4978	46.196563203	27.3004
1 5 9			0.02		2.09		35.44		0.41447	0.4394	58.984264935	17.7365
6 0 6			0.0		2.09		35.33		0.41447	1.0815	60.1501886982	39.9969
3 3 9			0.02		2.11		34.75		0.41458	0.3816	52.4524123761	12.0632
0 6 0			0.02		2.13		34.23		0.41458	1.4277	54.7714555341	59.4019
2 2 16			-0.01		2.12		34.56		0.41559	1.1693	70.1293332912	108.6018
0 4 16			-0.0		2.11		34.6		0.41749	1.5557	75.7704700384	94.8658
0 2 10			0.02		2.13		34.02		0.41708	0.4317	42.9590557724	21.0204
3 3 15			0.02		2.15		33.44		0.41714	0.3402	73.0835579415	3.8877
4 2 6			-0.01		2.14		33.69		0.41714	1.6049	46.7233273538	62.1975
4 4 12			0.01		2.16		33.23		0.4172	1.9475	72.2035773977	130.2426
0 4 20			0.01		2.17		32.75		0.41649	1.027	94.1654323607	18.6345
6 0 0			0.01		2.18		32.29		0.41649	0.7256	54.7363985401	55.434
1 7 1			0.01		2.19		32.02		0.41647	0.5219	65.7901743415	26.2984
2 4 6			-0.01		2.18		32.3		0.41646	0.785	46.7364348384	64.2552
1 3 1			0.0		2.19		32.19		0.41644	0.5324	28.3265170018	42.1271
2 4 2			0.01		2.2		31.72		0.41644	0.3828	40.8766170199	13.2501
0 6 14			0.01		2.21		31.41		0.41709	0.9096	81.7552219026	27.2955
3 1 9			0.01		2.23		30.97		0.41739	0.36	45.2950695798	8.7768
3 3 1			0.01		2.23		30.79		0.41739	0.5106	38.1558496662	33.1617
0 2 6			-0.03		2.2		31.83		0.41739	1.1672	29.1471999487	131.5155
5 3 1			0.01		2.21		31.65		0.41739	0.5252	53.2386121167	32.835
3 5 1			0.01		2.21		31.46		0.41739	0.5283	53.2544885252	31.9012
6 4 6			0.0		2.21		31.44		0.41739	0.9247	71.9614498967	41.9809
5 1 3			-0.01		2.2		31.83		0.41708	0.9592	47.5591860667	88.1873
2 4 0			0.01		2.21		31.59		0.41707	1.4359	40.0960076051	88.2765
1 1 3			0.0		2.21		31.53		0.41707	0.4514	16.9416048235	36.8187
3 1 1			0.0		2.21		31.44		0.41707	0.5239	28.3131072915	41.7464
1 3 13			0.01		2.22		31.11		0.41694	0.3907	59.4200243294	11.5335
2 4 8			0.01		2.24		30.73		0.41672	0.1687	51.4325245866	2.4593
1 5 13			0.01		2.25		30.43		0.4166	1.1973	71.2966048402	12.6128
0 4 12			0.01		2.26		30.06		0.4166	1.4889	60.4300914167	161.7651
1 3 9			0.01		2.27		29.71		0.41675	0.2622	45.3040218183	7.1674
0 2 18			0.01		2.28		29.37		0.41675	0.3755	76.3208597895	3.7538
5 1 13			0.01		2.29		29.09		0.41667	0.4567	71.2764535317	11.3258
3 3 13			0.01		2.3		28.8		0.41657	0.5636	65.4922780779	9.1158
5 1 1			0.01		2.31		28.64		0.41654	0.5346	46.1701152	26.7419
1 1 13			0.01		2.32		28.38		0.41643	0.3722	52.9310122384	10.9703
3 3 3			-0.01		2.31		28.64		0.41628	0.8081	39.7679129272	70.9373
0 0 22			0.01		2.31		28.47		0.41509	2.2765	94.0325860765	137.6091
2 0 2			0.0		2.31		28.4		0.41509	0.6502	19.2320929378	35.9547
0 2 14			0.01		2.32		28.11		0.41522	0.2479	58.6982494177	6.3292
6 2 6			-0.09		2.24		30.88		0.41521	3.9921	63.2107357729	344.5633
6 2 4			-0.0		2.23		30.92		0.41536	0.8727	60.3342977717	77.9073
1 1 9			0.01		2.24		30.6		0.41537	0.2216	37.1193146943	1.1702
4 0 12			0.01		2.26		30.28		0.41538	2.7435	60.4154589103	161.2613
0 2 12			-0.01		2.24		30.67		0.41507	0.3827	50.6142203783	17.5707
6 0 4			0.0		2.24		30.67		0.41503	0.7069	57.1830782131	42.6751
1 1 1			-0.0		2.24		30.68		0.41499	0.5749	13.0194761966	56.7652
0 4 4			-0.0		2.24		30.73		0.41518	0.8482	39.0545896029	78.0016
7 1 7			-0.06		2.18		32.74		0.41275	0.3505	72.2660298289	5.0526