HKL Value		Reward		TotalReward	Chi Squared	Z Appr. 	Error	Two-Thetas	Sfs2
4 4 4			0.0		0.0		0.0		0.3	0.8476	53.9354251327	76.9211
0 0 10			0.0		0.0		0.04		0.27865	0.8316	38.8438017949	41.7013
4 2 4			-1.0		-1.0		16.8		0.27698	0.7624	43.1345383828	64.2766
0 0 20			0.42		-0.57		11.8		0.27736	0.4542	83.3712939521	4.3689
6 4 2			0.31		-0.26		8.99		0.27753	0.2211	67.6401768609	4.8049
3 7 1			0.25		-0.01		7.21		0.27742	1.2822	71.5694631273	22.2453
4 2 10			0.18		0.17		6.1		0.27882	1.1102	57.0442200735	11.3144
0 6 18			-0.75		-0.58		24.65		0.28947	0.7949	98.0280769063	1.8601
6 4 0			0.14		-0.44		21.57		0.28947	1.8287	67.0910631577	58.6803
4 6 0			0.12		-0.32		19.18		0.28947	0.7863	67.1083315067	59.4729
1 3 11			-0.44		-0.75		34.05		0.28902	2.4293	52.0561920156	298.4303
3 1 9			0.09		-0.66		31.26		0.289	0.36	45.2950695798	8.7768
4 0 10			0.04		-0.62		29.93		0.28877	0.6243	53.7713327333	45.2096
1 3 13			0.08		-0.54		27.73		0.28868	0.3907	59.4200243294	11.5335
4 6 2			0.08		-0.46		25.75		0.28868	0.2349	67.657370766	5.5969
2 6 10			0.03		-0.44		25.05		0.28846	0.7069	72.0169435829	44.7171
4 4 10			0.04		-0.4		24.14		0.28828	0.6886	66.23802526	47.6672
6 2 10			0.02		-0.38		23.61		0.28806	0.7103	71.9901825081	43.9921
6 0 8			0.05		-0.32		22.4		0.28808	2.9234	64.163237895	5.3359
3 1 13			0.05		-0.27		21.25		0.28802	0.3869	59.4126405656	11.7895
0 6 8			0.05		-0.22		20.29		0.28804	0.7694	64.1950429677	5.6946
2 4 10			0.03		-0.18		19.6		0.28791	0.607	57.0555982332	12.0937
0 6 10			0.01		-0.17		19.37		0.28767	0.8527	69.1637693973	8.5049
6 0 2			0.04		-0.13		18.56		0.28767	0.2214	55.354768557	5.4487
4 6 6			0.02		-0.11		18.23		0.28775	1.1903	71.9781772466	41.9784
2 4 14			0.04		-0.07		17.53		0.28774	0.5221	70.6383718296	19.4111
4 2 14			0.04		-0.03		16.88		0.28773	1.2576	70.6282605877	19.9713
3 5 9			0.01		-0.02		16.69		0.28771	0.4755	65.0802252419	19.5165
7 3 1			0.04		0.01		16.11		0.2877	0.5095	71.5359286583	22.1332
2 0 16			0.02		0.04		15.76		0.28766	0.5935	67.2372591268	11.8907
2 2 10			0.01		0.05		15.6		0.28748	0.6429	46.7739448495	44.8949
3 1 1			0.02		0.06		15.36		0.28747	0.5239	28.3131072915	41.7464
1 5 13			0.03		0.1		14.88		0.28744	1.1973	71.2966048402	12.6128
6 0 10			0.01		0.1		14.79		0.28725	1.0728	69.1331306246	8.9056
0 2 16			0.02		0.12		14.56		0.28721	1.8687	67.2407114996	13.8307
4 2 2			0.02		0.14		14.22		0.2872	0.457	40.8620305525	12.2524
1 1 15			0.0		0.14		14.21		0.28718	0.656	61.3839959686	20.6242
5 3 9			0.0		0.14		14.17		0.28715	0.4833	65.0662013285	20.8409
3 3 5			-0.16		-0.02		16.94		0.28713	1.3995	42.8396693434	151.0913
0 4 10			0.01		-0.01		16.81		0.28693	0.9893	53.7871001638	44.1425
7 1 1			0.02		0.01		16.46		0.28692	0.5207	65.7483230412	25.2044
1 5 5			-0.11		-0.1		18.55		0.2869	1.8923	50.2743192378	127.3636
5 5 1			0.02		-0.08		18.12		0.2869	0.5073	65.769247456	23.9531
1 3 15			0.02		-0.06		17.78		0.28684	0.2862	67.3623786269	8.1809
9 1 1			0.02		-0.04		17.37		0.28684	0.8793	87.9915459652	19.6393
5 1 9			0.01		-0.03		17.26		0.28683	0.4583	58.9619928854	19.0838
0 6 2			0.02		-0.01		16.91		0.28683	0.2356	55.3895592761	6.1752
2 0 10			0.02		0.01		16.55		0.28683	0.6169	42.9543880851	20.236
3 1 15			0.02		0.03		16.27		0.28678	0.2871	67.3554895111	7.7692
1 5 1			0.02		0.05		16.01		0.28678	0.4978	46.196563203	27.3004
0 6 6			-0.01		0.04		16.09		0.28685	1.0147	60.183190367	40.9583
2 4 6			-0.02		0.02		16.41		0.28695	0.785	46.7364348384	64.2552
3 3 15			0.02		0.04		16.11		0.28691	0.3402	73.0835579415	3.8877
2 0 14			0.02		0.06		15.82		0.28691	0.2634	58.6945218607	7.3942
2 0 2			0.0		0.06		15.77		0.28691	0.6502	19.2320929378	35.9547
0 6 16			0.02		0.08		15.53		0.28687	0.4825	89.3859051251	7.6515
0 4 2			-0.1		-0.02		17.25		0.28687	3.2657	36.5744795411	137.7475
0 2 10			0.02		-0.0		16.95		0.28687	0.4317	42.9590557724	21.0204
1 5 9			0.01		0.0		16.85		0.28687	0.4394	58.984264935	17.7365
0 6 4			-0.0		-0.0		16.89		0.28683	0.6675	57.2171401797	42.9768
6 0 6			-0.0		-0.0		16.93		0.2869	1.0815	60.1501886982	39.9969
0 4 20			0.02		0.01		16.65		0.28687	1.027	94.1654323607	18.6345
0 4 16			-0.03		-0.02		17.21		0.28704	1.5557	75.7704700384	94.8658
1 7 1			0.01		-0.01		16.98		0.28704	0.5219	65.7901743415	26.2984
2 4 12			0.01		0.01		16.75		0.28704	0.2205	63.4791913795	4.8908
2 2 16			-0.04		-0.03		17.43		0.28723	1.1693	70.1293332912	108.6018
3 3 9			0.01		-0.02		17.25		0.28721	0.3816	52.4524123761	12.0632
4 4 12			-0.04		-0.06		17.96		0.28711	1.9475	72.2035773977	130.2426
2 4 0			0.0		-0.06		17.9		0.28711	1.4359	40.0960076051	88.2765
4 2 6			-0.01		-0.07		18.08		0.28721	1.6049	46.7233273538	62.1975
7 3 3			-0.01		-0.08		18.24		0.28724	1.9283	72.601334037	69.5466
6 0 0			0.01		-0.06		18.05		0.28724	0.7256	54.7363985401	55.434
1 3 1			0.01		-0.06		17.92		0.28723	0.5324	28.3265170018	42.1271
0 0 8			-0.09		-0.15		19.72		0.28712	2.1948	30.8548203523	183.9052
4 0 8			-0.1		-0.25		21.93		0.28692	2.9483	47.8850437629	244.3799
2 4 2			0.01		-0.24		21.68		0.28691	0.3828	40.8766170199	13.2501
0 6 14			0.01		-0.23		21.42		0.2869	0.9096	81.7552219026	27.2955
5 1 3			-0.01		-0.23		21.6		0.28695	0.9592	47.5591860667	88.1873
0 6 0			0.01		-0.23		21.41		0.28695	1.4277	54.7714555341	59.4019
6 2 2			-0.05		-0.27		22.52		0.28695	3.3001	58.5687226088	135.1206
4 2 8			0.01		-0.26		22.24		0.28697	0.7605	51.4203212226	2.5419
0 4 12			-0.04		-0.3		23.15		0.28685	1.4889	60.4300914167	161.7651
5 3 1			0.01		-0.29		22.93		0.28684	0.5252	53.2386121167	32.835
1 1 3			0.0		-0.29		22.9		0.28687	0.4514	16.9416048235	36.8187
3 5 1			0.01		-0.28		22.68		0.28686	0.5283	53.2544885252	31.9012
3 3 1			0.01		-0.27		22.46		0.28684	0.5106	38.1558496662	33.1617
6 4 6			0.01		-0.27		22.33		0.28693	0.9247	71.9614498967	41.9809
5 1 1			0.01		-0.26		22.12		0.28692	0.5346	46.1701152	26.7419
1 3 9			0.01		-0.25		21.89		0.2869	0.2622	45.3040218183	7.1674
2 4 8			0.01		-0.23		21.64		0.2869	0.1687	51.4325245866	2.4593
3 3 3			-0.01		-0.24		21.76		0.28695	0.8081	39.7679129272	70.9373
3 3 13			0.01		-0.23		21.53		0.28688	0.5636	65.4922780779	9.1158
6 2 4			0.01		-0.22		21.3		0.28688	0.8727	60.3342977717	77.9073
5 1 13			0.01		-0.21		21.07		0.28686	0.4567	71.2764535317	11.3258
1 1 13			0.01		-0.2		20.85		0.28684	0.3722	52.9310122384	10.9703
0 2 14			0.01		-0.19		20.64		0.28684	0.2479	58.6982494177	6.3292
0 0 22			-0.02		-0.21		21.09		0.28627	2.2765	94.0325860765	137.6091
6 0 4			0.0		-0.21		21.06		0.28622	0.7069	57.1830782131	42.6751
4 0 12			-0.03		-0.24		21.81		0.28607	2.7435	60.4154589103	161.2613
0 2 12			0.01		-0.24		21.7		0.28605	0.3827	50.6142203783	17.5707
7 1 7			-0.13		-0.37		25.01		0.2861	0.3505	72.2660298289	5.0526
0 2 18			-0.03		-0.4		25.88		0.28836	0.3755	76.3208597895	3.7538