HKL Value		Reward		TotalReward	Chi Squared	Z Appr. 	Error	Two-Thetas	Sfs2
0 0 10			0.0		0.0		0.0		0.3	0.8316	38.8438017949	41.7013
0 0 20			0.0		0.0		1.46		0.32039	0.4542	83.3712939521	4.3689
0 2 8			-0.89		-0.89		12.99		0.33452	0.1155	35.7619852008	1.7384
2 4 2			0.16		-0.73		11.18		0.33447	0.3828	40.8766170199	13.2501
6 4 2			0.28		-0.45		8.74		0.33444	0.2211	67.6401768609	4.8049
2 4 14			-0.04		-0.49		9.12		0.3338	0.5221	70.6383718296	19.4111
2 6 0			-0.83		-1.32		53.53		0.3338	4.3567	58.0028534629	558.9791
4 2 10			0.14		-1.18		46.83		0.33372	1.1102	57.0442200735	11.3144
7 3 1			0.13		-1.05		41.47		0.33363	0.5095	71.5359286583	22.1332
6 0 2			0.12		-0.93		37.16		0.33362	0.2214	55.354768557	5.4487
0 6 8			0.11		-0.82		33.54		0.33333	0.7694	64.1950429677	5.6946
1 3 9			-0.01		-0.83		33.8		0.33333	0.2622	45.3040218183	7.1674
4 2 14			0.07		-0.76		31.57		0.32739	1.2576	70.6282605877	19.9713
3 5 5			-0.13		-0.89		36.34		0.33357	1.2751	56.9624934876	133.7285
2 6 8			-0.2		-1.09		45.54		0.33572	4.3291	67.1483383839	218.3417
6 0 8			0.07		-1.02		42.6		0.33554	2.9234	64.163237895	5.3359
1 1 15			0.06		-0.96		40.02		0.33575	0.656	61.3839959686	20.6242
4 2 2			0.05		-0.91		38.07		0.33571	0.457	40.8620305525	12.2524
1 1 7			0.06		-0.85		35.96		0.33581	0.2012	29.7561292971	6.5386
1 5 1			0.04		-0.81		34.57		0.33575	0.4978	46.196563203	27.3004
3 7 1			0.05		-0.76		33.05		0.3357	1.2822	71.5694631273	22.2453
0 2 14			0.05		-0.71		31.52		0.33532	0.2479	58.6982494177	6.3292
4 4 10			0.02		-0.69		30.91		0.33378	0.6886	66.23802526	47.6672
2 0 16			0.03		-0.66		29.88		0.33388	0.5935	67.2372591268	11.8907
2 6 10			0.03		-0.63		29.0		0.32848	0.7069	72.0169435829	44.7171
5 1 9			0.02		-0.61		28.35		0.32738	0.4583	58.9619928854	19.0838
0 6 2			0.04		-0.57		27.37		0.32735	0.2356	55.3895592761	6.1752
3 5 9			0.03		-0.54		26.52		0.32678	0.4755	65.0802252419	19.5165
2 0 10			0.02		-0.52		25.93		0.32608	0.6169	42.9543880851	20.236
7 1 7			0.03		-0.49		25.24		0.3274	0.3505	72.2660298289	5.0526
4 0 10			0.03		-0.46		24.54		0.3265	0.6243	53.7713327333	45.2096
5 3 1			0.02		-0.44		24.06		0.32642	0.5252	53.2386121167	32.835
2 0 14			0.03		-0.41		23.42		0.32711	0.2634	58.6945218607	7.3942
1 3 15			0.01		-0.41		23.27		0.32469	0.2862	67.3623786269	8.1809
6 2 0			-0.25		-0.65		30.88		0.32469	4.3933	57.9728440251	566.5186
5 5 1			0.03		-0.63		30.08		0.32466	0.5073	65.769247456	23.9531
4 4 12			0.03		-0.6		29.27		0.32446	1.9475	72.2035773977	130.2426
1 3 1			0.01		-0.58		28.86		0.32441	0.5324	28.3265170018	42.1271
5 3 9			0.03		-0.56		28.15		0.32424	0.4833	65.0662013285	20.8409
4 2 6			0.03		-0.53		27.43		0.32424	1.6049	46.7233273538	62.1975
4 6 2			0.02		-0.51		26.77		0.32423	0.2349	67.657370766	5.5969
3 3 9			0.02		-0.49		26.37		0.32376	0.3816	52.4524123761	12.0632
6 4 0			0.02		-0.47		25.74		0.32376	1.8287	67.0910631577	58.6803
6 2 10			0.02		-0.45		25.15		0.32359	0.7103	71.9901825081	43.9921
1 7 1			0.02		-0.43		24.74		0.32356	0.5219	65.7901743415	26.2984
6 0 0			0.02		-0.41		24.3		0.32356	0.7256	54.7363985401	55.434
1 5 9			0.01		-0.4		23.97		0.32317	0.4394	58.984264935	17.7365
6 4 6			0.01		-0.38		23.68		0.32298	0.9247	71.9614498967	41.9809
9 1 1			0.02		-0.36		23.23		0.32296	0.8793	87.9915459652	19.6393
1 1 1			0.0		-0.36		23.12		0.32291	0.5749	13.0194761966	56.7652
2 4 6			0.02		-0.34		22.66		0.32293	0.785	46.7364348384	64.2552
4 6 0			0.02		-0.32		22.22		0.32293	0.7863	67.1083315067	59.4729
5 1 1			0.01		-0.31		21.94		0.32291	0.5346	46.1701152	26.7419
0 6 6			0.02		-0.29		21.53		0.32287	1.0147	60.183190367	40.9583
7 1 1			0.01		-0.28		21.25		0.32284	0.5207	65.7483230412	25.2044
3 5 1			0.01		-0.26		21.03		0.32281	0.5283	53.2544885252	31.9012
3 3 1			0.01		-0.25		20.81		0.32278	0.5106	38.1558496662	33.1617
0 2 16			0.02		-0.24		20.44		0.32278	1.8687	67.2407114996	13.8307
3 1 9			0.01		-0.23		20.3		0.32237	0.36	45.2950695798	8.7768
4 2 8			0.01		-0.22		20.2		0.32275	0.7605	51.4203212226	2.5419
5 1 13			0.01		-0.22		20.05		0.32368	0.4567	71.2764535317	11.3258
2 2 10			0.02		-0.2		19.74		0.32354	0.6429	46.7739448495	44.8949
0 6 10			0.02		-0.18		19.42		0.32349	0.8527	69.1637693973	8.5049
6 0 10			0.02		-0.17		19.12		0.32343	1.0728	69.1331306246	8.9056
0 2 2			-0.0		-0.17		19.14		0.32339	0.4614	19.2417464495	36.8131
3 1 15			0.01		-0.16		18.97		0.32283	0.2871	67.3554895111	7.7692
1 5 13			0.01		-0.15		18.82		0.32335	1.1973	71.2966048402	12.6128
3 1 1			0.0		-0.15		18.75		0.32334	0.5239	28.3131072915	41.7464
1 3 13			0.01		-0.14		18.6		0.32384	0.3907	59.4200243294	11.5335
0 4 6			-0.15		-0.29		21.81		0.32401	3.7688	42.9189471786	481.9509
0 6 0			0.01		-0.28		21.6		0.32401	1.4277	54.7714555341	59.4019
4 0 6			-0.13		-0.41		24.75		0.32419	5.3963	42.900258124	488.2208
6 2 4			-0.0		-0.41		24.76		0.32407	0.8727	60.3342977717	77.9073
6 0 6			0.01		-0.39		24.44		0.32405	1.0815	60.1501886982	39.9969
2 4 10			0.01		-0.38		24.13		0.32397	0.607	57.0555982332	12.0937
4 4 4			-0.0		-0.38		24.18		0.32385	0.8476	53.9354251327	76.9211
2 2 16			0.01		-0.37		23.93		0.32357	1.1693	70.1293332912	108.6018
0 6 14			0.01		-0.36		23.74		0.32354	0.9096	81.7552219026	27.2955
0 4 4			-0.0		-0.37		23.76		0.32343	0.8482	39.0545896029	78.0016
2 4 0			0.01		-0.36		23.64		0.32343	1.4359	40.0960076051	88.2765
0 2 20			-0.02		-0.38		24.1		0.32272	0.4494	86.0769303832	2.8517
2 0 12			-0.0		-0.38		24.15		0.32204	0.8079	50.6101057273	16.6151
0 2 0			-0.01		-0.39		24.44		0.32204	1.4407	17.6394681947	177.2483