HKL Value		Reward		TotalReward	Chi Squared	Z Appr. 	Error	Two-Thetas	Sfs2
5 5 7			0.0		0.0		0.0		0.3	0.6639	72.2860687267	4.3062
0 0 10			0.0		0.0		13.18		0.32985	0.8316	38.8438017949	41.7013
0 0 20			0.87		0.87		7.04		0.33137	0.4542	83.3712939521	4.3689
6 0 4			-0.53		0.34		15.12		0.33194	0.7069	57.1830782131	42.6751
6 4 2			0.3		0.64		11.65		0.33176	0.2211	67.6401768609	4.8049
4 2 10			0.11		0.74		10.52		0.32971	1.1102	57.0442200735	11.3144
6 4 0			0.2		0.94		8.77		0.32971	1.8287	67.0910631577	58.6803
4 6 0			0.17		1.11		7.52		0.32971	0.7863	67.1083315067	59.4729
6 0 8			0.14		1.25		6.59		0.32925	2.9234	64.163237895	5.3359
4 0 10			0.03		1.28		6.4		0.3263	0.6243	53.7713327333	45.2096
4 6 2			0.09		1.37		5.89		0.32622	0.2349	67.657370766	5.5969
2 6 10			0.06		1.42		5.57		0.32512	0.7069	72.0169435829	44.7171
4 4 10			0.05		1.47		5.33		0.32427	0.6886	66.23802526	47.6672
6 2 10			0.07		1.54		4.98		0.32387	0.7103	71.9901825081	43.9921
0 6 8			0.07		1.61		4.65		0.32398	0.7694	64.1950429677	5.6946
2 4 10			0.04		1.65		4.48		0.32363	0.607	57.0555982332	12.0937
0 6 10			0.06		1.71		4.22		0.32347	0.8527	69.1637693973	8.5049
6 0 2			0.03		1.74		4.11		0.32345	0.2214	55.354768557	5.4487
2 4 14			0.03		1.76		4.01		0.32336	0.5221	70.6383718296	19.4111
4 2 14			0.02		1.78		3.93		0.32327	1.2576	70.6282605877	19.9713
3 5 9			0.03		1.81		3.83		0.32302	0.4755	65.0802252419	19.5165
2 0 16			0.05		1.86		3.65		0.32317	0.5935	67.2372591268	11.8907
7 3 1			0.01		1.87		3.62		0.32314	0.5095	71.5359286583	22.1332
3 7 1			0.01		1.87		3.6		0.32311	1.2822	71.5694631273	22.2453
2 2 10			0.04		1.91		3.47		0.32293	0.6429	46.7739448495	44.8949
0 2 16			0.04		1.95		3.33		0.32293	1.8687	67.2407114996	13.8307
6 0 10			0.04		1.99		3.21		0.32287	1.0728	69.1331306246	8.9056
2 4 0			-0.11		1.88		3.61		0.32287	1.4359	40.0960076051	88.2765
4 2 2			-0.02		1.86		3.69		0.32285	0.457	40.8620305525	12.2524
0 4 10			0.03		1.89		3.57		0.32277	0.9893	53.7871001638	44.1425
5 3 9			0.02		1.91		3.48		0.32267	0.4833	65.0662013285	20.8409
1 3 11			-0.7		1.22		11.52		0.32284	2.4293	52.0561920156	298.4303
1 1 15			0.03		1.24		11.21		0.32307	0.656	61.3839959686	20.6242
2 6 6			-0.24		1.0		14.82		0.32337	5.383	63.2392339525	346.2148
0 4 12			0.02		1.02		14.55		0.32369	1.4889	60.4300914167	161.7651
4 0 2			-0.15		0.87		17.14		0.32376	1.7854	36.5531212028	138.5255
5 5 1			0.02		0.89		16.74		0.32374	0.5073	65.769247456	23.9531
7 1 1			0.02		0.91		16.46		0.32372	0.5207	65.7483230412	25.2044
1 3 15			0.01		0.92		16.23		0.32303	0.2862	67.3623786269	8.1809
0 6 2			0.02		0.94		15.89		0.32302	0.2356	55.3895592761	6.1752
2 2 14			-0.1		0.85		17.6		0.32302	1.0835	61.7979105177	101.9829
9 1 1			0.02		0.87		17.22		0.323	0.8793	87.9915459652	19.6393
5 1 9			0.02		0.88		16.96		0.32279	0.4583	58.9619928854	19.0838
2 0 10			0.01		0.9		16.72		0.32261	0.6169	42.9543880851	20.236
0 2 22			-0.01		0.89		16.91		0.32209	1.8317	96.7387030121	97.213
3 1 15			0.02		0.9		16.63		0.32175	0.2871	67.3554895111	7.7692
1 5 1			0.01		0.92		16.44		0.32173	0.4978	46.196563203	27.3004
2 0 14			0.01		0.93		16.25		0.32175	0.2634	58.6945218607	7.3942
1 7 1			0.01		0.94		16.06		0.32173	0.5219	65.7901743415	26.2984
0 6 6			0.02		0.96		15.74		0.32171	1.0147	60.183190367	40.9583
0 6 16			0.02		0.98		15.5		0.32202	0.4825	89.3859051251	7.6515
3 3 11			-0.2		0.78		19.29		0.32209	2.1204	58.6030846927	249.5822
1 5 9			0.01		0.79		19.06		0.32192	0.4394	58.984264935	17.7365
6 0 6			0.02		0.81		18.71		0.3219	1.0815	60.1501886982	39.9969
0 2 10			0.01		0.82		18.47		0.32177	0.4317	42.9590557724	21.0204
4 2 8			0.0		0.83		18.42		0.32198	0.7605	51.4203212226	2.5419
1 1 1			0.0		0.83		18.4		0.32196	0.5749	13.0194761966	56.7652
0 4 20			0.01		0.83		18.26		0.3219	1.027	94.1654323607	18.6345
0 4 16			0.02		0.85		17.94		0.32185	1.5557	75.7704700384	94.8658
2 2 16			0.02		0.87		17.67		0.32169	1.1693	70.1293332912	108.6018
3 3 9			0.01		0.88		17.49		0.32154	0.3816	52.4524123761	12.0632
4 4 8			-0.14		0.74		20.25		0.32159	3.9407	61.1479986878	218.5721
3 3 15			0.01		0.75		20.14		0.32099	0.3402	73.0835579415	3.8877
4 2 6			0.02		0.76		19.83		0.321	1.6049	46.7233273538	62.1975
4 4 12			0.02		0.78		19.52		0.32103	1.9475	72.2035773977	130.2426
6 0 0			0.01		0.79		19.29		0.32103	0.7256	54.7363985401	55.434
2 4 6			0.01		0.8		19.01		0.32105	0.785	46.7364348384	64.2552
1 3 1			0.0		0.81		18.93		0.32104	0.5324	28.3265170018	42.1271
3 1 7			-0.01		0.8		19.05		0.32146	0.257	39.2655360855	5.205
0 6 0			0.01		0.81		18.87		0.32146	1.4277	54.7714555341	59.4019
0 6 14			0.01		0.82		18.72		0.32146	0.9096	81.7552219026	27.2955
1 1 7			-0.01		0.81		18.83		0.32184	0.2012	29.7561292971	6.5386
2 4 2			0.01		0.82		18.65		0.32183	0.3828	40.8766170199	13.2501
5 3 1			0.01		0.83		18.53		0.32181	0.5252	53.2386121167	32.835
3 1 3			-0.0		0.83		18.55		0.32183	1.2003	30.3814370344	67.5761
3 1 9			0.01		0.83		18.45		0.32167	0.36	45.2950695798	8.7768
3 3 7			-0.01		0.82		18.68		0.32215	0.1558	47.1418707618	3.5073
3 3 1			0.01		0.83		18.55		0.32214	0.5106	38.1558496662	33.1617
3 5 1			0.01		0.84		18.42		0.32213	0.5283	53.2544885252	31.9012
3 3 5			-0.06		0.77		19.64		0.32218	1.3995	42.8396693434	151.0913
6 4 6			0.01		0.78		19.52		0.32212	0.9247	71.9614498967	41.9809
1 3 9			0.0		0.78		19.48		0.32193	0.2622	45.3040218183	7.1674
1 1 3			0.0		0.79		19.4		0.32193	0.4514	16.9416048235	36.8187
3 1 1			0.0		0.79		19.33		0.32192	0.5239	28.3131072915	41.7464
1 3 13			0.0		0.79		19.28		0.32232	0.3907	59.4200243294	11.5335
2 4 8			0.0		0.8		19.23		0.32245	0.1687	51.4325245866	2.4593
5 1 1			0.01		0.8		19.1		0.32245	0.5346	46.1701152	26.7419
0 2 2			-0.0		0.8		19.11		0.32243	0.4614	19.2417464495	36.8131
0 0 16			0.01		0.81		18.95		0.32228	1.3342	64.286058028	116.6634
1 3 3			-0.0		0.81		18.95		0.32229	0.7045	30.3940112777	66.1614
1 5 13			0.0		0.81		18.88		0.32259	1.1973	71.2966048402	12.6128
3 3 3			-0.0		0.81		18.89		0.3226	0.8081	39.7679129272	70.9373
5 1 13			0.0		0.82		18.83		0.32292	0.4567	71.2764535317	11.3258
3 3 13			0.0		0.82		18.82		0.3233	0.5636	65.4922780779	9.1158
6 2 2			-0.04		0.77		19.7		0.32331	3.3001	58.5687226088	135.1206
6 2 4			-0.0		0.77		19.75		0.32326	0.8727	60.3342977717	77.9073
2 0 2			-0.0		0.77		19.75		0.32325	0.6502	19.2320929378	35.9547