Number of epochs: 425e-01
-3.902129042457292418e-01
8.411259890509805576e-03
-7.053211547013338301e-02
-5.113087900761846827e-01
-4.334998433696708731e-02
-3.323956300376984530e-01
-4.616797385924353292e-01
2.340141649971910938e-03
-2.819844774307153079e-01
1.990869155074729557e-01
6.969436003979797255e-03
-3.195593280437103445e-01
1.397841585964428035e-01
-2.311051080265183813e-02
7.807253559481312300e-05
-5.513966608835476312e-03
2.183081524518349845e-02
1.857916145904536104e-02
7.629349621224283499e-03
4.596955219617332791e-03
5.840276263773733906e-03
2.916970738038874439e-02
1.581239581498043029e-02
4.554255110710004641e-03
2.238792524278994389e-02
1.060584088413327360e-02
2.880136241602532232e-02
-1.284656043360219158e-01
-5.198773713359370989e-03
-1.515899575128187016e-01
3.668617758947532309e-02
-4.844650694485577724e-02
-1.461415563288864239e-01
2.353960699460614162e-02
-1.350386004429319498e-01
-1.642815308812937969e-01
6.344339140365305371e-03
-1.510960107918360440e-01
3.371730163626901478e-01
1.866940770255272677e-02
-1.414987662062495710e-01
6.989385877548236203e-02
1.232710145058617170e-03
-5.862544164927723650e-02
-8.346483137828482335e-02
-8.362824098535107109e-02
-8.449969232449586198e-02
-2.895449839184171831e-03
-6.805044612909007251e-02
-7.152444325790745239e-02
-4.622488575590927989e-02
-6.688991790755428879e-02
-7.721024767550252466e-02
-4.972446631169766262e-02
-8.975422322309523082e-02
-7.707578652476705650e-02
-1.927530910122117747e-01
-8.571854993691585545e-02
-1.042970726287818783e-02
-1.025219904750357125e-01
-1.124818041366599380e-01
-1.306682605346130843e-01
-4.210000449556701094e-03
-2.528321075146470684e-02
-7.693549723454555511e-02
-4.440749272441060769e-02
-3.554857616794471903e-02
-2.744067680495446832e-02
-3.051642968578137383e-02
-3.027627596317991956e-02
-2.577277033797180650e-01
-2.701862410116466773e-01
-1.484944492196642596e-01
-1.445183036629466289e-01
-1.675549676645584629e-01
-1.204757919824785972e-01
-7.211831840976801189e-02
-4.868596500401253108e-02
-1.509431183758048467e-01
-1.915396354235257836e-01
-7.143506076259574511e-02
-9.999362567151721948e-02
-6.046029345559846002e-02
-4.213285376031733476e-01
-3.341981058151635015e-02
-3.553271020668768987e-01
1.287795647866615649e-02
-7.199081512006069716e-02
-3.573803837399804340e-01
9.611464648096236518e-03
-2.720524830280184325e-01
-3.044300039696145044e-01
8.402362398212534153e-03
-2.672023128564375849e-01
2.408587370059452927e-03
1.528378154792896584e-02
-2.137687315719847825e-01
-3.271378723215308953e-02
-1.055485397937447195e-01
-1.137756044811637501e-01
-7.256864030011095368e-02
-2.899915997011716026e-02
-9.142301276801416410e-02
-6.440556911204653456e-02
-7.027955846054943778e-02
-2.993893523033803669e-02
-8.880131244517072697e-02
-9.568904044072853998e-02
-1.153297132782488410e-01
-1.866559182821619645e-01
-6.805010210290321493e-02
-2.853043894287524140e-01
4.708125181530884579e-02
-5.816835207958672566e-02
-2.509235247633994081e-01
5.639579815562255349e-03
-2.439343703302881972e-01
-2.608208586251581362e-01
-2.764864162471929588e-04
-2.371631144394266977e-01
4.665644566522884201e-02
-2.014422849211651156e-01
-2.011424294165509510e-02
5.274539906313436589e-03
1.764904681914671036e-02
1.384449013795880940e-03
1.150924782574146502e-02
2.283835666304081385e-02
1.351487391858154606e-02
2.977355802468999516e-02
5.522992382804623901e+00
1.716524467364416093e-02
7.062712590329014994e-02
2.667198353835300087e-02
1.258188156332645628e-02
2.755866662092052929e-02
2.983863269465839019e-01
5.337480499208280271e-02
2.314357657581611258e-02
4.510118673675137663e-02
6.134129832015708383e-02
3.871759857778564462e-02
6.447875184125961834e-02
-3.177532244326137789e-01
-1.791348527275372082e-01
-1.284337638398403980e-01
-1.738770360513586244e-01
-2.559943076444167742e-01
-1.759256259162168268e-01
-2.546633258059151084e-01
-2.658426690091595934e-01
-1.495300112540098869e-01
-2.390624504543781975e-02
-1.157370839522524689e-02
-7.017256463812877876e-02
-2.582719126588930644e-02
-1.025712127457909101e-01
-1.512547851958008505e-01
2.957837482985228254e-03
-6.902612545195181692e-02
1.005058627748515662e-02
-9.298079347554667751e-02
-5.500730086164049536e-03
-4.449983131186615454e-02
-3.324625851494121629e-03
4.068827426870212421e-05
-3.632257991009323495e-03
-2.297931665335380179e-04
-9.267960010640349799e-02
1.561485425872764614e-02
-9.917414800391247121e-02
-8.401822866980183588e-03
-1.475598771569289203e-01
3.383153430423674335e-02
-1.446219193387319746e-01
3.530515659067679640e-02
6.505276558737970762e-03
2.267161771828736516e-02
1.639230456140335426e-02
1.997359318261324526e-02
1.089396908009574241e-02
-4.713993564295103356e-02
2.944120869042158445e-02
2.699574990883678652e-02
1.204101954248044080e-02
1.210327195494498125e-02
1.436575844573642277e-02
-2.057789812710890676e-01
-4.355261069457275203e-02
-2.946844648892086097e-02
-5.550832056198312658e-02
-5.338574408692338402e-02
5.419178944157228006e-01
-5.600508179219730598e-02
1.241612541680697790e-02
-8.552930275942061122e-03
-1.001557326689409833e-01
