Number of epochs: 753e-01
-2.539762011441857315e-01
2.336736574024672608e-02
-9.852233340286850605e-02
-4.552858567796596034e-01
-1.201707352431710760e-03
-2.872202078513335644e-01
-5.634872170566143090e-01
7.769597255349851989e-03
-1.433003228824042963e-01
6.464621776380947982e-02
1.463006448450359688e-02
-2.625910218666028806e-01
4.386102587744165199e-02
7.986020434257742537e-03
-3.806081560103380390e-02
1.121838366631258341e-02
1.253883901066246698e-02
2.293703637773457024e-02
4.038618694131279260e-03
1.023083397851371791e-02
1.641692707493334902e-02
5.379879628564680077e-02
2.610741313071319666e-02
5.593282061022592129e-03
2.002839099101185946e-02
2.172102571938377275e-03
3.396875538136419348e-02
-2.052188550102830300e-01
2.138897227694661150e-03
-1.192845411475868672e-01
6.345237972079940947e-02
-4.603735685101148847e-03
-3.179439044768697653e-02
2.939972473189335703e-02
-1.269738995223536338e-01
-1.632415300504952149e-01
2.685532092171446714e-02
-1.247052388502016135e-01
2.864911618548847683e-01
1.113920678731150291e-02
-5.434386043223616430e-02
7.650774036463493799e-02
7.830099212178092891e-03
-4.891643044962695752e-02
-2.456085511334405239e-02
-3.027100510390485708e-02
-7.626582605580084495e-02
-8.437734184994830772e-03
-5.381763370183848677e-02
-4.879849359863903252e-02
-2.963719845419972646e-02
-4.509852515264095585e-02
-3.567437182735731099e-02
-1.222152757058917044e-01
-7.671220716990588551e-02
-1.024147032268533757e-02
-1.362235330473001715e-01
-3.125549766110869571e-02
-2.491525867194103929e-03
-5.190184881564095798e-02
-8.356701511760862566e-02
-1.007183421129534823e-01
-2.340630352836717970e-03
4.336711479019468227e-03
-3.990472745273094396e-02
-2.205478605223931687e-02
-1.067387553433927529e-03
-1.567982951197907865e-03
-4.540820960027586867e-02
5.193688025487140300e-03
-4.196466531605528849e-01
-2.789661140006786666e-01
-7.018574061546367648e-02
-3.493827569832146096e-02
-1.735482728527285370e-02
-1.085045501184747629e-01
-6.394939299823734769e-02
-5.903273052095854220e-03
-2.150993384247811349e-02
-2.033039078747657380e-01
-4.569908787506026665e-02
-8.483101238952919787e-02
-6.091909852853467922e-03
-3.602215237504434731e-01
-3.720916698449908827e-02
-1.668763478256901633e-01
3.771141427461831004e-04
-1.202934492389415300e-01
-2.311147409396004382e-01
1.527892558713346040e-02
-1.195294736222852761e-01
-3.617093329276205860e-01
1.463166029285612249e-02
-1.372446174883019954e-01
1.301552208066843359e-02
1.437768089376289561e-02
-8.531308895028122397e-02
-5.970459732288445343e-02
-1.222906329984926044e-01
-1.183453927702851072e-01
-5.897067920361523732e-03
3.905370553285551511e-04
-1.679287842270212328e-01
-7.651371694444700222e-02
-8.376622343394454773e-02
-1.898430646965317686e-02
-1.660391249063370711e-01
-1.070468881665896099e-01
-2.581500669580245877e-02
-1.481223610735824536e-01
-1.032876142373359979e-01
-2.210699250103256019e-01
6.523848175036324470e-02
-2.198052105664866640e-01
-2.736601276248938897e-01
-5.719856027911352642e-04
-1.338657069389281584e-01
-1.908308897872210141e-01
-3.761867537836576826e-03
-2.693372771443839353e-01
5.204720416314410208e-02
-3.668146305685986430e-01
-6.856097239546023181e-02
1.070063758207475714e-02
2.694404835126481060e-02
1.033840122424487667e-02
6.776365904612498964e-04
2.111438065434742897e-02
1.323223115603954642e-02
3.330364479929697613e-02
1.380341107888709828e+01
2.000450854660778752e-02
3.122736914257921367e-02
1.685421250282055292e-02
7.660971611361648732e-03
1.830421070788719809e-02
2.352418030813148431e-01
2.982131582289295618e-02
1.149178172289192640e-02
2.130643713836739839e-02
3.582224648817084606e-02
2.234329148963437942e-02
3.802494779298149635e-02
-2.197129316827248768e-01
-1.667273632814935957e-01
-1.069219703859813492e-01
-1.365417262063921555e-01
-1.620580334582703563e-01
-2.317425215559784091e-01
-2.306458795998403422e-01
-1.479318798364682719e-01
-2.690143394018200407e-02
-2.658809495895688487e-03
-7.198589064297477094e-03
-5.902481983806363852e-02
-1.507150643062468709e-02
-2.156816775805360797e-01
-2.232778174563222751e-01
1.035785915855238657e-03
-3.901733313811932974e-02
1.553510003419017980e-02
-4.613374352567312792e-02
7.364073660876401840e-03
3.228579141624643954e-03
5.480454593164894861e-03
7.467374812140607949e-03
2.806585423308237317e-03
7.020548020275910878e-03
-1.160565088831900377e-01
2.107496789869912207e-02
-9.760759642122902868e-02
1.493394229837019527e-02
-2.088853275842418311e-01
4.422574440116425892e-02
-5.259894152974235043e-02
5.392689020117359677e-02
-3.744325099029840922e-03
3.094913960096352945e-02
1.349940534036057210e-02
2.636600261489258773e-02
-2.695664487009706393e-03
-2.643712518580779158e-01
3.040113329965190778e-02
2.564323934403182556e-02
1.615841295988271892e-02
-2.890083674866126412e-04
8.471153887098554700e-03
-8.724775908797713364e-02
-1.916811602901141720e-02
3.128830407519434410e-03
-7.241607066085432864e-02
-4.289165770798045348e-03
3.430354972759518395e-01
-8.793443874649382180e-03
2.277696509113127238e-02
4.902332267422343515e-03
-1.084322207880205613e-01
