Number of epochs: 375e-02
-3.793948464071618121e-01
7.878321561123901445e-03
-5.972942194882766009e-02
-5.116345212722206437e-01
-4.963841464628918759e-02
-3.359692197262044155e-01
-4.578288959595197549e-01
7.482083496677362916e-03
-2.753998701065534238e-01
1.975226708615450966e-01
6.440376937169778673e-03
-3.241909829098002516e-01
1.368040840689249416e-01
-2.579381827719045422e-02
-1.453572280291044912e-03
-3.101923391984506839e-03
2.236541103831350685e-02
1.836362470038370442e-02
1.172612536714305771e-02
2.089158531704160115e-03
5.306663987723404460e-03
2.898172539509397821e-02
1.609803619944265643e-02
3.839950940005776303e-03
2.083970017114845572e-02
1.043126271482967132e-02
2.832666587747871209e-02
-1.379429435098503132e-01
-2.366571966534223681e-04
-1.629475146667587193e-01
3.661555451601623129e-02
-4.144584524615894244e-02
-1.428676455068396689e-01
2.355430144704022052e-02
-1.347515548977145650e-01
-1.614392171520647734e-01
6.017614592120327718e-03
-1.675616877167017960e-01
3.336701322595078123e-01
1.744322407536727168e-02
-1.476126266171911283e-01
6.706349054255994480e-02
4.198096683724656872e-03
-6.399437965225125702e-02
-9.014933787833354084e-02
-8.725939870622591299e-02
-9.109979786822532122e-02
-2.670907298741246293e-03
-7.900903897164979206e-02
-7.372546516991081156e-02
-3.935108179659040778e-02
-7.301846526236142887e-02
-8.523205526130787912e-02
-5.324609501489642460e-02
-1.121246974803510321e-01
-8.647575354819410365e-02
-2.039901756906480901e-01
-9.284421660863620418e-02
-1.236094265793112254e-02
-1.046509690542144350e-01
-1.198395826654714835e-01
-1.159229020017335243e-01
-5.188034215874554565e-03
-2.631005532669446895e-02
-7.167233547960434603e-02
-4.551544624979497744e-02
-4.048843303908366414e-02
-2.419635983513266156e-02
-3.184136854837558983e-02
-2.344723737482959716e-02
-2.630804367143109168e-01
-2.564839473793564806e-01
-1.390925732666480619e-01
-1.468591156606704751e-01
-1.520572748771349403e-01
-1.223505413062938585e-01
-7.100849711647387597e-02
-3.629511742122874807e-02
-1.494356216162919804e-01
-1.812341188763054445e-01
-7.735893995293857683e-02
-1.065847729517296616e-01
-4.607150340289963009e-02
-3.969221060387129740e-01
-2.721676399317117176e-02
-3.523961256625396943e-01
1.276270974680166793e-02
-7.734646512237618177e-02
-3.434500479590402167e-01
9.059433202938524041e-03
-2.437269525241966550e-01
-3.146386202069253457e-01
1.009135561335752600e-02
-2.814360448317235752e-01
3.494232574136696412e-03
1.589855561947992740e-02
-2.245522308040453496e-01
-2.369190858476666328e-02
-1.095493795157103378e-01
-1.175385965913392505e-01
-7.366373005533413676e-02
-1.315107205141762860e-02
-1.044126846143739185e-01
-6.047942570973648124e-02
-7.573377949400866838e-02
-2.783478173886272736e-02
-7.023816719107128792e-02
-8.491213671054004264e-02
-1.074952068599812349e-01
-2.002021938445950888e-01
-6.798094245271432690e-02
-3.082430969812171573e-01
4.667144855268925280e-02
-6.698347573125812415e-02
-2.813526116492293672e-01
9.607335021592462027e-03
-2.347501592993835318e-01
-2.514468237888926594e-01
-3.592590499152106039e-03
-2.176616258455940089e-01
4.687180342969295838e-02
-2.110188693990188158e-01
-2.939968572717056514e-02
3.690892620922597931e-03
1.807643459964124177e-02
7.761796855208766060e-04
1.010757274333288352e-02
2.291502849652504031e-02
1.349353809447032329e-02
3.005720851986700554e-02
5.828911312557146118e+00
1.716490564210457204e-02
6.721133070327020564e-02
2.584440599969377306e-02
1.392489952484884247e-02
2.634881240587873610e-02
2.991472610567394996e-01
5.207451606195888372e-02
2.241643678170686035e-02
4.363789658083758183e-02
5.946563298511878259e-02
3.640229846703924022e-02
6.377897298610285537e-02
-3.080497638058172782e-01
-1.829482797598915578e-01
-1.319215454755300609e-01
-1.670319619756404916e-01
-2.835432423538918334e-01
-1.795086108290857574e-01
-2.504896019319017286e-01
-2.546350654725541562e-01
-1.292785164456494718e-01
-2.690941101867608612e-02
-1.343286619756129535e-02
-6.612279793872319344e-02
-1.966196896843904959e-02
-1.240424889623271271e-01
-1.535342620644687406e-01
3.961666333524787621e-03
-6.712296511674292754e-02
9.822523700102846894e-03
-8.848283458983731420e-02
-5.748570090060879482e-03
-4.958267768756736971e-02
-5.586124615809699712e-03
-3.122606993773201309e-04
-3.410108187775982933e-03
-1.197440639337674301e-03
-9.524926984355448767e-02
1.522595466741177850e-02
-9.990159121158202760e-02
-1.078708008613429338e-02
-1.500664149634068356e-01
3.370767356816217059e-02
-1.498534380582737247e-01
3.449200360811948557e-02
6.172628210994106183e-03
2.318014211015916384e-02
1.620522241300361571e-02
2.006932267005181320e-02
3.728043525207334983e-03
-5.448119751605073197e-02
2.934033294695130925e-02
2.722499130290237726e-02
1.070799735263106359e-02
1.328259991634323650e-02
1.470744396697946758e-02
-2.017934991556814273e-01
-4.312300513688427372e-02
-2.255818414520246659e-02
-4.313658739917147072e-02
-4.306159960169147344e-02
5.746030939538657734e-01
-3.910664660857122998e-02
1.267138018172337018e-02
-1.150281298865617197e-02
-1.140328117058955482e-01
