Number of epochs: 225e-01
-3.461382002275874004e-01
7.391198285684037923e-03
-9.018426833146692134e-02
-5.248266629582402087e-01
-2.100010323842966056e-02
-2.775869190588429736e-01
-4.138461979685574277e-01
9.485575278438832317e-03
-2.778663362193332653e-01
1.747630061244053179e-01
4.267807132536980720e-03
-2.913524801093869132e-01
1.142292570376183258e-01
-1.658705836573498571e-02
-3.655449942160253311e-03
-5.001769818166409282e-03
2.514673480297491617e-02
1.843002007252872443e-02
4.583159921198758611e-03
7.334738630272191577e-03
7.895216543357886502e-03
3.227607374086230441e-02
1.789999793858597713e-02
6.652740804749383320e-04
1.985103039665836455e-02
1.009739931863672113e-02
3.139131641088911684e-02
-1.647716255395191565e-01
-2.407636914443533373e-03
-1.588852304733027743e-01
4.030976603821016802e-02
-4.923922746218867968e-02
-1.462210943555453113e-01
2.556096362685383178e-02
-1.215283953842332676e-01
-1.282846007824095247e-01
9.986250180068297413e-03
-1.394373503410436255e-01
3.229382195268254430e-01
1.483085793163113619e-02
-1.605114069697148593e-01
7.159674697933264553e-02
5.142928100668540080e-03
-3.484867445528363333e-02
-1.084982435658828348e-01
-5.645790135182936903e-02
-9.620568087311701100e-02
-8.659511779545702240e-03
-4.280872482808135981e-02
-6.871217668072422680e-02
-6.187362649665539144e-02
-7.042417907462719673e-02
-4.871055206591837911e-02
-5.569385144254338643e-02
-1.055655361853870128e-01
-6.635641691394292274e-02
-1.274036182504951487e-01
-8.120143624660285109e-02
-1.140586555441713314e-02
-8.646873671757934754e-02
-7.951236578766361640e-02
-1.497181981588349420e-01
2.203288831558311220e-03
-1.627126762517483449e-02
-3.899473956577263062e-02
-4.033208316073050997e-02
-3.727918570334552706e-02
-1.192646447926798588e-02
-4.871112424940828717e-02
-2.154585644121331453e-03
-3.061687496595887903e-01
-2.608466798582170787e-01
-1.636910959120670139e-01
-9.865446248268747165e-02
-1.538066756925413892e-01
-9.082099030480071666e-02
-6.133755870293427365e-02
-2.919050874856772212e-02
-1.349366051590918103e-01
-1.347286542299147849e-01
-6.367145066686252797e-02
-7.991984545260207018e-02
-2.228230114052413141e-02
-3.734531111658451197e-01
-1.968395216835395339e-02
-3.718243696537079646e-01
7.937093767296517222e-03
-7.312811378123892925e-02
-3.073028618968643988e-01
7.637226188003024170e-03
-2.605359365445719111e-01
-2.861947124923858721e-01
1.374023320958853850e-02
-2.512988135511849408e-01
7.830712391115641699e-03
1.480671906739820798e-02
-2.091611802256122810e-01
-5.105546031994356859e-02
-9.326204002191407216e-02
-1.024333346814797208e-01
-1.022619655263518335e-01
-1.288445589232175940e-02
-1.182603505496488683e-01
-6.120534061611927062e-02
-5.812771350405444154e-02
-7.436072169368474274e-03
-9.965287721869461879e-02
-1.095321980231396819e-01
-1.257423652896850208e-01
-1.674433230097286118e-01
-7.900310228553732161e-02
-2.793225350768774873e-01
4.927464703869773033e-02
-4.866276485811216190e-02
-2.908017513689680755e-01
1.318152110813215934e-02
-2.671949983015139973e-01
-2.363336570394610758e-01
-1.004295797197966682e-02
-2.365602418813205210e-01
4.971554965693641276e-02
-2.411362601030437869e-01
-6.099219363867422472e-02
8.913218857981908272e-03
2.091364712091970182e-02
-7.637757875793548803e-04
7.107031285660652016e-03
2.076152671542028094e-02
1.308831852258513471e-02
3.018173882020016782e-02
8.229756039620397701e+00
1.768113359220592831e-02
5.163348110062135343e-02
2.097421455820034850e-02
1.102328779511242002e-02
2.303899879630781980e-02
2.729363563694390260e-01
3.780621006656178368e-02
1.561850951777887624e-02
3.192134053534490673e-02
4.414258472071507650e-02
3.035958974351163353e-02
4.940891189050761884e-02
-3.049614023579175215e-01
-1.447052268939576503e-01
-1.287415483933570526e-01
-1.332737275984652858e-01
-2.353298935898391897e-01
-2.030941673763950461e-01
-2.425480619360819712e-01
-2.406260378344400319e-01
-1.209612376632967640e-01
-1.467064866643404131e-02
6.935695772988714237e-03
-7.419621367910389509e-02
-2.647983986847973412e-02
-9.891066246798491113e-02
-1.308676355403970704e-01
9.646377965514103814e-03
-5.741059309230634594e-02
9.953741081082245409e-03
-8.453519854139254774e-02
-1.980276436148027414e-03
-1.628672710957604700e-02
-8.190302406830956075e-03
4.647740960364167562e-03
-2.501689962981066065e-03
2.350915002327990527e-03
-7.145311195782877434e-02
1.339761820653112209e-02
-1.133006111280200762e-01
-6.160128105589018389e-03
-1.172499098432338988e-01
3.483079766207365646e-02
-7.337709882558125785e-02
3.478749570591100487e-02
1.063341632243774027e-03
2.603998984361253002e-02
1.008175291192320647e-02
2.215042250677443439e-02
1.215160184287845469e-03
-5.340629037326145162e-02
3.090427149345128036e-02
2.423379487485388326e-02
1.221526090466650005e-02
1.182623325441348010e-02
1.002265000744122746e-02
-2.023361382615835591e-01
-4.882654331095502565e-02
-1.198848816846368251e-02
-4.663826890478064979e-02
-3.417448156369236323e-02
4.820884140023644071e-01
-3.578122225800516032e-02
1.436214622679179813e-02
-2.107324412175448983e-02
-9.898155658471047280e-02
