Number of epochs: 450e-01
-3.958636463617764556e-01
8.621663761335813733e-03
-7.021093414250320630e-02
-5.081874481378936270e-01
-3.507052469930647953e-02
-3.419624364194143729e-01
-4.476273700257618615e-01
1.993906748446599552e-03
-2.927949136629958704e-01
2.003306017817701457e-01
7.134062990669448427e-03
-3.151426763956449717e-01
1.412627226551852744e-01
-2.122627554198737790e-02
7.105023904660785327e-04
-4.692475652854135107e-03
2.148336280399090747e-02
1.838744569063692491e-02
7.503673731793350510e-03
4.846605062198469822e-03
6.005539369991690773e-03
2.860831657380944262e-02
1.475949801450249579e-02
4.117641142774265510e-03
2.198151427046655254e-02
1.076887886072175164e-02
2.824303648958424034e-02
-1.382331133059803152e-01
-7.318297756346219679e-03
-1.499103362654165550e-01
3.585713010009788232e-02
-4.454430638442358203e-02
-1.404926627970047026e-01
2.331940273565782235e-02
-1.311583630856466565e-01
-1.586095216201696134e-01
6.691156549937155029e-03
-1.510960107918360440e-01
3.394217615240919805e-01
1.873969873950953602e-02
-1.398138205978279314e-01
6.955884698328664018e-02
1.251800057193758805e-03
-5.084333502320494136e-02
-8.421327994424909757e-02
-8.039283122911283774e-02
-8.766362008257576333e-02
-6.678673225178381571e-03
-6.312448928758855604e-02
-9.605898972805249070e-02
-6.563927132596086844e-02
-8.028494070652239523e-02
-9.695936429801449430e-02
-4.836742869980329568e-02
-8.822897875700617953e-02
-7.363042792257591673e-02
-1.871313570089824518e-01
-8.272240619604212530e-02
-2.103409464090282704e-02
-1.064907126373898921e-01
-1.109467425965632026e-01
-1.383449385103538709e-01
-9.383820759811612247e-03
-2.532627322216531376e-02
-7.306134949599732420e-02
-4.925567852161318733e-02
-3.361558280287744310e-02
-2.927755860934840720e-02
-2.870876813284976500e-02
-2.986559424032955018e-02
-2.537077818890359771e-01
-2.750775149207179693e-01
-1.421631798871042240e-01
-1.550461056287700257e-01
-1.721110274306631160e-01
-1.193091181539595036e-01
-8.047063921816881293e-02
-4.869923985170959702e-02
-1.633076377601490048e-01
-1.894795367198187641e-01
-8.038112738278893610e-02
-9.999362567151721948e-02
-5.931385341730024269e-02
-4.149949871238907129e-01
-3.087393837786632164e-02
-3.568050900139458914e-01
1.266450766740119527e-02
-7.165431015706778817e-02
-3.509206069395962579e-01
1.004108112706533253e-02
-2.684493188297862876e-01
-3.044300039696145044e-01
8.291269166013033598e-03
-2.708079547570138024e-01
2.609877355406633407e-03
1.490148117641739572e-02
-2.099485194518382059e-01
-3.004437158453073659e-02
-1.067571850985853110e-01
-1.067606003558104477e-01
-7.371635055605230136e-02
-2.845518160334598382e-02
-8.988065437064012009e-02
-5.871513076775394802e-02
-6.773512876291833129e-02
-4.084847933355213040e-02
-8.667334075665827919e-02
-9.244334900457130966e-02
-1.050239757461072926e-01
-1.983879687705066008e-01
-6.607074714014365968e-02
-2.862613638502237712e-01
4.859537308650009602e-02
-5.828968386913580685e-02
-2.564567968795518071e-01
5.581054821933448609e-03
-2.477015412836903185e-01
-2.580950042606413031e-01
3.694533555346086453e-04
-2.269000051940308071e-01
4.702890379255681569e-02
-2.014422849211651156e-01
-1.889586254500292412e-02
5.476355725191516671e-03
1.745737516799445582e-02
1.729066312835844275e-03
1.156998215202225365e-02
2.251563485864244499e-02
1.316647184884308340e-02
2.964692520113430124e-02
5.522992382804623901e+00
1.703038096854590788e-02
7.167968336012237041e-02
2.746841895882533996e-02
1.270123978658713529e-02
2.787217970546364623e-02
2.981323378566232418e-01
5.416837556755301625e-02
2.342239194736857322e-02
4.653244387727967918e-02
6.236907587876943521e-02
3.950525250797560367e-02
6.625775053091895184e-02
-3.172488739534166657e-01
-1.968593714488645341e-01
-1.306762822686245440e-01
-1.817281963853238369e-01
-2.506382417090949333e-01
-1.825386299054279349e-01
-2.406786550333332442e-01
-2.885150656507481370e-01
-1.454407189290070623e-01
-2.613962987986674993e-02
-1.568855187272471391e-02
-7.402423228972142277e-02
-2.338565660727597376e-02
-9.615887704626566168e-02
-1.517864850405745425e-01
-1.992227992896053522e-04
-6.778721330320834626e-02
9.438138837753948240e-03
-9.087400385814199677e-02
-5.220229208547079620e-03
-4.084811775271030704e-02
-2.849482419711731485e-03
2.128116273220449837e-04
-3.253716570169463106e-03
-8.243309488646717478e-05
-9.181146571343187790e-02
1.579273206131658752e-02
-1.112806370781765364e-01
-7.750129743056685325e-03
-1.399793750405793069e-01
3.373413014380650943e-02
-1.410868676563122870e-01
3.488187888673817405e-02
6.761388780750256233e-03
2.211431031660699917e-02
1.539183668788992806e-02
1.982732519659480969e-02
1.093610414786031632e-02
-4.283077604344509570e-02
2.960977368940628796e-02
2.716734388825021995e-02
1.148992015653854323e-02
9.206025885449940424e-03
1.479645170886600448e-02
-2.079162724604869117e-01
-3.941570028142041271e-02
-3.403138656788814997e-02
-5.105837732639984666e-02
-5.313405017908773981e-02
5.352398196356076276e-01
-5.417060658941679624e-02
9.072983084615444602e-03
-7.227554869735876818e-03
-9.406078458105072981e-02
