Number of epochs: 175e-02
-2.989032071391453105e-01
5.778233932057019913e-03
-5.287376302821832075e-02
-5.096053368161660435e-01
-5.118021440406964745e-03
-2.496533256297141512e-01
-4.421958956142124086e-01
3.861560356698127625e-03
-2.855028200178448272e-01
1.625087304998124316e-01
6.375948925851479022e-03
-2.866006448083299185e-01
9.935815221436121447e-02
-2.024072543216492645e-02
-5.056713469512267613e-03
-6.739502261798435874e-03
2.201746655651295667e-02
1.806717155677812006e-02
4.219868512423177558e-03
7.101935022418073666e-03
1.330978544355270084e-02
3.269346768655070207e-02
1.935232492410465105e-02
-1.056777849165433346e-03
2.005307121147874988e-02
8.604297086971392228e-03
3.188973940907868093e-02
-2.044106070508339146e-01
2.084016646599725318e-03
-1.587695387366178656e-01
4.527849310060258481e-02
-3.228975604785573605e-02
-1.698898024516501681e-01
2.604596903141595879e-02
-1.116934651029667658e-01
-1.474750446836220474e-01
9.661571483704618768e-03
-1.437445469161560407e-01
3.252502917888348000e-01
1.406602217871606025e-02
-1.493784917369785359e-01
7.674006834588462111e-02
5.699975787264882111e-03
-4.313433262806341123e-02
-9.882603791787095138e-02
-6.703967448823042186e-02
-6.006346523498320294e-02
2.479203352240943580e-03
-5.282184946690898775e-02
-5.379414065071154438e-02
-4.844016201486828904e-02
-4.310974667788294162e-02
-3.808546132252091376e-02
-5.868612438859231034e-02
-1.014127786728478697e-01
-6.657493378035625464e-02
-1.433648852319888145e-01
-9.165949222432229204e-02
-1.326518433384846294e-03
-6.556632513008624208e-02
-8.295124251787368286e-02
-1.968457546243200795e-01
2.141277658991947407e-03
-1.050553011465093188e-02
-4.346176679314275870e-02
-4.088111454818554175e-02
-2.355333432150905418e-02
-5.502572909979743312e-03
-5.082454984421869854e-02
-4.490317180631270971e-03
-3.184922310103412424e-01
-2.909581866103458370e-01
-1.358382934400841346e-01
-1.090395854773021506e-01
-1.289230417391875605e-01
-1.014543039704147165e-01
-5.238014114226413609e-02
-1.157896218303768737e-02
-1.203576477370144338e-01
-1.343882371443660406e-01
-4.650598034692764865e-02
-8.582347828153644165e-02
-8.450937393618034379e-03
-3.928713530686340216e-01
-1.910857345359292386e-02
-3.218844027993830181e-01
1.478159346282973199e-02
-8.205394624496131772e-02
-3.201493308098223856e-01
7.012217100831517023e-03
-2.399619066902582976e-01
-2.921927222810575819e-01
1.255629361603643850e-02
-2.136780149856979394e-01
1.143635996464557013e-02
1.488890500907167833e-02
-2.119416194454323832e-01
-7.363134882310534701e-02
-7.137851357134848695e-02
-1.175868528078015257e-01
-1.042659782545169028e-01
-5.296639123824071343e-04
-1.405836671057218712e-01
-7.929508388093359228e-02
-5.192217074240644548e-02
-2.799104834984504631e-02
-1.172597361024559637e-01
-1.067262215378085577e-01
-1.058455359254783512e-01
-1.357032011289941997e-01
-1.046596787456015448e-01
-2.811549945938949246e-01
5.256913826180589777e-02
-6.342335175764082789e-02
-2.385351584465793262e-01
1.568816311056143303e-02
-2.424103585568223584e-01
-1.803932383583987942e-01
-2.199903177257061387e-02
-2.444418372645998927e-01
5.261016243755346072e-02
-2.315921574367780233e-01
-7.738891341529113843e-02
8.131984161085091534e-03
2.451190876401738994e-02
3.296304025513672672e-03
5.614148460169162552e-03
2.092430273588047340e-02
1.367096362608880185e-02
3.332254043246771213e-02
9.720307597877003047e+00
1.856233338422941595e-02
4.373250616515976519e-02
1.954195245638963227e-02
1.143305018102806596e-02
2.238631814107284665e-02
2.745353954204626801e-01
3.453541346280374763e-02
1.414692714344560100e-02
2.535537643857698961e-02
4.143883441008897051e-02
2.602166989966801097e-02
4.468357162681130257e-02
-2.987944036723379493e-01
-1.745602490932162687e-01
-1.243876858360876830e-01
-9.421113232147590444e-02
-2.541776376681729732e-01
-2.254498016810899674e-01
-2.319477858299390238e-01
-2.654093536296702194e-01
-1.529815135303304041e-01
-1.921224695742847211e-02
-5.044027447969282735e-03
-1.041953994478297396e-01
-2.311327347085494893e-02
-1.221755646768277748e-01
-1.540341810369016129e-01
1.651408276064890435e-02
-6.304025520944479821e-02
9.209357487250215482e-03
-7.432455445113458903e-02
4.581550768401068674e-03
-1.368751111388452103e-02
2.676716314998334699e-03
6.565246071865423610e-03
-1.802676344708951071e-03
1.812671209817130324e-03
-8.344225954528212974e-02
1.714671977660417804e-02
-1.246577168479325176e-01
4.683161675616617260e-03
-1.289395587890620476e-01
3.890576355440397704e-02
-8.435520683530076114e-02
3.697174187965213826e-02
3.579827940354123831e-03
2.700975151434585261e-02
1.125541550231168655e-02
2.373753700133342248e-02
-3.276595620605353767e-04
-7.120482223996590920e-02
3.067241995166245655e-02
2.343546403459179084e-02
1.504615260332963812e-02
-4.180778659551124231e-03
8.208462074288321725e-03
-1.986030509477545725e-01
-2.353102925230173351e-02
-8.732285382162663714e-03
-5.168736196219182039e-02
-9.837727389234170172e-03
6.328210055114288357e-01
-8.600664620777773856e-03
1.565011388073796889e-02
-2.273927605865925725e-02
-1.090786116641171422e-01
