HKL Value		Reward		TotalReward	Chi Squared	Z Appr. 	Error	Two-Thetas	Sfs2
4 6 0			0.0		0.0		0.0		0.3	0.7863	67.1083315067	59.4729
6 4 0			0.0		0.0		0.05		0.3	1.8287	67.0910631577	58.6803
6 0 0			-0.98		-0.98		2.36		0.3	0.7256	54.7363985401	55.434
0 4 16			0.5		-0.48		1.57		0.30388	1.5557	75.7704700384	94.8658
0 6 14			-0.73		-1.2		5.75		0.30223	0.9096	81.7552219026	27.2955
0 2 14			0.1		-1.11		5.25		0.30258	0.2479	58.6982494177	6.3292
2 0 12			0.2		-0.91		4.38		0.31311	0.8079	50.6101057273	16.6151
0 2 10			0.17		-0.74		3.76		0.31298	0.4317	42.9590557724	21.0204
9 1 1			0.09		-0.65		3.45		0.31286	0.8793	87.9915459652	19.6393
2 0 14			0.11		-0.54		3.1		0.31211	0.2634	58.6945218607	7.3942
4 0 8			-0.87		-1.41		23.83		0.31208	2.9483	47.8850437629	244.3799
6 4 2			0.1		-1.31		21.68		0.31203	0.2211	67.6401768609	4.8049
0 0 16			0.09		-1.23		19.93		0.31194	1.3342	64.286058028	116.6634
5 5 1			0.08		-1.15		18.53		0.3118	0.5073	65.769247456	23.9531
5 3 9			0.07		-1.08		17.37		0.31294	0.4833	65.0662013285	20.8409
4 0 4			0.01		-1.08		17.25		0.31161	1.2165	39.0343929222	79.1487
6 0 2			0.06		-1.02		16.28		0.31153	0.2214	55.354768557	5.4487
1 5 1			0.04		-0.98		15.71		0.31134	0.4978	46.196563203	27.3004
7 3 1			0.05		-0.93		14.95		0.31121	0.5095	71.5359286583	22.1332
3 7 5			-0.15		-1.08		17.62		0.31164	1.0548	74.7470539899	89.5814
4 2 4			-0.08		-1.17		19.23		0.31129	0.7624	43.1345383828	64.2766
3 7 1			0.04		-1.12		18.41		0.31114	1.2822	71.5694631273	22.2453
4 4 0			-0.43		-1.55		32.4		0.31114	4.9852	51.3853572345	648.027
7 1 1			0.04		-1.51		31.21		0.31094	0.5207	65.7483230412	25.2044
1 3 11			0.01		-1.5		30.88		0.26148	2.4293	52.0561920156	298.4303
0 6 2			0.04		-1.46		29.66		0.26147	0.2356	55.3895592761	6.1752
2 4 2			0.04		-1.43		28.6		0.26147	0.3828	40.8766170199	13.2501
3 1 9			0.03		-1.39		27.72		0.26154	0.36	45.2950695798	8.7768
4 2 14			0.02		-1.37		27.07		0.26108	1.2576	70.6282605877	19.9713
1 3 9			0.03		-1.34		26.26		0.26114	0.2622	45.3040218183	7.1674
0 2 20			0.03		-1.31		25.41		0.26133	0.4494	86.0769303832	2.8517
0 2 16			0.03		-1.27		24.6		0.26117	1.8687	67.2407114996	13.8307
4 0 12			0.02		-1.25		24.05		0.2605	2.7435	60.4154589103	161.2613
2 0 2			0.02		-1.23		23.65		0.26049	0.6502	19.2320929378	35.9547
3 1 13			0.02		-1.21		23.12		0.2603	0.3869	59.4126405656	11.7895
3 3 9			0.02		-1.19		22.66		0.2603	0.3816	52.4524123761	12.0632
0 6 16			0.03		-1.16		22.08		0.26081	0.4825	89.3859051251	7.6515
0 4 20			0.02		-1.14		21.57		0.26159	1.027	94.1654323607	18.6345
5 1 9			0.01		-1.13		21.33		0.26157	0.4583	58.9619928854	19.0838
0 2 12			0.0		-1.13		21.29		0.26248	0.3827	50.6142203783	17.5707
3 5 9			0.01		-1.12		21.08		0.2625	0.4755	65.0802252419	19.5165
3 3 5			-0.08		-1.2		22.97		0.26223	1.3995	42.8396693434	151.0913
0 6 0			0.02		-1.18		22.58		0.26223	1.4277	54.7714555341	59.4019
6 0 8			0.02		-1.16		22.12		0.26237	2.9234	64.163237895	5.3359
1 3 15			-0.01		-1.17		22.36		0.26143	0.2862	67.3623786269	8.1809
4 2 0			0.01		-1.16		22.15		0.26143	0.9287	40.0811891304	86.5118
4 2 8			0.02		-1.14		21.76		0.26159	0.7605	51.4203212226	2.5419
0 6 10			0.02		-1.13		21.39		0.26156	0.8527	69.1637693973	8.5049
2 6 4			0.02		-1.11		21.03		0.26161	0.8772	60.3635846112	78.02
4 2 2			0.02		-1.09		20.63		0.2616	0.457	40.8620305525	12.2524
1 7 1			0.02		-1.07		20.24		0.26159	0.5219	65.7901743415	26.2984
0 0 20			0.0		-1.07		20.14		0.26307	0.4542	83.3712939521	4.3689
6 0 10			0.01		-1.05		19.85		0.26306	1.0728	69.1331306246	8.9056
1 1 9			0.02		-1.03		19.5		0.26297	0.2216	37.1193146943	1.1702
1 5 11			-0.05		-1.08		20.53		0.26335	1.8219	64.7342781598	204.7444
0 4 0			-0.3		-1.38		29.33		0.26335	6.137	35.7152072575	818.959
3 5 7			-0.05		-1.44		30.96		0.26204	0.2309	60.5203777188	5.6046