HKL Value		Reward		TotalReward	Chi Squared	Z Appr. 	Error	Two-Thetas	Sfs2
3 1 7			0.0		0.0		0.0		0.3	0.257	39.2655360855	5.205
2 2 0			0.0		0.0		649.72		0.33762	11.1953	25.0390113278	1035.9387
4 6 0			1.0		1.0		324.88		0.33762	0.7863	67.1083315067	59.4729
0 6 10			0.49		1.49		217.84		0.3464	0.8527	69.1637693973	8.5049
6 4 0			0.33		1.82		163.38		0.3464	1.8287	67.0910631577	58.6803
0 2 14			0.25		2.07		130.74		0.34978	0.2479	58.6982494177	6.3292
2 0 14			0.2		2.27		108.96		0.35051	0.2634	58.6945218607	7.3942
0 6 8			0.17		2.44		93.52		0.35163	0.7694	64.1950429677	5.6946
7 3 3			0.11		2.55		84.1		0.35082	1.9283	72.601334037	69.5466
6 4 2			0.12		2.67		75.0		0.35073	0.2211	67.6401768609	4.8049
0 4 12			0.11		2.79		67.41		0.33252	1.4889	60.4300914167	161.7651
0 0 8			-0.11		2.68		75.37		0.33402	2.1948	30.8548203523	183.9052
2 2 4			0.05		2.73		72.07		0.33251	0.7551	29.4672289371	73.6026
4 6 2			0.08		2.81		66.65		0.33241	0.2349	67.657370766	5.5969
6 0 2			0.07		2.88		62.08		0.33238	0.2214	55.354768557	5.4487
0 4 14			0.03		2.91		60.55		0.35155	1.2337	67.7597167724	121.3788
0 2 10			0.05		2.96		57.44		0.35144	0.4317	42.9590557724	21.0204
0 0 14			0.04		3.0		55.01		0.35288	0.8389	55.4890953336	74.9432
0 6 2			0.06		3.06		52.1		0.35292	0.2356	55.3895592761	6.1752
7 1 5			0.01		3.07		51.36		0.35449	1.5264	69.0427278305	98.726
9 1 1			0.05		3.12		49.02		0.3544	0.8793	87.9915459652	19.6393
7 3 1			0.04		3.17		46.96		0.35429	0.5095	71.5359286583	22.1332
4 0 10			0.02		3.19		46.03		0.35479	0.6243	53.7713327333	45.2096
3 7 1			0.04		3.23		44.29		0.35467	1.2822	71.5694631273	22.2453
5 5 1			0.04		3.26		42.68		0.35456	0.5073	65.769247456	23.9531
4 2 2			0.03		3.3		41.26		0.35457	0.457	40.8620305525	12.2524
2 4 14			0.04		3.34		39.7		0.35478	0.5221	70.6383718296	19.4111
3 3 9			0.04		3.37		38.24		0.35457	0.3816	52.4524123761	12.0632
2 4 2			0.03		3.4		37.16		0.35461	0.3828	40.8766170199	13.2501
2 4 0			0.02		3.43		36.36		0.35461	1.4359	40.0960076051	88.2765
3 1 1			0.02		3.44		35.75		0.35447	0.5239	28.3131072915	41.7464
6 2 2			-0.04		3.4		37.42		0.35506	3.3001	58.5687226088	135.1206
2 0 6			0.01		3.41		36.96		0.35378	1.6278	29.1406672869	128.8477
4 4 2			-0.04		3.37		38.49		0.35424	1.2125	52.0311030722	128.6454
3 1 15			0.03		3.4		37.46		0.35372	0.2871	67.3554895111	7.7692
2 0 16			0.02		3.42		36.59		0.35364	0.5935	67.2372591268	11.8907
0 6 4			0.01		3.43		36.28		0.35402	0.6675	57.2171401797	42.9768
1 3 9			0.03		3.46		35.31		0.35463	0.2622	45.3040218183	7.1674
0 6 0			0.02		3.48		34.56		0.35463	1.4277	54.7714555341	59.4019
3 1 9			0.03		3.51		33.67		0.35473	0.36	45.2950695798	8.7768
6 0 8			0.03		3.53		32.83		0.35477	2.9234	64.163237895	5.3359
2 6 4			-0.01		3.52		33.19		0.3544	0.8772	60.3635846112	78.02
7 1 1			0.02		3.54		32.63		0.35431	0.5207	65.7483230412	25.2044
5 1 9			0.02		3.56		31.88		0.35408	0.4583	58.9619928854	19.0838
1 1 17			-0.02		3.54		32.6		0.35364	2.447	70.2810461715	248.4175
1 1 9			0.02		3.56		31.92		0.35408	0.2216	37.1193146943	1.1702
2 4 12			0.02		3.58		31.27		0.35466	0.2205	63.4791913795	4.8908
4 2 4			-0.01		3.58		31.48		0.35478	0.7624	43.1345383828	64.2766
7 1 7			0.02		3.6		30.86		0.35478	0.3505	72.2660298289	5.0526
1 1 7			0.02		3.61		30.27		0.35475	0.2012	29.7561292971	6.5386
5 1 13			0.02		3.63		29.76		0.35493	0.4567	71.2764535317	11.3258
2 0 8			0.02		3.65		29.19		0.35496	0.1665	35.7565424018	1.5727
0 2 20			0.02		3.67		28.63		0.35496	0.4494	86.0769303832	2.8517
2 0 10			0.01		3.68		28.29		0.35488	0.6169	42.9543880851	20.236
0 2 16			0.01		3.7		27.92		0.35496	1.8687	67.2407114996	13.8307
3 5 3			-0.0		3.69		28.0		0.35484	0.9259	54.5093201099	87.7589
1 7 1			0.01		3.7		27.69		0.35481	0.5219	65.7901743415	26.2984
1 3 13			0.01		3.72		27.29		0.35499	0.3907	59.4200243294	11.5335
4 4 0			-0.16		3.56		32.45		0.35499	4.9852	51.3853572345	648.027
1 3 1			0.01		3.57		32.21		0.35493	0.5324	28.3265170018	42.1271
5 3 3			-0.0		3.57		32.24		0.35482	0.9351	54.4936931553	89.9375
3 1 3			0.0		3.57		32.09		0.35472	1.2003	30.3814370344	67.5761
4 2 14			0.02		3.59		31.58		0.35478	1.2576	70.6282605877	19.9713
4 2 8			0.02		3.6		31.08		0.35478	0.7605	51.4203212226	2.5419
3 5 7			0.01		3.62		30.63		0.35477	0.2309	60.5203777188	5.6046
5 3 9			0.01		3.63		30.2		0.3545	0.4833	65.0662013285	20.8409
1 1 13			0.01		3.65		29.82		0.35465	0.3722	52.9310122384	10.9703
0 0 12			-0.03		3.62		30.69		0.35283	3.2426	47.0346015839	274.3783
0 4 10			0.0		3.62		30.63		0.3529	0.9893	53.7871001638	44.1425
6 0 10			0.01		3.63		30.23		0.35287	1.0728	69.1331306246	8.9056
4 2 10			0.01		3.64		29.86		0.35284	1.1102	57.0442200735	11.3144
3 3 13			0.01		3.66		29.5		0.35293	0.5636	65.4922780779	9.1158
0 4 20			-0.01		3.64		29.93		0.35708	1.027	94.1654323607	18.6345
6 4 4			0.01		3.65		29.72		0.35716	0.6669	69.2748711385	33.991
3 5 11			-0.01		3.64		30.12		0.35777	1.8915	70.5555824797	206.4699
6 0 6			0.01		3.65		29.73		0.35768	1.0815	60.1501886982	39.9969
6 2 10			0.0		3.65		29.65		0.35788	0.7103	71.9901825081	43.9921
0 2 8			0.01		3.66		29.27		0.35791	0.1155	35.7619852008	1.7384
3 3 3			0.0		3.67		29.19		0.35782	0.8081	39.7679129272	70.9373
1 1 15			0.01		3.67		28.98		0.35799	0.656	61.3839959686	20.6242
4 4 10			0.0		3.68		28.96		0.3582	0.6886	66.23802526	47.6672
0 6 16			0.01		3.69		28.63		0.35846	0.4825	89.3859051251	7.6515
0 0 10			0.0		3.69		28.55		0.35868	0.8316	38.8438017949	41.7013
2 4 4			-0.0		3.68		28.69		0.35877	0.8182	43.1484985256	64.6996
0 4 18			0.01		3.7		28.35		0.35874	0.8369	84.5238780681	17.4513
6 2 8			-0.03		3.67		29.16		0.35947	3.3751	67.1207225085	222.106
1 1 3			0.01		3.68		28.99		0.35942	0.4514	16.9416048235	36.8187
5 1 1			0.01		3.68		28.79		0.3594	0.5346	46.1701152	26.7419
3 5 1			0.01		3.69		28.61		0.35937	0.5283	53.2544885252	31.9012
3 3 5			-0.01		3.68		28.98		0.35983	1.3995	42.8396693434	151.0913
2 0 12			0.01		3.69		28.7		0.35957	0.8079	50.6101057273	16.6151
0 0 20			-0.0		3.68		28.74		0.36205	0.4542	83.3712939521	4.3689
0 0 16			0.01		3.69		28.57		0.36243	1.3342	64.286058028	116.6634
0 0 22			0.01		3.7		28.29		0.36247	2.2765	94.0325860765	137.6091
1 5 9			0.01		3.71		28.04		0.36239	0.4394	58.984264935	17.7365
0 6 6			0.01		3.72		27.79		0.36232	1.0147	60.183190367	40.9583
3 1 13			0.01		3.73		27.5		0.36236	0.3869	59.4126405656	11.7895
2 4 8			0.01		3.74		27.25		0.36228	0.1687	51.4325245866	2.4593
1 3 5			-0.02		3.72		27.84		0.36247	3.1323	34.189462707	190.138
0 0 4			-0.0		3.71		27.98		0.36245	0.8482	15.2869714585	59.1035
6 0 0			0.01		3.72		27.74		0.36245	0.7256	54.7363985401	55.434
2 4 6			0.01		3.73		27.57		0.36236	0.785	46.7364348384	64.2552