HKL Value		Reward		TotalReward	Chi Squared	Z Appr. 	Error	Two-Thetas	Sfs2
4 6 0			0.0		0.0		0.0		0.3	0.7863	67.1083315067	59.4729
2 2 8			0.0		0.0		88.08		0.25	1.8488	40.1384116224	216.1995
5 3 3			0.14		0.14		77.39		0.25253	0.9351	54.4936931553	89.9375
1 5 11			-0.02		0.12		78.83		0.26654	1.8219	64.7342781598	204.7444
6 4 0			0.33		0.45		59.13		0.26654	1.8287	67.0910631577	58.6803
0 2 14			0.24		0.69		47.69		0.265	0.2479	58.6982494177	6.3292
0 2 16			0.19		0.88		40.15		0.26297	1.8687	67.2407114996	13.8307
2 0 14			0.16		1.04		34.49		0.26246	0.2634	58.6945218607	7.3942
4 2 2			0.13		1.18		30.39		0.26243	0.457	40.8620305525	12.2524
9 1 1			0.12		1.3		27.06		0.26248	0.8793	87.9915459652	19.6393
0 0 8			-0.2		1.1		33.74		0.26116	2.1948	30.8548203523	183.9052
5 5 1			0.1		1.2		30.7		0.26119	0.5073	65.769247456	23.9531
3 7 1			0.09		1.29		28.14		0.2612	1.2822	71.5694631273	22.2453
0 2 18			0.08		1.37		26.16		0.26017	0.3755	76.3208597895	3.7538
7 3 1			0.08		1.45		24.3		0.26017	0.5095	71.5359286583	22.1332
3 3 13			0.06		1.51		22.9		0.26	0.5636	65.4922780779	9.1158
2 6 4			0.05		1.56		21.75		0.26007	0.8772	60.3635846112	78.02
3 1 9			0.05		1.61		20.76		0.26011	0.36	45.2950695798	8.7768
4 0 14			-0.17		1.44		25.1		0.26068	1.986	67.7459682929	124.3248
1 3 9			0.05		1.48		23.97		0.26073	0.2622	45.3040218183	7.1674
6 0 2			0.05		1.54		22.78		0.26072	0.2214	55.354768557	5.4487
0 6 2			0.05		1.58		21.72		0.26072	0.2356	55.3895592761	6.1752
7 1 1			0.05		1.63		20.75		0.26069	0.5207	65.7483230412	25.2044
6 4 2			0.04		1.67		19.9		0.2607	0.2211	67.6401768609	4.8049
4 2 14			0.02		1.7		19.44		0.26029	1.2576	70.6282605877	19.9713
0 2 20			0.04		1.74		18.7		0.26038	0.4494	86.0769303832	2.8517
0 4 2			-0.16		1.57		22.37		0.26039	3.2657	36.5744795411	137.7475
0 2 12			-0.0		1.57		22.4		0.26208	0.3827	50.6142203783	17.5707
2 4 2			0.03		1.6		21.68		0.26207	0.3828	40.8766170199	13.2501
0 0 2			-0.09		1.52		23.73		0.26207	1.161	7.62646333295	98.931
0 4 20			0.03		1.55		22.97		0.2624	1.027	94.1654323607	18.6345
1 5 1			0.03		1.58		22.27		0.26238	0.4978	46.196563203	27.3004
5 1 9			0.01		1.6		21.97		0.26236	0.4583	58.9619928854	19.0838
5 3 9			0.01		1.61		21.73		0.26238	0.4833	65.0662013285	20.8409
3 3 9			0.02		1.63		21.3		0.26241	0.3816	52.4524123761	12.0632
2 0 12			0.0		1.63		21.22		0.2632	0.8079	50.6101057273	16.6151
0 6 8			0.03		1.66		20.67		0.26328	0.7694	64.1950429677	5.6946
0 6 0			0.02		1.68		20.29		0.26328	1.4277	54.7714555341	59.4019
0 0 20			0.02		1.69		19.93		0.26392	0.4542	83.3712939521	4.3689
1 7 1			0.02		1.72		19.44		0.26391	0.5219	65.7901743415	26.2984
4 2 6			-0.03		1.69		20.14		0.26393	1.6049	46.7233273538	62.1975
0 6 10			0.02		1.7		19.76		0.26392	0.8527	69.1637693973	8.5049
3 5 7			-0.12		1.59		22.35		0.26275	0.2309	60.5203777188	5.6046
1 1 9			0.02		1.61		21.86		0.26269	0.2216	37.1193146943	1.1702
0 2 8			0.02		1.63		21.37		0.26269	0.1155	35.7619852008	1.7384
0 4 16			0.02		1.65		21.0		0.26248	1.5557	75.7704700384	94.8658
5 1 1			0.02		1.67		20.57		0.26247	0.5346	46.1701152	26.7419
5 3 1			0.02		1.69		20.17		0.26247	0.5252	53.2386121167	32.835
0 0 22			-0.01		1.68		20.46		0.26309	2.2765	94.0325860765	137.6091
3 5 9			0.01		1.69		20.31		0.2631	0.4755	65.0802252419	19.5165
6 0 8			0.02		1.7		19.94		0.26316	2.9234	64.163237895	5.3359
6 0 10			0.02		1.72		19.65		0.26315	1.0728	69.1331306246	8.9056
2 4 14			0.01		1.73		19.48		0.26307	0.5221	70.6383718296	19.4111
4 0 10			0.0		1.73		19.48		0.26318	0.6243	53.7713327333	45.2096
5 1 13			0.01		1.74		19.23		0.26316	0.4567	71.2764535317	11.3258
1 3 3			-0.02		1.72		19.68		0.2632	0.7045	30.3940112777	66.1614
3 1 7			-0.1		1.62		21.81		0.26209	0.257	39.2655360855	5.205
0 4 10			0.0		1.62		21.77		0.26219	0.9893	53.7871001638	44.1425
0 0 16			0.01		1.63		21.57		0.26192	1.3342	64.286058028	116.6634
1 3 13			0.01		1.64		21.31		0.26189	0.3907	59.4200243294	11.5335
6 0 6			-0.01		1.64		21.45		0.26189	1.0815	60.1501886982	39.9969
6 4 6			-0.01		1.63		21.57		0.26191	0.9247	71.9614498967	41.9809
3 1 15			-0.01		1.62		21.77		0.26147	0.2871	67.3554895111	7.7692