HKL Value		Reward		TotalReward	Chi Squared	Z Appr. 	Error	Two-Thetas	Sfs2
4 6 0			0.0		0.0		0.0		0.3	0.7863	67.1083315067	59.4729
5 3 5			0.0		0.0		14.39		0.39999	2.2247	56.9473208346	134.0256
6 4 0			1.0		1.0		7.2		0.39999	1.8287	67.0910631577	58.6803
0 2 14			0.47		1.47		4.91		0.40371	0.2479	58.6982494177	6.3292
9 1 1			-0.14		1.33		5.68		0.40356	0.8793	87.9915459652	19.6393
2 0 14			0.25		1.58		4.55		0.40351	0.2634	58.6945218607	7.3942
5 5 1			-0.15		1.42		5.38		0.4034	0.5073	65.769247456	23.9531
3 7 1			-0.1		1.32		5.99		0.40331	1.2822	71.5694631273	22.2453
7 3 1			-0.07		1.25		6.44		0.40322	0.5095	71.5359286583	22.1332
6 4 2			0.12		1.38		5.73		0.40325	0.2211	67.6401768609	4.8049
4 4 10			-0.12		1.26		6.48		0.4192	0.6886	66.23802526	47.6672
1 3 9			0.1		1.36		5.91		0.41959	0.2622	45.3040218183	7.1674
0 2 4			-0.54		0.82		12.73		0.419	1.326	23.4223631322	110.0283
4 2 14			0.05		0.87		12.1		0.4203	1.2576	70.6282605877	19.9713
0 6 2			0.05		0.92		11.51		0.41994	0.2356	55.3895592761	6.1752
3 1 15			0.05		0.98		10.93		0.41906	0.2871	67.3554895111	7.7692
3 1 9			0.06		1.04		10.29		0.41961	0.36	45.2950695798	8.7768
6 0 2			0.03		1.07		9.97		0.41915	0.2214	55.354768557	5.4487
6 4 4			-0.07		1.0		10.69		0.4188	0.6669	69.2748711385	33.991
3 3 9			0.05		1.05		10.22		0.41954	0.3816	52.4524123761	12.0632
4 4 8			-0.45		0.6		18.56		0.41746	3.9407	61.1479986878	218.5721
2 6 2			-0.07		0.53		19.9		0.41845	1.2892	58.5985395934	134.3564
0 2 2			-0.0		0.53		19.98		0.41874	0.4614	19.2417464495	36.8131