HKL Value		Reward		TotalReward	Chi Squared	Z Appr. 	Error	Two-Thetas	Sfs2
1 3 5			0.0		0.0		0.0		0.3	3.1323	34.189462707	190.138
3 1 7			0.0		0.0		54.29		0.38388	0.257	39.2655360855	5.205
4 6 0			1.0		1.0		27.17		0.38388	0.7863	67.1083315067	59.4729
6 4 0			0.5		1.5		18.11		0.38388	1.8287	67.0910631577	58.6803
0 2 16			0.33		1.83		13.65		0.38486	1.8687	67.2407114996	13.8307
0 2 14			0.22		2.05		11.18		0.38393	0.2479	58.6982494177	6.3292
0 2 6			-0.5		1.55		22.17		0.38225	1.1672	29.1471999487	131.5155
6 2 0			-0.63		0.92		59.32		0.38225	4.3933	57.9728440251	566.5186
2 0 14			0.14		1.07		51.9		0.38225	0.2634	58.6945218607	7.3942
9 1 1			0.11		1.17		46.87		0.3822	0.8793	87.9915459652	19.6393
6 4 2			0.11		1.28		42.31		0.38225	0.2211	67.6401768609	4.8049
6 0 2			0.1		1.38		38.48		0.3823	0.2214	55.354768557	5.4487
0 6 8			0.08		1.46		35.74		0.38287	0.7694	64.1950429677	5.6946
7 3 1			0.06		1.52		33.62		0.38282	0.5095	71.5359286583	22.1332
0 6 2			0.08		1.6		31.25		0.38287	0.2356	55.3895592761	6.1752
5 5 1			0.05		1.65		29.7		0.3828	0.5073	65.769247456	23.9531
3 7 1			0.05		1.7		28.36		0.38275	1.2822	71.5694631273	22.2453
4 2 14			0.04		1.74		27.16		0.38355	1.2576	70.6282605877	19.9713
1 3 9			0.06		1.8		25.71		0.38364	0.2622	45.3040218183	7.1674
3 1 9			0.05		1.85		24.47		0.38374	0.36	45.2950695798	8.7768
2 4 2			0.04		1.89		23.52		0.38384	0.3828	40.8766170199	13.2501
3 1 15			0.05		1.94		22.42		0.38411	0.2871	67.3554895111	7.7692
4 2 2			0.04		1.97		21.62		0.38418	0.457	40.8620305525	12.2524
0 6 10			0.04		2.01		20.87		0.38328	0.8527	69.1637693973	8.5049
4 6 2			0.04		2.05		20.07		0.38332	0.2349	67.657370766	5.5969
3 3 9			0.03		2.08		19.45		0.38341	0.3816	52.4524123761	12.0632
0 6 0			0.03		2.11		18.96		0.38341	1.4277	54.7714555341	59.4019
7 1 1			0.01		2.12		18.7		0.38338	0.5207	65.7483230412	25.2044
2 0 16			0.03		2.15		18.1		0.384	0.5935	67.2372591268	11.8907
5 1 13			-0.16		1.99		21.56		0.38239	0.4567	71.2764535317	11.3258
1 7 1			0.01		2.01		21.27		0.38219	0.5219	65.7901743415	26.2984
2 0 10			0.03		2.04		20.63		0.38319	0.6169	42.9543880851	20.236
3 3 13			0.28		2.32		16.13		0.36185	0.5636	65.4922780779	9.1158
0 4 10			-0.01		2.31		16.23		0.36259	0.9893	53.7871001638	44.1425
5 1 9			0.02		2.33		15.93		0.36202	0.4583	58.9619928854	19.0838
1 1 9			0.03		2.36		15.48		0.36197	0.2216	37.1193146943	1.1702
7 3 5			0.0		2.36		15.44		0.36265	1.0496	74.7140851895	88.0788
0 2 20			0.03		2.39		15.03		0.3628	0.4494	86.0769303832	2.8517
6 0 8			0.02		2.41		14.7		0.36248	2.9234	64.163237895	5.3359
6 0 10			0.02		2.43		14.45		0.36241	1.0728	69.1331306246	8.9056
0 0 12			-0.14		2.29		16.73		0.35156	3.2426	47.0346015839	274.3783
5 3 9			0.02		2.32		16.34		0.35129	0.4833	65.0662013285	20.8409
4 2 8			0.02		2.34		15.96		0.35137	0.7605	51.4203212226	2.5419
4 2 10			0.02		2.36		15.68		0.35135	1.1102	57.0442200735	11.3144
4 4 10			-0.02		2.34		16.0		0.35141	0.6886	66.23802526	47.6672
1 1 13			0.01		2.35		15.78		0.35151	0.3722	52.9310122384	10.9703
0 2 10			0.01		2.36		15.67		0.35147	0.4317	42.9590557724	21.0204
1 3 13			0.01		2.37		15.47		0.3516	0.3907	59.4200243294	11.5335
6 0 6			0.02		2.39		15.15		0.35159	1.0815	60.1501886982	39.9969
6 2 10			-0.01		2.38		15.37		0.35167	0.7103	71.9901825081	43.9921
0 4 20			-0.02		2.36		15.61		0.36137	1.027	94.1654323607	18.6345
0 4 0			-0.38		1.98		25.2		0.36137	6.137	35.7152072575	818.959