HKL Value		Reward		TotalReward	Chi Squared	Z Appr. 	Error	Two-Thetas	Sfs2
4 6 0			0.0		0.0		0.0		0.3	0.7863	67.1083315067	59.4729
6 4 0			0.0		0.0		0.05		0.3	1.8287	67.0910631577	58.6803
0 6 14			-0.94		-0.94		0.91		0.28571	0.9096	81.7552219026	27.2955
0 2 14			-0.05		-0.99		0.96		0.28572	0.2479	58.6982494177	6.3292
2 0 14			0.2		-0.79		0.8		0.49681	0.2634	58.6945218607	7.3942
9 1 1			-0.71		-1.5		2.75		0.4968	0.8793	87.9915459652	19.6393
3 3 13			-0.12		-1.61		3.11		0.49617	0.5636	65.4922780779	9.1158
0 0 14			-0.31		-1.93		4.53		0.49998	0.8389	55.4890953336	74.9432
0 4 20			-0.72		-2.65		16.08		0.49998	1.027	94.1654323607	18.6345
4 4 12			0.08		-2.57		14.94		0.49998	1.9475	72.2035773977	130.2426
6 4 6			0.0		-2.57		14.92		0.49998	0.9247	71.9614498967	41.9809
6 4 2			-0.04		-2.61		15.61		0.49998	0.2211	67.6401768609	4.8049
6 0 8			0.03		-2.58		15.13		0.49998	2.9234	64.163237895	5.3359
3 7 1			0.01		-2.57		14.92		0.49998	1.2822	71.5694631273	22.2453
0 6 8			0.03		-2.54		14.48		0.49998	0.7694	64.1950429677	5.6946
6 0 2			-0.13		-2.67		16.62		0.49998	0.2214	55.354768557	5.4487
2 4 2			0.05		-2.62		15.85		0.49998	0.3828	40.8766170199	13.2501
5 5 1			0.01		-2.61		15.66		0.49998	0.5073	65.769247456	23.9531
3 3 7			0.06		-2.55		14.83		0.49998	0.1558	47.1418707618	3.5073
7 3 1			0.01		-2.54		14.7		0.49998	0.5095	71.5359286583	22.1332
1 1 13			0.03		-2.51		14.28		0.49998	0.3722	52.9310122384	10.9703
4 2 14			0.05		-2.46		13.63		0.49998	1.2576	70.6282605877	19.9713
4 2 2			0.03		-2.44		13.27		0.49998	0.457	40.8620305525	12.2524
7 1 1			-0.01		-2.44		13.38		0.49998	0.5207	65.7483230412	25.2044
3 5 7			0.04		-2.41		12.9		0.49998	0.2309	60.5203777188	5.6046
3 1 15			0.03		-2.37		12.47		0.49998	0.2871	67.3554895111	7.7692
7 1 7			0.03		-2.34		12.07		0.49998	0.3505	72.2660298289	5.0526
0 6 2			-0.08		-2.42		13.1		0.49998	0.2356	55.3895592761	6.1752
1 3 9			0.03		-2.38		12.66		0.49998	0.2622	45.3040218183	7.1674
3 1 9			0.03		-2.35		12.28		0.49998	0.36	45.2950695798	8.7768
0 4 4			0.02		-2.33		12.04		0.49998	0.8482	39.0545896029	78.0016
3 3 9			0.02		-2.31		11.79		0.49998	0.3816	52.4524123761	12.0632
5 1 9			0.0		-2.31		11.77		0.49998	0.4583	58.9619928854	19.0838
5 3 9			0.0		-2.31		11.75		0.49998	0.4833	65.0662013285	20.8409
1 7 1			-0.01		-2.32		11.89		0.49998	0.5219	65.7901743415	26.2984
0 6 0			0.01		-2.31		11.74		0.49998	1.4277	54.7714555341	59.4019
0 2 20			0.03		-2.28		11.44		0.49998	0.4494	86.0769303832	2.8517
3 5 1			-0.02		-2.3		11.67		0.49998	0.5283	53.2544885252	31.9012
2 0 10			0.02		-2.29		11.49		0.49998	0.6169	42.9543880851	20.236
2 0 0			-0.07		-2.36		12.39		0.49998	2.02	17.6289686615	175.6782
4 2 8			0.0		-2.36		12.38		0.49998	0.7605	51.4203212226	2.5419
4 4 10			-0.03		-2.39		12.79		0.49998	0.6886	66.23802526	47.6672
1 1 9			-0.01		-2.4		12.89		0.49998	0.2216	37.1193146943	1.1702
6 2 10			-0.04		-2.44		13.48		0.49998	0.7103	71.9901825081	43.9921