HKL Value		Reward		TotalReward	Chi Squared	Z Appr. 	Error	Two-Thetas	Sfs2
1 5 13			0.0		0.0		0.0		0.3	1.1973	71.2966048402	12.6128
3 1 7			0.0		0.0		3.31		0.33137	0.257	39.2655360855	5.205
4 6 0			0.98		0.98		1.68		0.33137	0.7863	67.1083315067	59.4729
6 4 0			0.49		1.47		1.12		0.33137	1.8287	67.0910631577	58.6803
0 2 14			0.28		1.75		0.88		0.33211	0.2479	58.6982494177	6.3292
2 0 14			0.25		2.0		0.7		0.33208	0.2634	58.6945218607	7.3942
6 4 2			-0.12		1.88		0.8		0.33201	0.2211	67.6401768609	4.8049
1 5 3			-0.76		1.12		3.34		0.33203	0.9511	47.585042181	85.8034
0 6 8			0.12		1.23		2.99		0.33177	0.7694	64.1950429677	5.6946
4 6 2			0.05		1.28		2.85		0.33169	0.2349	67.657370766	5.5969
6 0 2			0.01		1.29		2.82		0.33167	0.2214	55.354768557	5.4487
9 1 1			0.01		1.3		2.81		0.33159	0.8793	87.9915459652	19.6393
0 6 2			-0.01		1.29		2.83		0.33157	0.2356	55.3895592761	6.1752
3 7 1			-0.03		1.26		2.9		0.33148	1.2822	71.5694631273	22.2453
6 4 6			-0.22		1.04		3.73		0.3313	0.9247	71.9614498967	41.9809