HKL Value		Reward		TotalReward	Chi Squared	Z Appr. 	Error	Two-Thetas	Sfs2
2 4 2			0.0		0.0		0.0		0.3	0.3828	40.8766170199	13.2501
3 1 7			0.0		0.0		7.74		0.33672	0.257	39.2655360855	5.205
1 1 5			-0.81		-0.81		40.61		0.38486	1.9661	22.8949597146	247.5537
4 6 0			0.5		-0.31		27.09		0.38486	0.7863	67.1083315067	59.4729
6 4 0			0.33		0.02		20.32		0.38486	1.8287	67.0910631577	58.6803
0 2 14			0.24		0.26		16.44		0.38314	0.2479	58.6982494177	6.3292
2 0 14			0.2		0.46		13.71		0.38287	0.2634	58.6945218607	7.3942
0 6 8			0.1		0.56		12.48		0.38366	0.7694	64.1950429677	5.6946
6 4 2			0.13		0.69		11.06		0.38374	0.2211	67.6401768609	4.8049
4 6 2			0.11		0.79		10.0		0.38383	0.2349	67.657370766	5.5969
6 0 2			0.11		0.9		9.02		0.38388	0.2214	55.354768557	5.4487
3 7 5			0.09		0.99		8.3		0.38409	1.0548	74.7470539899	89.5814
0 6 2			0.09		1.07		7.64		0.38416	0.2356	55.3895592761	6.1752
0 6 10			0.04		1.11		7.35		0.38269	0.8527	69.1637693973	8.5049
9 1 1			0.01		1.12		7.3		0.38263	0.8793	87.9915459652	19.6393
2 4 12			0.05		1.17		6.97		0.38265	0.2205	63.4791913795	4.8908
2 2 16			0.06		1.23		6.55		0.38232	1.1693	70.1293332912	108.6018
1 5 11			-0.47		0.77		12.25		0.37852	1.8219	64.7342781598	204.7444
6 0 8			0.02		0.78		12.06		0.37927	2.9234	64.163237895	5.3359
1 3 13			0.05		0.83		11.53		0.36607	0.3907	59.4200243294	11.5335
7 3 1			0.02		0.85		11.3		0.36602	0.5095	71.5359286583	22.1332
5 1 5			-0.11		0.73		12.73		0.36684	1.1901	50.2495039981	127.1383
3 7 1			0.02		0.76		12.47		0.36679	1.2822	71.5694631273	22.2453
4 2 2			0.02		0.78		12.23		0.36684	0.457	40.8620305525	12.2524
2 6 6			-0.37		0.4		19.46		0.36506	5.383	63.2392339525	346.2148
1 3 5			-0.11		0.3		21.83		0.36607	3.1323	34.189462707	190.138
5 5 1			0.03		0.32		21.24		0.36602	0.5073	65.769247456	23.9531
2 0 16			0.04		0.36		20.5		0.36548	0.5935	67.2372591268	11.8907
3 3 9			0.03		0.39		19.98		0.36528	0.3816	52.4524123761	12.0632
7 1 1			0.02		0.4		19.66		0.36525	0.5207	65.7483230412	25.2044
3 1 15			0.03		0.43		19.08		0.36529	0.2871	67.3554895111	7.7692
1 3 1			-0.0		0.43		19.1		0.36524	0.5324	28.3265170018	42.1271
4 4 4			-0.05		0.38		20.13		0.36517	0.8476	53.9354251327	76.9211
3 1 9			0.02		0.4		19.64		0.36501	0.36	45.2950695798	8.7768
0 6 0			0.02		0.42		19.26		0.36501	1.4277	54.7714555341	59.4019
2 4 14			0.02		0.45		18.8		0.36467	0.5221	70.6383718296	19.4111
1 3 9			0.02		0.47		18.35		0.36451	0.2622	45.3040218183	7.1674
5 1 9			0.02		0.49		18.07		0.36415	0.4583	58.9619928854	19.0838
1 7 5			-0.01		0.48		18.22		0.36468	1.0841	69.0835930101	99.7513
1 1 9			0.03		0.51		17.76		0.3647	0.2216	37.1193146943	1.1702
0 2 20			0.02		0.53		17.33		0.36431	0.4494	86.0769303832	2.8517
4 2 10			0.02		0.55		17.07		0.36429	1.1102	57.0442200735	11.3144
4 2 14			0.02		0.57		16.74		0.36407	1.2576	70.6282605877	19.9713
2 0 12			0.01		0.58		16.52		0.36385	0.8079	50.6101057273	16.6151
6 0 10			0.02		0.6		16.26		0.36383	1.0728	69.1331306246	8.9056
4 2 8			0.02		0.61		16.0		0.36353	0.7605	51.4203212226	2.5419
0 2 16			0.02		0.63		15.65		0.36367	1.8687	67.2407114996	13.8307
5 3 11			-0.05		0.59		16.42		0.36366	1.8677	70.5420870211	204.0714
5 3 3			-0.03		0.56		16.85		0.36355	0.9351	54.4936931553	89.9375
3 3 11			-0.07		0.49		18.2		0.36355	2.1204	58.6030846927	249.5822