HKL Value		Reward		TotalReward	Chi Squared	Z Appr. 	Error	Two-Thetas	Sfs2
5 1 5			0.0		0.0		0.0		0.3	1.1901	50.2495039981	127.1383
4 6 0			0.0		0.0		16.46		0.39999	0.7863	67.1083315067	59.4729
3 3 13			0.89		0.89		8.71		0.40645	0.5636	65.4922780779	9.1158
6 4 0			0.5		1.39		5.81		0.40645	1.8287	67.0910631577	58.6803
0 2 14			0.3		1.69		4.48		0.40575	0.2479	58.6982494177	6.3292
2 0 14			0.21		1.9		3.69		0.40524	0.2634	58.6945218607	7.3942
9 1 1			-0.17		1.73		4.42		0.40519	0.8793	87.9915459652	19.6393
6 4 2			0.17		1.9		3.79		0.40519	0.2211	67.6401768609	4.8049
3 7 5			0.14		2.04		3.34		0.40517	1.0548	74.7470539899	89.5814
6 0 8			0.03		2.07		3.23		0.40503	2.9234	64.163237895	5.3359
2 6 6			-0.9		1.18		30.77		0.40429	5.383	63.2392339525	346.2148
0 0 20			0.04		1.21		29.65		0.41704	0.4542	83.3712939521	4.3689
3 7 1			0.06		1.27		28.04		0.41696	1.2822	71.5694631273	22.2453
0 6 8			0.08		1.35		25.95		0.41753	0.7694	64.1950429677	5.6946
0 4 4			-0.02		1.33		26.43		0.42058	0.8482	39.0545896029	78.0016
6 0 2			0.06		1.39		25.0		0.41917	0.2214	55.354768557	5.4487
0 6 6			-0.01		1.38		25.35		0.41915	1.0147	60.183190367	40.9583
5 5 1			0.04		1.41		24.48		0.41896	0.5073	65.769247456	23.9531
7 3 1			0.03		1.44		23.7		0.41878	0.5095	71.5359286583	22.1332
1 1 13			0.04		1.49		22.77		0.41831	0.3722	52.9310122384	10.9703
4 2 14			0.04		1.53		21.84		0.42142	1.2576	70.6282605877	19.9713
2 4 2			0.05		1.58		20.83		0.42159	0.3828	40.8766170199	13.2501
7 1 1			0.01		1.59		20.54		0.4215	0.5207	65.7483230412	25.2044
4 2 2			0.04		1.64		19.66		0.42163	0.457	40.8620305525	12.2524
3 1 15			0.04		1.67		18.99		0.4202	0.2871	67.3554895111	7.7692
0 4 12			0.04		1.71		18.26		0.41945	1.4889	60.4300914167	161.7651
1 3 9			0.04		1.75		17.57		0.41999	0.2622	45.3040218183	7.1674
0 6 2			0.03		1.78		17.05		0.41933	0.2356	55.3895592761	6.1752
1 5 13			0.02		1.8		16.71		0.41906	1.1973	71.2966048402	12.6128
3 1 9			0.03		1.84		16.15		0.41993	0.36	45.2950695798	8.7768
3 3 9			0.03		1.87		15.65		0.42078	0.3816	52.4524123761	12.0632
5 5 5			0.02		1.89		15.3		0.42009	1.5862	69.0631626084	104.8873
5 1 9			0.03		1.92		14.88		0.42097	0.4583	58.9619928854	19.0838
2 4 0			0.0		1.92		14.85		0.42097	1.4359	40.0960076051	88.2765
7 1 7			-0.31		1.61		21.63		0.41194	0.3505	72.2660298289	5.0526
1 7 1			0.01		1.62		21.43		0.41193	0.5219	65.7901743415	26.2984
5 3 9			0.01		1.63		21.18		0.41207	0.4833	65.0662013285	20.8409
2 4 6			-0.04		1.59		21.96		0.41206	0.785	46.7364348384	64.2552
4 6 2			0.03		1.62		21.38		0.41206	0.2349	67.657370766	5.5969
0 6 0			0.02		1.64		21.0		0.41206	1.4277	54.7714555341	59.4019
0 2 20			0.03		1.66		20.48		0.41216	0.4494	86.0769303832	2.8517
2 0 10			0.02		1.69		19.99		0.4122	0.6169	42.9543880851	20.236
4 4 10			0.01		1.7		19.72		0.41272	0.6886	66.23802526	47.6672
4 2 8			0.02		1.73		19.26		0.41272	0.7605	51.4203212226	2.5419
5 1 3			-0.04		1.68		20.13		0.41258	0.9592	47.5591860667	88.1873
1 1 9			0.02		1.7		19.69		0.41257	0.2216	37.1193146943	1.1702
6 2 10			0.01		1.71		19.53		0.41321	0.7103	71.9901825081	43.9921
2 0 16			0.01		1.73		19.25		0.4131	0.5935	67.2372591268	11.8907
0 4 16			-0.03		1.7		19.83		0.41388	1.5557	75.7704700384	94.8658
0 2 22			-0.01		1.69		19.95		0.41298	1.8317	96.7387030121	97.213
0 2 16			0.01		1.7		19.7		0.41286	1.8687	67.2407114996	13.8307
6 0 6			-0.01		1.69		19.9		0.41286	1.0815	60.1501886982	39.9969
0 4 10			0.01		1.7		19.73		0.41343	0.9893	53.7871001638	44.1425
0 4 20			0.02		1.72		19.36		0.41343	1.027	94.1654323607	18.6345
2 0 12			-0.04		1.68		20.27		0.41275	0.8079	50.6101057273	16.6151
6 0 10			0.01		1.69		20.1		0.41324	1.0728	69.1331306246	8.9056
0 2 12			-0.04		1.65		20.85		0.41254	0.3827	50.6142203783	17.5707
0 0 10			0.01		1.66		20.69		0.41307	0.8316	38.8438017949	41.7013
0 0 16			-0.03		1.62		21.42		0.41387	1.3342	64.286058028	116.6634
3 5 1			0.0		1.63		21.36		0.41387	0.5283	53.2544885252	31.9012
4 0 10			0.01		1.64		21.13		0.41452	0.6243	53.7713327333	45.2096
5 1 1			0.0		1.64		21.04		0.41452	0.5346	46.1701152	26.7419
0 2 10			0.02		1.66		20.7		0.41445	0.4317	42.9590557724	21.0204
0 0 22			0.01		1.67		20.5		0.41371	2.2765	94.0325860765	137.6091
2 6 10			0.01		1.68		20.32		0.41418	0.7069	72.0169435829	44.7171
3 3 15			0.01		1.69		20.06		0.4147	0.3402	73.0835579415	3.8877
5 1 13			0.01		1.7		19.83		0.41463	0.4567	71.2764535317	11.3258
4 2 10			0.01		1.71		19.58		0.41484	1.1102	57.0442200735	11.3144
2 6 4			-0.01		1.7		19.82		0.415	0.8772	60.3635846112	78.02
1 1 15			0.01		1.71		19.65		0.41473	0.656	61.3839959686	20.6242
4 0 4			-0.01		1.7		19.9		0.41487	1.2165	39.0343929222	79.1487
0 6 10			0.01		1.71		19.71		0.41529	0.8527	69.1637693973	8.5049
2 2 12			0.01		1.72		19.53		0.41532	1.9766	54.0147953295	208.0279
4 4 8			-0.1		1.62		21.6		0.41499	3.9407	61.1479986878	218.5721
2 4 10			0.01		1.63		21.34		0.41515	0.607	57.0555982332	12.0937
1 5 9			0.01		1.64		21.12		0.41531	0.4394	58.984264935	17.7365
4 2 12			-0.09		1.56		23.11		0.41447	0.2244	63.468523569	4.7972
1 5 1			0.0		1.56		23.01		0.41446	0.4978	46.196563203	27.3004
2 0 2			0.0		1.56		23.0		0.41446	0.6502	19.2320929378	35.9547
1 1 1			-0.0		1.56		23.1		0.41446	0.5749	13.0194761966	56.7652
6 0 12			-0.15		1.4		27.3		0.41016	0.5892	74.995462768	0.9301
4 2 6			-0.01		1.39		27.56		0.41015	1.6049	46.7233273538	62.1975