HKL Value		Reward		TotalReward	Chi Squared	Z Appr. 	Error	Two-Thetas	Sfs2
3 1 7			0.0		0.0		0.0		0.3	0.257	39.2655360855	5.205
0 2 10			0.0		0.0		11.9		0.34809	0.4317	42.9590557724	21.0204
4 6 0			0.99		0.99		5.97		0.34809	0.7863	67.1083315067	59.4729
4 4 12			0.47		1.47		4.05		0.345	1.9475	72.2035773977	130.2426
1 5 1			-0.28		1.19		5.64		0.34469	0.4978	46.196563203	27.3004
6 4 0			0.25		1.43		4.51		0.34469	1.8287	67.0910631577	58.6803
4 0 10			-0.18		1.25		5.53		0.32514	0.6243	53.7713327333	45.2096
0 2 14			-0.01		1.24		5.58		0.32789	0.2479	58.6982494177	6.3292
2 0 14			0.1		1.34		5.06		0.32964	0.2634	58.6945218607	7.3942
9 1 1			0.06		1.4		4.78		0.32952	0.8793	87.9915459652	19.6393
6 4 2			0.08		1.49		4.41		0.32942	0.2211	67.6401768609	4.8049
6 0 2			0.04		1.53		4.24		0.32938	0.2214	55.354768557	5.4487
0 6 8			0.09		1.62		3.89		0.3292	0.7694	64.1950429677	5.6946
7 3 1			0.01		1.62		3.87		0.32907	0.5095	71.5359286583	22.1332
7 1 7			0.03		1.65		3.75		0.33019	0.3505	72.2660298289	5.0526
5 5 1			0.01		1.66		3.72		0.3301	0.5073	65.769247456	23.9531
2 2 10			-0.07		1.6		3.98		0.32843	0.6429	46.7739448495	44.8949
3 3 5			-0.61		0.99		10.17		0.32946	1.3995	42.8396693434	151.0913
3 7 1			0.04		1.02		9.8		0.32938	1.2822	71.5694631273	22.2453
2 4 8			0.04		1.06		9.45		0.33042	0.1687	51.4325245866	2.4593
0 6 2			0.04		1.1		9.13		0.33041	0.2356	55.3895592761	6.1752
4 4 4			-0.11		0.99		10.27		0.32955	0.8476	53.9354251327	76.9211
2 4 2			0.01		1.0		10.13		0.32947	0.3828	40.8766170199	13.2501
4 2 14			0.02		1.02		9.94		0.32867	1.2576	70.6282605877	19.9713
0 4 8			-0.43		0.59		17.51		0.32993	4.1351	47.9021960727	235.0989
3 1 15			-0.03		0.56		17.98		0.32528	0.2871	67.3554895111	7.7692
1 3 9			-0.01		0.55		18.16		0.32378	0.2622	45.3040218183	7.1674