HKL Value		Reward		TotalReward	Chi Squared	Z Appr. 	Error	Two-Thetas	Sfs2
4 6 0			0.0		0.0		0.0		0.3	0.7863	67.1083315067	59.4729
0 2 14			0.0		0.0		0.04		0.27891	0.2479	58.6982494177	6.3292
6 4 0			0.53		0.53		0.03		0.27891	1.8287	67.0910631577	58.6803
4 2 6			-0.98		-0.45		1.26		0.31179	1.6049	46.7233273538	62.1975
3 1 9			0.33		-0.12		0.95		0.31171	0.36	45.2950695798	8.7768
5 1 9			0.14		0.02		0.83		0.31225	0.4583	58.9619928854	19.0838
2 0 12			0.2		0.22		0.69		0.31229	0.8079	50.6101057273	16.6151
0 2 12			0.16		0.38		0.6		0.31242	0.3827	50.6142203783	17.5707
2 2 8			-0.98		-0.6		24.02		0.31242	1.8488	40.1384116224	216.1995
3 5 1			0.08		-0.52		22.17		0.31233	0.5283	53.2544885252	31.9012
6 4 2			0.11		-0.41		19.98		0.31231	0.2211	67.6401768609	4.8049
5 5 1			0.09		-0.32		18.32		0.31225	0.5073	65.769247456	23.9531
1 3 9			0.09		-0.23		16.83		0.31199	0.2622	45.3040218183	7.1674
2 0 6			-0.02		-0.25		17.26		0.31272	1.6278	29.1406672869	128.8477
0 6 8			0.06		-0.19		16.23		0.31273	0.7694	64.1950429677	5.6946
0 0 20			0.04		-0.14		15.54		0.31444	0.4542	83.3712939521	4.3689
1 1 9			0.05		-0.09		14.81		0.31408	0.2216	37.1193146943	1.1702
6 0 8			0.05		-0.05		14.13		0.31411	2.9234	64.163237895	5.3359
6 4 4			-0.04		-0.09		14.72		0.31408	0.6669	69.2748711385	33.991
0 6 2			0.05		-0.04		14.06		0.31407	0.2356	55.3895592761	6.1752
0 2 20			0.05		0.01		13.37		0.31397	0.4494	86.0769303832	2.8517
2 0 14			0.04		0.06		12.8		0.31383	0.2634	58.6945218607	7.3942
0 6 0			0.02		0.08		12.51		0.31383	1.4277	54.7714555341	59.4019
0 6 12			0.01		0.09		12.35		0.31322	0.3425	75.0250979777	1.887
7 1 1			0.02		0.12		12.05		0.31321	0.5207	65.7483230412	25.2044
1 3 13			-0.19		-0.08		14.96		0.31442	0.3907	59.4200243294	11.5335
0 4 16			0.02		-0.05		14.6		0.31452	1.5557	75.7704700384	94.8658
1 1 7			-0.12		-0.17		16.61		0.31575	0.2012	29.7561292971	6.5386
4 4 4			-0.01		-0.18		16.71		0.31562	0.8476	53.9354251327	76.9211
0 2 10			0.03		-0.15		16.16		0.31556	0.4317	42.9590557724	21.0204
2 4 2			0.02		-0.12		15.82		0.31554	0.3828	40.8766170199	13.2501
9 1 1			0.03		-0.09		15.36		0.31554	0.8793	87.9915459652	19.6393
3 7 1			0.03		-0.07		14.95		0.31552	1.2822	71.5694631273	22.2453
0 0 22			0.02		-0.04		14.6		0.31566	2.2765	94.0325860765	137.6091
6 0 0			0.02		-0.02		14.31		0.31566	0.7256	54.7363985401	55.434
6 0 10			0.02		-0.0		14.04		0.31587	1.0728	69.1331306246	8.9056
6 0 6			0.03		0.03		13.65		0.31587	1.0815	60.1501886982	39.9969
1 3 3			-0.01		0.01		13.84		0.3159	0.7045	30.3940112777	66.1614
0 0 16			0.03		0.04		13.48		0.31592	1.3342	64.286058028	116.6634
7 3 1			0.02		0.06		13.2		0.31591	0.5095	71.5359286583	22.1332
0 4 20			0.02		0.08		12.92		0.31573	1.027	94.1654323607	18.6345
1 5 1			0.01		0.09		12.78		0.31572	0.4978	46.196563203	27.3004
1 1 3			-0.0		0.09		12.8		0.31574	0.4514	16.9416048235	36.8187
3 5 9			0.02		0.11		12.5		0.31576	0.4755	65.0802252419	19.5165
4 2 10			0.02		0.13		12.26		0.31587	1.1102	57.0442200735	11.3144
4 2 2			0.01		0.15		12.1		0.31586	0.457	40.8620305525	12.2524
4 0 10			0.01		0.16		11.94		0.31603	0.6243	53.7713327333	45.2096
2 2 16			0.02		0.18		11.7		0.31608	1.1693	70.1293332912	108.6018
0 0 4			-0.01		0.17		11.79		0.31599	0.8482	15.2869714585	59.1035
1 7 1			0.01		0.18		11.68		0.31598	0.5219	65.7901743415	26.2984
4 2 8			-0.02		0.16		11.92		0.31608	0.7605	51.4203212226	2.5419
2 4 8			-0.02		0.14		12.17		0.31619	0.1687	51.4325245866	2.4593
2 4 14			0.01		0.16		12.01		0.31626	0.5221	70.6383718296	19.4111
3 3 9			0.02		0.17		11.8		0.31619	0.3816	52.4524123761	12.0632
4 2 14			0.01		0.19		11.65		0.31626	1.2576	70.6282605877	19.9713
1 1 11			-0.32		-0.14		17.25		0.31621	2.144	44.8525636461	378.5934
1 5 9			0.02		-0.12		16.95		0.31615	0.4394	58.984264935	17.7365
6 0 2			0.02		-0.1		16.69		0.31615	0.2214	55.354768557	5.4487
4 2 12			0.0		-0.1		16.65		0.31563	0.2244	63.468523569	4.7972
4 4 2			-0.08		-0.18		18.09		0.31566	1.2125	52.0311030722	128.6454
0 4 10			0.01		-0.17		17.88		0.31583	0.9893	53.7871001638	44.1425
5 3 9			0.02		-0.15		17.59		0.31586	0.4833	65.0662013285	20.8409
0 2 18			0.01		-0.14		17.33		0.31571	0.3755	76.3208597895	3.7538
1 3 1			0.0		-0.13		17.26		0.3157	0.5324	28.3265170018	42.1271
2 4 10			0.01		-0.12		17.01		0.31576	0.607	57.0555982332	12.0937
3 1 15			0.01		-0.11		16.77		0.31582	0.2871	67.3554895111	7.7692
0 6 6			0.02		-0.09		16.52		0.31582	1.0147	60.183190367	40.9583
2 0 10			0.01		-0.08		16.28		0.31579	0.6169	42.9543880851	20.236
0 6 18			0.01		-0.06		16.06		0.31568	0.7949	98.0280769063	1.8601
5 3 1			0.01		-0.05		15.95		0.31567	0.5252	53.2386121167	32.835
1 1 1			-0.0		-0.06		15.95		0.31566	0.5749	13.0194761966	56.7652
0 6 16			-0.01		-0.06		16.1		0.3159	0.4825	89.3859051251	7.6515
4 2 0			0.0		-0.06		16.06		0.3159	0.9287	40.0811891304	86.5118
1 7 3			-0.01		-0.07		16.17		0.31592	0.9932	66.8968211493	90.2271
5 1 5			-0.07		-0.14		17.32		0.31595	1.1901	50.2495039981	127.1383
2 2 10			0.01		-0.13		17.14		0.31605	0.6429	46.7739448495	44.8949
2 6 10			0.01		-0.12		16.98		0.31617	0.7069	72.0169435829	44.7171
7 1 7			-0.02		-0.14		17.39		0.31662	0.3505	72.2660298289	5.0526
4 4 10			0.01		-0.13		17.19		0.31669	0.6886	66.23802526	47.6672
1 1 15			0.0		-0.12		17.1		0.31677	0.656	61.3839959686	20.6242
0 6 10			0.01		-0.11		16.94		0.31686	0.8527	69.1637693973	8.5049
3 1 11			-0.14		-0.26		19.79		0.31685	2.3814	52.0481274199	292.2152
0 0 10			0.01		-0.25		19.59		0.31693	0.8316	38.8438017949	41.7013
0 0 8			-0.08		-0.33		21.28		0.31693	2.1948	30.8548203523	183.9052
6 0 12			-0.01		-0.34		21.59		0.31616	0.5892	74.995462768	0.9301
2 4 0			0.0		-0.34		21.5		0.31616	1.4359	40.0960076051	88.2765
4 0 4			0.0		-0.33		21.47		0.3161	1.2165	39.0343929222	79.1487
2 4 12			0.0		-0.33		21.39		0.31583	0.2205	63.4791913795	4.8908
2 0 2			0.0		-0.33		21.36		0.31582	0.6502	19.2320929378	35.9547
5 1 11			-0.07		-0.4		23.04		0.3158	3.2753	64.7131722767	203.727
0 4 18			0.01		-0.4		22.92		0.3155	0.8369	84.5238780681	17.4513
4 0 12			-0.0		-0.4		22.96		0.31568	2.7435	60.4154589103	161.2613
6 0 4			-0.0		-0.4		23.05		0.31568	0.7069	57.1830782131	42.6751
2 0 16			0.0		-0.4		22.96		0.31577	0.5935	67.2372591268	11.8907
0 2 2			0.0		-0.4		22.92		0.31577	0.4614	19.2417464495	36.8131
5 3 7			-0.01		-0.41		23.25		0.31611	0.2523	60.5057581853	5.4388
5 5 5			-0.02		-0.43		23.78		0.31613	1.5862	69.0631626084	104.8873
1 3 7			-0.01		-0.45		24.12		0.31647	0.1893	39.2755843192	5.3372