HKL Value		Reward		TotalReward	Chi Squared	Z Appr. 	Error	Two-Thetas	Sfs2
4 6 0			0.0		0.0		0.0		0.3	0.7863	67.1083315067	59.4729
5 1 11			0.0		0.0		59.47		0.27273	3.2753	64.7131722767	203.727
6 4 0			1.0		1.0		29.74		0.27273	1.8287	67.0910631577	58.6803
1 7 3			-0.16		0.84		35.42		0.27484	0.9932	66.8968211493	90.2271
4 0 6			-0.62		0.22		92.64		0.35352	5.3963	42.900258124	488.2208
0 2 14			0.25		0.47		74.2		0.35289	0.2479	58.6982494177	6.3292
9 1 1			0.19		0.66		62.56		0.35267	0.8793	87.9915459652	19.6393
6 0 0			0.15		0.81		54.29		0.35267	0.7256	54.7363985401	55.434
3 5 1			0.11		0.92		49.05		0.35241	0.5283	53.2544885252	31.9012
5 1 5			-0.02		0.89		50.28		0.35716	1.1901	50.2495039981	127.1383
2 0 14			0.11		1.0		45.3		0.35716	0.2634	58.6945218607	7.3942
3 7 1			0.09		1.09		41.74		0.35682	1.2822	71.5694631273	22.2453
0 6 2			0.08		1.17		38.47		0.35709	0.2356	55.3895592761	6.1752
7 3 1			0.07		1.24		35.97		0.3567	0.5095	71.5359286583	22.1332
6 4 2			0.07		1.31		33.57		0.3567	0.2211	67.6401768609	4.8049
5 5 1			0.06		1.37		31.71		0.35629	0.5073	65.769247456	23.9531
6 0 2			0.06		1.43		29.86		0.35655	0.2214	55.354768557	5.4487
3 1 9			0.06		1.49		28.11		0.35596	0.36	45.2950695798	8.7768
4 2 14			0.06		1.55		26.59		0.35614	1.2576	70.6282605877	19.9713
3 3 9			0.05		1.61		25.21		0.35551	0.3816	52.4524123761	12.0632
2 4 2			0.04		1.64		24.35		0.35553	0.3828	40.8766170199	13.2501
7 1 1			0.03		1.67		23.66		0.35537	0.5207	65.7483230412	25.2044
4 2 2			0.03		1.7		22.92		0.35542	0.457	40.8620305525	12.2524
1 3 9			0.05		1.75		21.92		0.35568	0.2622	45.3040218183	7.1674
0 6 12			0.04		1.79		21.06		0.35675	0.3425	75.0250979777	1.887
3 1 15			0.03		1.82		20.39		0.35675	0.2871	67.3554895111	7.7692
6 0 8			0.04		1.86		19.61		0.35663	2.9234	64.163237895	5.3359
0 6 8			0.04		1.9		18.88		0.35657	0.7694	64.1950429677	5.6946
0 2 16			0.02		1.92		18.47		0.35736	1.8687	67.2407114996	13.8307
6 2 10			-0.01		1.91		18.65		0.35833	0.7103	71.9901825081	43.9921
5 1 9			0.03		1.94		18.1		0.35735	0.4583	58.9619928854	19.0838
5 3 9			0.02		1.97		17.66		0.3564	0.4833	65.0662013285	20.8409
1 7 1			0.01		1.98		17.44		0.35632	0.5219	65.7901743415	26.2984
4 4 10			-0.02		1.96		17.75		0.35691	0.6886	66.23802526	47.6672
0 2 20			0.03		1.99		17.24		0.35657	0.4494	86.0769303832	2.8517
0 6 0			0.02		2.01		16.93		0.35657	1.4277	54.7714555341	59.4019
2 0 10			0.01		2.02		16.77		0.35631	0.6169	42.9543880851	20.236
2 0 16			0.02		2.04		16.49		0.35708	0.5935	67.2372591268	11.8907
1 1 9			0.03		2.07		16.05		0.35731	0.2216	37.1193146943	1.1702
6 0 10			0.02		2.09		15.74		0.35707	1.0728	69.1331306246	8.9056
5 3 5			-0.05		2.03		16.64		0.36051	2.2247	56.9473208346	134.0256
0 2 12			0.02		2.05		16.33		0.35808	0.3827	50.6142203783	17.5707
4 2 8			0.02		2.07		15.95		0.35763	0.7605	51.4203212226	2.5419
0 4 10			-0.01		2.06		16.13		0.35878	0.9893	53.7871001638	44.1425
0 4 20			0.02		2.08		15.84		0.36213	1.027	94.1654323607	18.6345
2 0 12			0.01		2.1		15.62		0.36179	0.8079	50.6101057273	16.6151
6 0 6			0.02		2.11		15.34		0.36156	1.0815	60.1501886982	39.9969
1 5 11			-0.06		2.05		16.31		0.36178	1.8219	64.7342781598	204.7444
2 6 4			-0.04		2.01		17.01		0.3617	0.8772	60.3635846112	78.02
0 4 16			0.01		2.03		16.78		0.3625	1.5557	75.7704700384	94.8658
0 6 6			0.02		2.04		16.52		0.36232	1.0147	60.183190367	40.9583
0 0 10			-0.0		2.04		16.57		0.36263	0.8316	38.8438017949	41.7013
0 6 10			0.01		2.05		16.33		0.3626	0.8527	69.1637693973	8.5049
4 0 10			-0.0		2.05		16.4		0.36295	0.6243	53.7713327333	45.2096
2 2 0			-0.42		1.63		28.13		0.36295	11.1953	25.0390113278	1035.9387
0 0 16			0.01		1.65		27.78		0.36375	1.3342	64.286058028	116.6634
2 6 10			0.01		1.65		27.6		0.36408	0.7069	72.0169435829	44.7171
0 0 20			0.02		1.67		27.17		0.36469	0.4542	83.3712939521	4.3689
1 3 5			-0.03		1.64		28.08		0.365	3.1323	34.189462707	190.138
1 5 1			0.01		1.65		27.82		0.36499	0.4978	46.196563203	27.3004
0 4 6			-0.14		1.5		32.36		0.36443	3.7688	42.9189471786	481.9509
0 0 22			0.02		1.52		31.86		0.36438	2.2765	94.0325860765	137.6091
3 3 15			0.02		1.54		31.36		0.3644	0.3402	73.0835579415	3.8877
1 1 15			0.01		1.55		31.0		0.36444	0.656	61.3839959686	20.6242
0 2 0			-0.01		1.54		31.26		0.36444	1.4407	17.6394681947	177.2483
2 4 6			0.01		1.55		30.97		0.36429	0.785	46.7364348384	64.2552
2 0 4			-0.02		1.53		31.59		0.36432	1.3874	23.4143586184	109.347
3 5 9			0.01		1.54		31.27		0.36423	0.4755	65.0802252419	19.5165
5 1 13			0.01		1.55		30.82		0.36416	0.4567	71.2764535317	11.3258
4 0 4			-0.01		1.54		31.13		0.36414	1.2165	39.0343929222	79.1487
2 4 0			0.01		1.55		30.88		0.36414	1.4359	40.0960076051	88.2765
4 2 10			0.01		1.56		30.54		0.36414	1.1102	57.0442200735	11.3144
5 1 1			0.01		1.57		30.28		0.36412	0.5346	46.1701152	26.7419
2 2 16			0.01		1.58		29.93		0.36439	1.1693	70.1293332912	108.6018
3 7 3			0.0		1.59		29.84		0.36435	0.8954	72.6346668965	71.6226
7 1 7			0.01		1.6		29.47		0.36435	0.3505	72.2660298289	5.0526
3 3 1			0.01		1.61		29.26		0.36435	0.5106	38.1558496662	33.1617
2 0 2			0.0		1.61		29.22		0.36434	0.6502	19.2320929378	35.9547
2 4 10			0.01		1.62		28.94		0.36434	0.607	57.0555982332	12.0937
1 1 1			0.0		1.62		28.89		0.36431	0.5749	13.0194761966	56.7652
1 5 9			0.01		1.63		28.62		0.36421	0.4394	58.984264935	17.7365
3 3 13			0.01		1.64		28.27		0.36409	0.5636	65.4922780779	9.1158
4 2 12			0.01		1.65		27.95		0.36406	0.2244	63.468523569	4.7972
6 0 12			0.01		1.66		27.62		0.36406	0.5892	74.995462768	0.9301
1 1 13			0.01		1.68		27.29		0.36401	0.3722	52.9310122384	10.9703
6 2 0			-0.1		1.58		30.29		0.36401	4.3933	57.9728440251	566.5186
0 6 18			0.01		1.59		29.94		0.36401	0.7949	98.0280769063	1.8601
0 6 16			0.01		1.6		29.61		0.3639	0.4825	89.3859051251	7.6515
2 2 10			0.0		1.6		29.48		0.36403	0.6429	46.7739448495	44.8949
0 4 8			-0.03		1.58		30.25		0.36423	4.1351	47.9021960727	235.0989
2 4 8			0.01		1.59		29.97		0.36414	0.1687	51.4325245866	2.4593
6 0 4			0.0		1.59		29.89		0.36415	0.7069	57.1830782131	42.6751
6 2 8			-0.02		1.57		30.49		0.36434	3.3751	67.1207225085	222.106
4 6 2			0.01		1.58		30.19		0.36434	0.2349	67.657370766	5.5969
1 3 1			0.0		1.59		30.08		0.36433	0.5324	28.3265170018	42.1271
6 4 6			0.01		1.6		29.76		0.36431	0.9247	71.9614498967	41.9809
1 7 5			0.0		1.6		29.7		0.36443	1.0841	69.0835930101	99.7513
3 1 7			0.01		1.61		29.41		0.36444	0.257	39.2655360855	5.205
3 1 13			0.01		1.62		29.11		0.3644	0.3869	59.4126405656	11.7895
6 2 4			-0.01		1.61		29.33		0.36438	0.8727	60.3342977717	77.9073
0 2 10			0.01		1.62		29.18		0.36437	0.4317	42.9590557724	21.0204
6 4 4			0.01		1.62		29.02		0.36438	0.6669	69.2748711385	33.991