HKL Value		Reward		TotalReward	Chi Squared	Z Appr. 	Error	Two-Thetas	Sfs2
1 7 3			0.0		0.0		0.0		0.3	0.9932	66.8968211493	90.2271
3 1 7			0.0		0.0		22.43		0.33681	0.257	39.2655360855	5.205
4 6 0			1.0		1.0		11.23		0.33681	0.7863	67.1083315067	59.4729
6 4 0			0.5		1.5		7.49		0.33681	1.8287	67.0910631577	58.6803
0 2 14			0.3		1.79		5.78		0.33399	0.2479	58.6982494177	6.3292
0 4 16			-0.37		1.42		9.15		0.3272	1.5557	75.7704700384	94.8658
0 4 10			0.12		1.54		8.17		0.32594	0.9893	53.7871001638	44.1425
2 0 14			0.08		1.62		7.56		0.32702	0.2634	58.6945218607	7.3942
4 6 2			0.11		1.74		6.79		0.32698	0.2349	67.657370766	5.5969
6 2 8			-0.74		1.0		26.12		0.32819	3.3751	67.1207225085	222.106
1 1 1			0.03		1.03		25.39		0.32801	0.5749	13.0194761966	56.7652
3 1 5			-0.29		0.74		35.75		0.32914	2.8985	34.1781376955	186.2389
6 4 2			0.09		0.83		32.86		0.32908	0.2211	67.6401768609	4.8049
0 6 8			0.08		0.91		30.34		0.32898	0.7694	64.1950429677	5.6946
6 0 2			0.07		0.98		28.35		0.32896	0.2214	55.354768557	5.4487
9 1 1			0.06		1.04		26.62		0.32887	0.8793	87.9915459652	19.6393
0 6 2			0.06		1.1		25.15		0.32884	0.2356	55.3895592761	6.1752
5 5 1			0.05		1.16		23.85		0.32874	0.5073	65.769247456	23.9531
2 0 10			0.03		1.19		23.17		0.328	0.6169	42.9543880851	20.236
0 0 4			-0.01		1.18		23.29		0.32708	0.8482	15.2869714585	59.1035
3 1 9			0.01		1.19		23.07		0.32456	0.36	45.2950695798	8.7768
3 7 1			0.04		1.23		22.12		0.32443	1.2822	71.5694631273	22.2453
7 3 1			0.04		1.27		21.26		0.3243	0.5095	71.5359286583	22.1332
0 6 10			0.04		1.32		20.35		0.32377	0.8527	69.1637693973	8.5049
4 2 2			0.03		1.35		19.75		0.32365	0.457	40.8620305525	12.2524
3 3 1			0.02		1.37		19.32		0.32349	0.5106	38.1558496662	33.1617
2 4 4			-0.06		1.31		20.54		0.3236	0.8182	43.1484985256	64.6996
3 1 15			0.03		1.34		19.96		0.32125	0.2871	67.3554895111	7.7692
2 4 2			0.02		1.37		19.48		0.3212	0.3828	40.8766170199	13.2501
3 3 9			0.03		1.39		19.0		0.32047	0.3816	52.4524123761	12.0632
1 3 9			0.01		1.41		18.73		0.31933	0.2622	45.3040218183	7.1674
0 4 8			-0.24		1.17		24.59		0.31954	4.1351	47.9021960727	235.0989
2 0 16			0.03		1.19		23.94		0.32047	0.5935	67.2372591268	11.8907
0 6 0			0.02		1.22		23.42		0.32047	1.4277	54.7714555341	59.4019
6 0 8			0.03		1.24		22.78		0.32061	2.9234	64.163237895	5.3359
7 1 1			0.02		1.27		22.3		0.32058	0.5207	65.7483230412	25.2044
5 1 9			0.02		1.29		21.78		0.32017	0.4583	58.9619928854	19.0838
5 1 13			-0.0		1.29		21.78		0.3223	0.4567	71.2764535317	11.3258
1 1 9			-0.01		1.28		21.92		0.3211	0.2216	37.1193146943	1.1702
0 2 16			0.03		1.31		21.38		0.32132	1.8687	67.2407114996	13.8307
1 7 1			0.02		1.33		21.02		0.3213	0.5219	65.7901743415	26.2984
1 3 13			0.0		1.33		20.92		0.32248	0.3907	59.4200243294	11.5335
6 0 10			0.02		1.35		20.42		0.32245	1.0728	69.1331306246	8.9056
0 2 20			-0.03		1.32		21.07		0.32064	0.4494	86.0769303832	2.8517
4 2 8			0.0		1.33		20.98		0.32097	0.7605	51.4203212226	2.5419
5 3 9			0.02		1.35		20.52		0.32093	0.4833	65.0662013285	20.8409
4 2 14			0.02		1.37		20.13		0.32093	1.2576	70.6282605877	19.9713
1 1 13			-0.0		1.37		20.13		0.32218	0.3722	52.9310122384	10.9703
4 2 10			0.02		1.39		19.73		0.3221	1.1102	57.0442200735	11.3144
3 3 13			-0.0		1.39		19.73		0.3235	0.5636	65.4922780779	9.1158
3 5 9			0.02		1.41		19.38		0.32337	0.4755	65.0802252419	19.5165
0 4 20			0.01		1.42		19.21		0.32331	1.027	94.1654323607	18.6345
6 2 10			0.02		1.44		18.85		0.32321	0.7103	71.9901825081	43.9921
6 0 6			0.02		1.46		18.51		0.32317	1.0815	60.1501886982	39.9969
4 4 10			0.02		1.47		18.19		0.32302	0.6886	66.23802526	47.6672
1 1 15			0.02		1.49		17.89		0.32319	0.656	61.3839959686	20.6242
0 0 20			0.02		1.51		17.6		0.32318	0.4542	83.3712939521	4.3689
5 1 1			0.01		1.52		17.42		0.32317	0.5346	46.1701152	26.7419
2 0 12			-0.01		1.5		17.64		0.32224	0.8079	50.6101057273	16.6151
3 5 1			0.01		1.51		17.49		0.32222	0.5283	53.2544885252	31.9012
0 0 10			0.02		1.53		17.2		0.32219	0.8316	38.8438017949	41.7013
1 5 3			-0.0		1.53		17.23		0.3222	0.9511	47.585042181	85.8034
0 6 16			0.01		1.54		17.0		0.32247	0.4825	89.3859051251	7.6515
1 3 1			0.0		1.54		16.95		0.32246	0.5324	28.3265170018	42.1271
0 0 16			0.01		1.56		16.76		0.32221	1.3342	64.286058028	116.6634
1 5 9			0.01		1.56		16.61		0.32205	0.4394	58.984264935	17.7365
1 1 5			-0.14		1.43		19.22		0.32214	1.9661	22.8949597146	247.5537
0 0 22			0.01		1.44		19.01		0.32195	2.2765	94.0325860765	137.6091
0 6 6			0.01		1.45		18.74		0.32193	1.0147	60.183190367	40.9583
3 1 13			0.0		1.46		18.68		0.32245	0.3869	59.4126405656	11.7895
2 4 6			0.01		1.47		18.42		0.32245	0.785	46.7364348384	64.2552
4 4 6			-0.1		1.38		20.37		0.32261	4.3817	57.0116572758	400.3855
2 2 10			0.01		1.39		20.1		0.32257	0.6429	46.7739448495	44.8949
4 2 4			-0.02		1.37		20.52		0.32257	0.7624	43.1345383828	64.2766
4 0 4			-0.0		1.37		20.58		0.32248	1.2165	39.0343929222	79.1487
0 2 10			0.01		1.37		20.39		0.32238	0.4317	42.9590557724	21.0204
0 2 8			-0.03		1.34		21.04		0.32295	0.1155	35.7619852008	1.7384
6 0 0			0.01		1.35		20.82		0.32295	0.7256	54.7363985401	55.434
4 0 10			0.01		1.37		20.56		0.32291	0.6243	53.7713327333	45.2096
2 4 8			0.0		1.37		20.48		0.3231	0.1687	51.4325245866	2.4593
1 3 15			0.01		1.38		20.3		0.32279	0.2862	67.3623786269	8.1809
4 4 12			0.01		1.39		20.05		0.32277	1.9475	72.2035773977	130.2426
2 6 10			0.01		1.4		19.81		0.32274	0.7069	72.0169435829	44.7171
3 3 15			-0.0		1.4		19.83		0.32214	0.3402	73.0835579415	3.8877
4 6 4			-0.0		1.4		19.88		0.32214	1.0731	69.291881243	33.3045
0 2 12			-0.0		1.4		19.91		0.32179	0.3827	50.6142203783	17.5707