HKL Value		Reward		TotalReward	Chi Squared	Z Appr. 	Error	Two-Thetas	Sfs2
3 1 7			0.0		0.0		0.0		0.3	0.257	39.2655360855	5.205
4 6 0			0.0		0.0		0.04		0.33762	0.7863	67.1083315067	59.4729
2 2 16			-1.0		-1.0		11.01		0.32461	1.1693	70.1293332912	108.6018
6 4 0			0.5		-0.5		7.34		0.32461	1.8287	67.0910631577	58.6803
0 2 14			-0.0		-0.5		7.35		0.32615	0.2479	58.6982494177	6.3292
2 0 14			0.12		-0.38		6.58		0.32756	0.2634	58.6945218607	7.3942
0 6 8			0.2		-0.18		5.48		0.32756	0.7694	64.1950429677	5.6946
0 0 8			-0.8		-0.98		27.31		0.32798	2.1948	30.8548203523	183.9052
6 0 12			-0.18		-1.16		33.36		0.31407	0.5892	74.995462768	0.9301
6 4 2			0.12		-1.04		29.68		0.31407	0.2211	67.6401768609	4.8049
4 6 2			0.11		-0.93		26.77		0.31404	0.2349	67.657370766	5.5969
6 0 2			0.09		-0.84		24.51		0.31402	0.2214	55.354768557	5.4487
2 0 4			-0.18		-1.02		30.06		0.31403	1.3874	23.4143586184	109.347
1 7 1			0.07		-0.96		28.21		0.31399	0.5219	65.7901743415	26.2984
0 6 2			0.07		-0.89		26.36		0.31398	0.2356	55.3895592761	6.1752
4 4 8			-0.29		-1.18		37.16		0.314	3.9407	61.1479986878	218.5721
9 1 1			0.06		-1.11		34.92		0.31398	0.8793	87.9915459652	19.6393
0 6 4			0.01		-1.11		34.71		0.3139	0.6675	57.2171401797	42.9768
1 3 5			-0.16		-1.27		41.32		0.31404	3.1323	34.189462707	190.138
0 6 10			0.04		-1.22		39.58		0.31479	0.8527	69.1637693973	8.5049
7 3 1			0.05		-1.17		37.72		0.31477	0.5095	71.5359286583	22.1332
5 5 1			0.05		-1.13		36.01		0.31474	0.5073	65.769247456	23.9531
1 5 1			0.04		-1.09		34.69		0.31471	0.4978	46.196563203	27.3004
3 7 1			0.04		-1.05		33.28		0.31469	1.2822	71.5694631273	22.2453
4 2 2			0.04		-1.01		32.11		0.31466	0.457	40.8620305525	12.2524
1 5 11			-0.15		-1.16		37.7		0.31453	1.8219	64.7342781598	204.7444
5 1 7			-0.03		-1.18		38.67		0.31683	0.2609	54.1000446603	4.252
3 3 9			0.04		-1.14		37.28		0.31666	0.3816	52.4524123761	12.0632
4 0 12			0.02		-1.13		36.72		0.31744	2.7435	60.4154589103	161.2613
1 1 13			-0.01		-1.14		37.0		0.31929	0.3722	52.9310122384	10.9703
2 4 2			0.03		-1.11		35.97		0.31927	0.3828	40.8766170199	13.2501
4 2 8			0.02		-1.09		35.44		0.31959	0.7605	51.4203212226	2.5419
2 6 0			-0.17		-1.27		42.94		0.31959	4.3567	58.0028534629	558.9791
3 1 15			0.03		-1.24		41.65		0.31947	0.2871	67.3554895111	7.7692
2 0 16			0.03		-1.21		40.57		0.31985	0.5935	67.2372591268	11.8907
2 0 2			0.02		-1.2		39.97		0.31982	0.6502	19.2320929378	35.9547
6 2 10			0.03		-1.17		38.87		0.31991	0.7103	71.9901825081	43.9921
1 3 9			0.02		-1.15		38.11		0.31956	0.2622	45.3040218183	7.1674
0 6 0			0.02		-1.12		37.28		0.31956	1.4277	54.7714555341	59.4019
3 1 9			0.02		-1.1		36.49		0.31931	0.36	45.2950695798	8.7768
1 5 7			0.0		-1.1		36.43		0.32014	0.6035	54.1236034243	4.2528
6 0 8			0.02		-1.08		35.59		0.32019	2.9234	64.163237895	5.3359
7 1 1			0.02		-1.06		34.88		0.32018	0.5207	65.7483230412	25.2044
5 1 9			0.02		-1.04		34.15		0.32004	0.4583	58.9619928854	19.0838
1 1 7			0.0		-1.03		34.11		0.32074	0.2012	29.7561292971	6.5386
5 1 13			0.01		-1.03		33.86		0.32156	0.4567	71.2764535317	11.3258
1 1 9			0.01		-1.02		33.67		0.32105	0.2216	37.1193146943	1.1702
2 0 10			0.02		-1.0		33.05		0.32094	0.6169	42.9543880851	20.236
0 2 16			0.02		-0.98		32.38		0.32105	1.8687	67.2407114996	13.8307
6 0 0			0.02		-0.96		31.82		0.32105	0.7256	54.7363985401	55.434
1 3 13			0.01		-0.96		31.59		0.32167	0.3907	59.4200243294	11.5335
0 2 20			-0.01		-0.97		31.85		0.32073	0.4494	86.0769303832	2.8517
0 4 10			0.02		-0.95		31.24		0.32075	0.9893	53.7871001638	44.1425
5 3 9			0.02		-0.93		30.66		0.32073	0.4833	65.0662013285	20.8409
4 2 14			0.02		-0.91		30.13		0.32073	1.2576	70.6282605877	19.9713
3 3 3			0.01		-0.9		29.95		0.32075	0.8081	39.7679129272	70.9373
2 6 2			-0.04		-0.94		31.23		0.32077	1.2892	58.5985395934	134.3564
2 0 8			-0.03		-0.97		32.16		0.32136	0.1665	35.7565424018	1.5727
6 0 10			0.02		-0.96		31.61		0.32136	1.0728	69.1331306246	8.9056
4 2 10			0.02		-0.94		31.08		0.32133	1.1102	57.0442200735	11.3144
6 2 8			-0.08		-1.02		33.67		0.32139	3.3751	67.1207225085	222.106
3 3 13			0.0		-1.01		33.56		0.3222	0.5636	65.4922780779	9.1158
6 4 6			0.01		-1.0		33.18		0.32213	0.9247	71.9614498967	41.9809
0 4 20			0.01		-0.99		32.81		0.32207	1.027	94.1654323607	18.6345
6 0 6			0.02		-0.97		32.31		0.32205	1.0815	60.1501886982	39.9969
3 5 7			0.01		-0.97		32.09		0.32243	0.2309	60.5203777188	5.6046
1 3 15			0.01		-0.95		31.67		0.32216	0.2862	67.3623786269	8.1809
2 4 10			0.01		-0.94		31.21		0.32211	0.607	57.0555982332	12.0937
1 1 15			0.01		-0.93		30.79		0.32222	0.656	61.3839959686	20.6242
4 4 10			0.01		-0.91		30.35		0.32217	0.6886	66.23802526	47.6672
0 6 16			0.01		-0.9		29.96		0.32236	0.4825	89.3859051251	7.6515
0 0 10			0.01		-0.88		29.54		0.32234	0.8316	38.8438017949	41.7013
5 1 1			0.01		-0.87		29.24		0.32233	0.5346	46.1701152	26.7419
2 0 12			0.0		-0.87		29.2		0.32189	0.8079	50.6101057273	16.6151
4 0 2			-0.03		-0.91		30.24		0.32191	1.7854	36.5531212028	138.5255
3 5 1			0.01		-0.9		29.95		0.32191	0.5283	53.2544885252	31.9012
5 1 11			-0.06		-0.96		31.8		0.32193	3.2753	64.7131722767	203.727
0 0 20			0.01		-0.94		31.41		0.32193	0.4542	83.3712939521	4.3689
0 0 16			0.01		-0.93		31.05		0.32179	1.3342	64.286058028	116.6634
6 2 4			0.0		-0.93		30.95		0.32172	0.8727	60.3342977717	77.9073
1 7 7			0.01		-0.92		30.74		0.32194	0.4353	72.3061031614	6.1143
0 0 22			0.01		-0.91		30.42		0.32181	2.2765	94.0325860765	137.6091
1 5 9			0.01		-0.9		30.14		0.32172	0.4394	58.984264935	17.7365
2 6 10			0.01		-0.89		29.77		0.32172	0.7069	72.0169435829	44.7171
4 2 6			0.01		-0.88		29.42		0.32172	1.6049	46.7233273538	62.1975
0 6 6			0.01		-0.87		29.08		0.32171	1.0147	60.183190367	40.9583
3 1 13			0.01		-0.86		28.93		0.32206	0.3869	59.4126405656	11.7895
2 4 8			0.01		-0.86		28.78		0.32217	0.1687	51.4325245866	2.4593
2 4 6			0.01		-0.84		28.46		0.32217	0.785	46.7364348384	64.2552
2 2 10			0.01		-0.83		28.14		0.32217	0.6429	46.7739448495	44.8949
2 6 6			-0.04		-0.87		29.29		0.32225	5.383	63.2392339525	346.2148
1 1 5			-0.06		-0.93		31.04		0.32231	1.9661	22.8949597146	247.5537
0 2 10			0.01		-0.92		30.77		0.32225	0.4317	42.9590557724	21.0204
1 1 1			0.0		-0.92		30.63		0.32224	0.5749	13.0194761966	56.7652
0 6 14			0.01		-0.91		30.4		0.32223	0.9096	81.7552219026	27.2955
4 6 4			0.0		-0.91		30.33		0.32223	1.0731	69.291881243	33.3045
0 4 4			0.0		-0.9		30.27		0.32218	0.8482	39.0545896029	78.0016
0 4 18			-0.02		-0.93		30.98		0.32082	0.8369	84.5238780681	17.4513
1 3 1			0.01		-0.92		30.81		0.32082	0.5324	28.3265170018	42.1271
6 4 4			0.0		-0.92		30.74		0.32082	0.6669	69.2748711385	33.991
2 4 12			-0.01		-0.93		30.95		0.32035	0.2205	63.4791913795	4.8908
4 0 10			0.01		-0.92		30.65		0.32036	0.6243	53.7713327333	45.2096