HKL Value		Reward		TotalReward	Chi Squared	Z Appr. 	Error	Two-Thetas	Sfs2
3 1 7			0.0		0.0		0.0		0.3	0.257	39.2655360855	5.205
0 2 22			0.0		0.0		47.13		0.32298	1.8317	96.7387030121	97.213
3 1 9			0.6		0.6		29.37		0.32155	0.36	45.2950695798	8.7768
4 6 0			0.5		1.1		19.59		0.32155	0.7863	67.1083315067	59.4729
0 6 10			0.33		1.44		14.7		0.32158	0.8527	69.1637693973	8.5049
6 4 0			0.25		1.69		11.76		0.32158	1.8287	67.0910631577	58.6803
6 0 0			0.11		1.8		10.58		0.32158	0.7256	54.7363985401	55.434
0 2 14			0.0		1.8		10.54		0.32164	0.2479	58.6982494177	6.3292
2 0 14			0.04		1.84		10.17		0.32173	0.2634	58.6945218607	7.3942
0 6 8			0.11		1.95		9.15		0.32203	0.7694	64.1950429677	5.6946
2 0 12			-0.08		1.87		9.89		0.31875	0.8079	50.6101057273	16.6151
6 4 2			0.09		1.97		9.04		0.31872	0.2211	67.6401768609	4.8049
4 6 2			0.08		2.05		8.35		0.31869	0.2349	67.657370766	5.5969
2 0 8			-0.42		1.63		14.51		0.32261	0.1665	35.7565424018	1.5727
6 0 2			0.06		1.69		13.64		0.32258	0.2214	55.354768557	5.4487
0 6 2			0.06		1.75		12.91		0.32253	0.2356	55.3895592761	6.1752
9 1 1			0.06		1.8		12.23		0.32246	0.8793	87.9915459652	19.6393
3 7 1			0.05		1.85		11.68		0.32237	1.2822	71.5694631273	22.2453
7 3 1			0.04		1.89		11.2		0.32229	0.5095	71.5359286583	22.1332
5 5 1			0.04		1.94		10.74		0.3222	0.5073	65.769247456	23.9531
4 2 2			0.02		1.96		10.5		0.32211	0.457	40.8620305525	12.2524
3 3 9			0.02		1.98		10.3		0.32091	0.3816	52.4524123761	12.0632
2 4 2			0.02		2.0		10.12		0.32084	0.3828	40.8766170199	13.2501
3 5 5			-0.28		1.71		14.08		0.32132	1.2751	56.9624934876	133.7285
2 0 16			0.04		1.75		13.54		0.32216	0.5935	67.2372591268	11.8907
3 1 15			0.03		1.79		13.13		0.32108	0.2871	67.3554895111	7.7692
1 1 5			-0.34		1.44		19.93		0.32146	1.9661	22.8949597146	247.5537
1 3 9			0.01		1.46		19.7		0.32053	0.2622	45.3040218183	7.1674
1 1 9			0.0		1.46		19.68		0.31917	0.2216	37.1193146943	1.1702
7 1 3			-0.01		1.45		19.85		0.31923	1.4031	66.8553232335	91.2915
0 2 0			-0.04		1.4		20.77		0.31923	1.4407	17.6394681947	177.2483
0 6 0			0.02		1.43		20.31		0.31923	1.4277	54.7714555341	59.4019
6 0 8			0.03		1.46		19.74		0.31935	2.9234	64.163237895	5.3359
7 1 1			0.02		1.48		19.32		0.31932	0.5207	65.7483230412	25.2044
5 1 9			0.03		1.5		18.83		0.31903	0.4583	58.9619928854	19.0838
1 1 7			-0.02		1.48		19.29		0.32066	0.2012	29.7561292971	6.5386
5 1 5			-0.1		1.38		21.51		0.3208	1.1901	50.2495039981	127.1383
5 1 13			0.0		1.38		21.47		0.32235	0.4567	71.2764535317	11.3258
0 2 20			-0.03		1.35		22.1		0.32016	0.4494	86.0769303832	2.8517
0 2 16			0.02		1.37		21.58		0.32043	1.8687	67.2407114996	13.8307
0 4 20			0.01		1.39		21.26		0.32024	1.027	94.1654323607	18.6345
2 0 10			0.02		1.41		20.84		0.32006	0.6169	42.9543880851	20.236
1 7 1			0.02		1.43		20.5		0.32003	0.5219	65.7901743415	26.2984
5 1 7			-0.01		1.42		20.72		0.32106	0.2609	54.1000446603	4.252
1 3 13			0.0		1.42		20.66		0.32237	0.3907	59.4200243294	11.5335
0 0 12			-0.02		1.4		21.04		0.32334	3.2426	47.0346015839	274.3783
4 2 14			0.02		1.42		20.64		0.3233	1.2576	70.6282605877	19.9713
4 2 8			0.01		1.43		20.46		0.32388	0.7605	51.4203212226	2.5419
5 3 9			0.02		1.45		20.06		0.32373	0.4833	65.0662013285	20.8409
0 4 10			0.02		1.47		19.66		0.32353	0.9893	53.7871001638	44.1425
3 5 9			0.02		1.49		19.31		0.32335	0.4755	65.0802252419	19.5165
6 0 10			0.02		1.51		18.94		0.32326	1.0728	69.1331306246	8.9056
1 3 11			-0.19		1.31		23.42		0.3235	2.4293	52.0561920156	298.4303
4 2 10			0.02		1.33		23.01		0.32334	1.1102	57.0442200735	11.3144
1 1 13			0.01		1.34		22.74		0.32446	0.3722	52.9310122384	10.9703
3 3 13			0.01		1.36		22.47		0.32597	0.5636	65.4922780779	9.1158
0 2 2			0.0		1.36		22.45		0.32594	0.4614	19.2417464495	36.8131
0 0 4			-0.0		1.36		22.47		0.32557	0.8482	15.2869714585	59.1035
6 0 6			0.02		1.37		22.11		0.3255	1.0815	60.1501886982	39.9969
1 1 15			0.02		1.39		21.74		0.32557	0.656	61.3839959686	20.6242
4 4 10			0.01		1.4		21.43		0.32519	0.6886	66.23802526	47.6672
0 6 16			0.02		1.42		21.08		0.32519	0.4825	89.3859051251	7.6515
6 2 10			0.02		1.44		20.77		0.32498	0.7103	71.9901825081	43.9921
0 0 10			0.01		1.45		20.46		0.3248	0.8316	38.8438017949	41.7013
6 4 4			-0.0		1.45		20.52		0.32481	0.6669	69.2748711385	33.991
3 5 1			0.01		1.46		20.34		0.32481	0.5283	53.2544885252	31.9012
2 2 12			0.01		1.46		20.23		0.32517	1.9766	54.0147953295	208.0279
0 0 20			0.01		1.48		19.96		0.32518	0.4542	83.3712939521	4.3689
0 4 4			-0.01		1.47		20.07		0.32499	0.8482	39.0545896029	78.0016
5 1 1			0.01		1.48		19.89		0.32497	0.5346	46.1701152	26.7419
0 0 16			0.01		1.49		19.76		0.32438	1.3342	64.286058028	116.6634
0 0 22			0.01		1.49		19.64		0.32388	2.2765	94.0325860765	137.6091
1 5 9			0.01		1.5		19.5		0.32371	0.4394	58.984264935	17.7365
4 0 12			0.01		1.51		19.3		0.32386	2.7435	60.4154589103	161.2613
2 6 2			-0.05		1.46		20.4		0.3239	1.2892	58.5985395934	134.3564
0 6 6			0.01		1.47		20.14		0.32388	1.0147	60.183190367	40.9583
0 4 0			-0.24		1.23		26.51		0.32388	6.137	35.7152072575	818.959
3 3 1			0.01		1.24		26.28		0.32387	0.5106	38.1558496662	33.1617
2 4 0			0.01		1.24		26.12		0.32387	1.4359	40.0960076051	88.2765
3 1 13			0.01		1.25		25.88		0.32424	0.3869	59.4126405656	11.7895
1 5 11			-0.07		1.19		27.68		0.32432	1.8219	64.7342781598	204.7444
2 4 8			0.01		1.19		27.48		0.32453	0.1687	51.4325245866	2.4593
1 5 1			0.01		1.2		27.24		0.32452	0.4978	46.196563203	27.3004
1 3 7			0.01		1.21		27.07		0.32486	0.1893	39.2755843192	5.3372
2 4 14			0.01		1.22		26.78		0.32483	0.5221	70.6383718296	19.4111
5 3 5			-0.03		1.19		27.63		0.32491	2.2247	56.9473208346	134.0256
2 4 6			0.01		1.2		27.31		0.32491	0.785	46.7364348384	64.2552
0 2 18			-0.03		1.17		28.22		0.3225	0.3755	76.3208597895	3.7538
6 0 12			-0.05		1.12		29.7		0.32108	0.5892	74.995462768	0.9301
4 0 0			-0.14		0.98		34.71		0.32108	8.3901	35.6934066618	787.9925