HKL Value		Reward		TotalReward	Chi Squared	Z Appr. 	Error	Two-Thetas	Sfs2
4 2 6			0.0		0.0		0.0		0.3	1.6049	46.7233273538	62.1975
0 4 12			0.0		0.0		0.51		0.33333	1.4889	60.4300914167	161.7651
0 6 14			-0.92		-0.92		6.56		0.32643	0.9096	81.7552219026	27.2955
4 6 0			0.5		-0.43		4.39		0.32643	0.7863	67.1083315067	59.4729
0 2 14			0.09		-0.34		4.04		0.33014	0.2479	58.6982494177	6.3292
0 6 0			-0.11		-0.45		4.53		0.33014	1.4277	54.7714555341	59.4019
3 3 9			-0.31		-0.76		6.54		0.3267	0.3816	52.4524123761	12.0632
0 2 12			-0.12		-0.88		7.47		0.31708	0.3827	50.6142203783	17.5707
7 1 1			0.03		-0.85		7.25		0.31698	0.5207	65.7483230412	25.2044
2 0 12			0.06		-0.79		6.85		0.31561	0.8079	50.6101057273	16.6151
4 6 2			0.1		-0.69		6.23		0.31558	0.2349	67.657370766	5.5969
2 0 16			-0.1		-0.79		6.89		0.31696	0.5935	67.2372591268	11.8907
6 4 0			0.09		-0.7		6.32		0.31696	1.8287	67.0910631577	58.6803
6 0 8			0.04		-0.65		6.05		0.31713	2.9234	64.163237895	5.3359
1 3 9			0.02		-0.64		5.96		0.31621	0.2622	45.3040218183	7.1674
2 4 14			0.03		-0.61		5.79		0.31652	0.5221	70.6383718296	19.4111
1 1 9			-0.01		-0.62		5.87		0.31539	0.2216	37.1193146943	1.1702
3 1 9			0.05		-0.58		5.61		0.31505	0.36	45.2950695798	8.7768
5 1 9			0.06		-0.52		5.3		0.31497	0.4583	58.9619928854	19.0838
2 4 2			-0.01		-0.52		5.33		0.31493	0.3828	40.8766170199	13.2501
4 0 10			-0.0		-0.53		5.35		0.31563	0.6243	53.7713327333	45.2096
0 2 18			0.04		-0.49		5.14		0.31524	0.3755	76.3208597895	3.7538
3 5 7			-0.29		-0.77		7.22		0.31677	0.2309	60.5203777188	5.6046
0 6 16			-0.08		-0.85		7.84		0.31747	0.4825	89.3859051251	7.6515
2 0 4			-0.31		-1.16		11.3		0.31749	1.3874	23.4143586184	109.347