HKL Value		Reward		TotalReward	Chi Squared	Z Appr. 	Error	Two-Thetas	Sfs2
0 6 2			0.0		0.0		0.0		0.3	0.2356	55.3895592761	6.1752
4 6 0			0.0		0.0		0.37		0.24998	0.7863	67.1083315067	59.4729
6 4 0			0.93		0.93		0.19		0.24998	1.8287	67.0910631577	58.6803
0 2 14			0.01		0.94		0.19		0.09613	0.2479	58.6982494177	6.3292
9 1 1			-0.99		-0.05		18.11		0.09811	0.8793	87.9915459652	19.6393
2 0 14			0.25		0.2		14.52		0.09737	0.2634	58.6945218607	7.3942
7 3 1			-0.34		-0.15		22.07		0.09833	0.5095	71.5359286583	22.1332
0 4 6			-0.48		-0.63		42.74		0.18634	3.7688	42.9189471786	481.9509
5 5 1			0.09		-0.54		39.29		0.18693	0.5073	65.769247456	23.9531
4 2 0			0.08		-0.46		36.35		0.18693	0.9287	40.0811891304	86.5118
1 7 3			-0.09		-0.55		40.01		0.18684	0.9932	66.8968211493	90.2271
3 7 1			0.07		-0.49		37.57		0.18736	1.2822	71.5694631273	22.2453
6 4 2			0.09		-0.4		34.45		0.1874	0.2211	67.6401768609	4.8049
4 4 12			0.06		-0.34		32.54		0.18293	1.9475	72.2035773977	130.2426
6 0 2			0.07		-0.27		30.36		0.18304	0.2214	55.354768557	5.4487
3 1 15			0.07		-0.2		28.37		0.18402	0.2871	67.3554895111	7.7692
3 1 9			0.05		-0.14		26.9		0.1839	0.36	45.2950695798	8.7768
2 4 2			0.05		-0.09		25.66		0.18401	0.3828	40.8766170199	13.2501
4 2 14			0.05		-0.04		24.45		0.18319	1.2576	70.6282605877	19.9713
5 1 7			0.04		-0.01		23.54		0.18495	0.2609	54.1000446603	4.252
1 3 9			0.04		0.04		22.55		0.18491	0.2622	45.3040218183	7.1674
7 1 1			0.04		0.08		21.73		0.18504	0.5207	65.7483230412	25.2044
3 3 9			0.03		0.11		21.07		0.18504	0.3816	52.4524123761	12.0632
3 1 7			0.03		0.14		20.39		0.18596	0.257	39.2655360855	5.205
1 5 1			0.04		0.18		19.67		0.18603	0.4978	46.196563203	27.3004
4 2 2			0.03		0.21		19.09		0.18608	0.457	40.8620305525	12.2524
6 0 8			0.03		0.24		18.49		0.18603	2.9234	64.163237895	5.3359
5 1 9			0.01		0.26		18.22		0.18627	0.4583	58.9619928854	19.0838
5 3 9			0.01		0.26		18.06		0.18641	0.4833	65.0662013285	20.8409
0 2 16			0.01		0.27		17.88		0.18584	1.8687	67.2407114996	13.8307
1 7 1			0.03		0.3		17.42		0.18598	0.5219	65.7901743415	26.2984
1 7 5			0.02		0.32		17.06		0.18628	1.0841	69.0835930101	99.7513
0 2 20			0.03		0.35		16.53		0.18644	0.4494	86.0769303832	2.8517
0 6 0			0.02		0.37		16.22		0.18644	1.4277	54.7714555341	59.4019
0 2 12			0.03		0.4		15.75		0.18657	0.3827	50.6142203783	17.5707
0 4 20			0.03		0.43		15.3		0.18657	1.027	94.1654323607	18.6345
2 6 4			0.0		0.43		15.3		0.18684	0.8772	60.3635846112	78.02
2 4 8			-0.02		0.41		15.6		0.18678	0.1687	51.4325245866	2.4593
6 0 10			0.01		0.42		15.44		0.18605	1.0728	69.1331306246	8.9056
2 0 10			0.03		0.45		15.04		0.18608	0.6169	42.9543880851	20.236
1 1 9			0.03		0.48		14.66		0.18608	0.2216	37.1193146943	1.1702
5 3 1			0.02		0.5		14.36		0.18611	0.5252	53.2386121167	32.835
5 3 3			-0.08		0.41		15.69		0.18609	0.9351	54.4936931553	89.9375
0 6 6			0.02		0.44		15.33		0.18606	1.0147	60.183190367	40.9583
2 0 12			0.02		0.46		14.99		0.18622	0.8079	50.6101057273	16.6151
6 2 10			0.01		0.47		14.87		0.18571	0.7103	71.9901825081	43.9921
2 0 16			-0.0		0.46		14.92		0.18538	0.5935	67.2372591268	11.8907
0 4 16			0.01		0.48		14.72		0.1852	1.5557	75.7704700384	94.8658
2 2 10			0.01		0.49		14.52		0.18478	0.6429	46.7739448495	44.8949
4 4 6			-0.18		0.31		17.72		0.18427	4.3817	57.0116572758	400.3855
6 0 6			0.02		0.33		17.36		0.18427	1.0815	60.1501886982	39.9969
2 6 10			0.01		0.34		17.12		0.18393	0.7069	72.0169435829	44.7171
0 0 10			0.01		0.36		16.88		0.18363	0.8316	38.8438017949	41.7013
7 3 3			-0.04		0.32		17.54		0.18361	1.9283	72.601334037	69.5466
0 0 16			0.02		0.34		17.21		0.18359	1.3342	64.286058028	116.6634
0 6 8			0.02		0.36		16.94		0.18355	0.7694	64.1950429677	5.6946
4 0 10			0.01		0.37		16.7		0.18331	0.6243	53.7713327333	45.2096
2 4 4			-0.03		0.33		17.31		0.18331	0.8182	43.1484985256	64.6996
0 0 8			-0.12		0.21		19.76		0.18331	2.1948	30.8548203523	183.9052
0 6 10			0.01		0.22		19.49		0.18308	0.8527	69.1637693973	8.5049
0 0 22			0.01		0.24		19.2		0.18302	2.2765	94.0325860765	137.6091
4 2 8			-0.0		0.24		19.26		0.18285	0.7605	51.4203212226	2.5419
0 4 10			0.01		0.25		19.0		0.18265	0.9893	53.7871001638	44.1425
0 0 20			0.02		0.27		18.7		0.18268	0.4542	83.3712939521	4.3689
1 5 9			0.01		0.27		18.58		0.1827	0.4394	58.984264935	17.7365
3 3 15			0.02		0.29		18.3		0.18269	0.3402	73.0835579415	3.8877
1 1 15			0.01		0.29		18.19		0.18283	0.656	61.3839959686	20.6242
2 4 6			0.01		0.31		17.94		0.18279	0.785	46.7364348384	64.2552
4 2 12			-0.0		0.31		17.97		0.18351	0.2244	63.468523569	4.7972
4 4 10			0.01		0.32		17.74		0.1834	0.6886	66.23802526	47.6672
4 0 4			-0.0		0.32		17.77		0.1835	1.2165	39.0343929222	79.1487
0 2 2			-0.0		0.32		17.79		0.18352	0.4614	19.2417464495	36.8131
3 5 9			0.0		0.32		17.72		0.18352	0.4755	65.0802252419	19.5165
2 4 0			0.0		0.32		17.67		0.18352	1.4359	40.0960076051	88.2765
1 3 1			0.01		0.34		17.44		0.18352	0.5324	28.3265170018	42.1271
2 0 2			-0.0		0.34		17.45		0.18354	0.6502	19.2320929378	35.9547
4 2 10			0.01		0.35		17.24		0.18347	1.1102	57.0442200735	11.3144
6 0 12			-0.02		0.33		17.53		0.18456	0.5892	74.995462768	0.9301
5 1 3			-0.04		0.29		18.22		0.18455	0.9592	47.5591860667	88.1873
1 1 1			0.01		0.31		17.99		0.18455	0.5749	13.0194761966	56.7652
2 4 10			0.01		0.32		17.78		0.18449	0.607	57.0555982332	12.0937
3 5 1			0.01		0.33		17.6		0.1845	0.5283	53.2544885252	31.9012
6 0 4			-0.01		0.32		17.77		0.18451	0.7069	57.1830782131	42.6751
1 1 13			0.01		0.33		17.62		0.18449	0.3722	52.9310122384	10.9703
2 2 6			-0.18		0.15		21.44		0.18427	8.3224	34.2684003079	615.2447
5 1 13			0.01		0.16		21.25		0.18423	0.4567	71.2764535317	11.3258
3 3 5			-0.0		0.15		21.33		0.18429	1.3995	42.8396693434	151.0913
6 4 4			-0.0		0.15		21.37		0.18429	0.6669	69.2748711385	33.991
3 3 13			0.01		0.16		21.17		0.18426	0.5636	65.4922780779	9.1158
3 3 1			0.01		0.17		20.97		0.18427	0.5106	38.1558496662	33.1617
1 3 3			-0.01		0.16		21.25		0.18427	0.7045	30.3940112777	66.1614
0 6 18			0.01		0.17		21.03		0.18437	0.7949	98.0280769063	1.8601
0 0 6			-0.15		0.02		24.78		0.18415	7.4326	23.0169618987	709.6598
5 1 1			0.01		0.03		24.55		0.18416	0.5346	46.1701152	26.7419
0 6 12			0.0		0.03		24.51		0.18464	0.3425	75.0250979777	1.887
0 6 16			-0.0		0.03		24.54		0.18444	0.4825	89.3859051251	7.6515
6 0 0			0.01		0.04		24.33		0.18444	0.7256	54.7363985401	55.434
0 2 18			0.01		0.05		24.09		0.18453	0.3755	76.3208597895	3.7538
4 6 2			0.01		0.06		23.85		0.18453	0.2349	67.657370766	5.5969
5 5 7			0.01		0.06		23.71		0.18467	0.6639	72.2860687267	4.3062
4 2 6			0.01		0.07		23.49		0.18465	1.6049	46.7233273538	62.1975
3 3 7			0.01		0.08		23.37		0.18481	0.1558	47.1418707618	3.5073