HKL Value		Reward		TotalReward	Chi Squared	Z Appr. 	Error	Two-Thetas	Sfs2
4 6 0			0.0		0.0		0.0		0.3	0.7863	67.1083315067	59.4729
6 4 0			0.0		0.0		0.05		0.3	1.8287	67.0910631577	58.6803
3 7 3			-0.99		-0.99		8.79		0.33334	0.8954	72.6346668965	71.6226
0 2 14			0.5		-0.49		5.86		0.3328	0.2479	58.6982494177	6.3292
3 7 1			0.09		-0.4		5.37		0.33251	1.2822	71.5694631273	22.2453
2 6 6			-0.81		-1.22		28.97		0.33275	5.383	63.2392339525	346.2148
1 3 3			0.06		-1.16		27.28		0.33277	0.7045	30.3940112777	66.1614
0 4 8			-0.41		-1.57		46.23		0.35305	4.1351	47.9021960727	235.0989
2 0 14			0.14		-1.42		40.46		0.35262	0.2634	58.6945218607	7.3942
4 2 8			0.12		-1.3		35.97		0.35297	0.7605	51.4203212226	2.5419
9 1 1			0.1		-1.2		32.81		0.3527	0.8793	87.9915459652	19.6393
5 5 1			0.08		-1.12		30.32		0.35241	0.5073	65.769247456	23.9531
6 0 2			0.08		-1.04		27.98		0.35256	0.2214	55.354768557	5.4487
7 3 1			0.07		-0.97		26.27		0.35229	0.5095	71.5359286583	22.1332
2 4 2			0.05		-0.92		24.97		0.35229	0.3828	40.8766170199	13.2501
7 1 1			0.04		-0.88		23.94		0.35201	0.5207	65.7483230412	25.2044
3 1 9			0.06		-0.81		22.48		0.3532	0.36	45.2950695798	8.7768
1 3 9			0.06		-0.75		21.2		0.35426	0.2622	45.3040218183	7.1674
0 6 2			0.05		-0.7		20.17		0.35437	0.2356	55.3895592761	6.1752
1 5 11			-0.11		-0.81		22.73		0.35819	1.8219	64.7342781598	204.7444
6 4 4			0.02		-0.79		22.3		0.35853	0.6669	69.2748711385	33.991
7 1 3			-0.01		-0.8		22.55		0.358	1.4031	66.8553232335	91.2915
3 3 15			0.04		-0.76		21.6		0.35817	0.3402	73.0835579415	3.8877
0 4 16			0.02		-0.74		21.13		0.36197	1.5557	75.7704700384	94.8658
0 2 20			0.04		-0.69		20.26		0.36227	0.4494	86.0769303832	2.8517
0 2 12			0.03		-0.67		19.71		0.36159	0.3827	50.6142203783	17.5707
5 1 5			-0.05		-0.72		20.8		0.36268	1.1901	50.2495039981	127.1383
1 1 15			0.02		-0.7		20.38		0.36295	0.656	61.3839959686	20.6242
6 4 2			0.03		-0.67		19.74		0.36296	0.2211	67.6401768609	4.8049
2 0 12			0.02		-0.64		19.28		0.3625	0.8079	50.6101057273	16.6151
2 6 2			-0.1		-0.74		21.38		0.36285	1.2892	58.5985395934	134.3564
3 5 9			0.02		-0.72		20.99		0.36234	0.4755	65.0802252419	19.5165
5 3 9			0.02		-0.7		20.63		0.36165	0.4833	65.0662013285	20.8409
0 4 20			0.03		-0.67		20.03		0.36253	1.027	94.1654323607	18.6345
3 3 13			0.03		-0.64		19.44		0.36249	0.5636	65.4922780779	9.1158
1 5 1			0.01		-0.63		19.23		0.36246	0.4978	46.196563203	27.3004
0 6 0			0.02		-0.61		18.88		0.36246	1.4277	54.7714555341	59.4019
5 1 9			0.02		-0.6		18.53		0.36219	0.4583	58.9619928854	19.0838
1 1 9			0.03		-0.57		18.05		0.36216	0.2216	37.1193146943	1.1702
2 6 8			-0.09		-0.66		19.78		0.3628	4.3291	67.1483383839	218.3417
1 5 9			0.02		-0.64		19.42		0.36255	0.4394	58.984264935	17.7365
2 6 4			-0.04		-0.68		20.18		0.36248	0.8772	60.3635846112	78.02
0 0 22			0.02		-0.65		19.75		0.36259	2.2765	94.0325860765	137.6091
3 3 9			0.02		-0.64		19.39		0.36242	0.3816	52.4524123761	12.0632
0 0 20			0.01		-0.62		19.16		0.36371	0.4542	83.3712939521	4.3689
4 2 14			0.02		-0.6		18.79		0.36361	1.2576	70.6282605877	19.9713
0 6 10			0.02		-0.59		18.48		0.3636	0.8527	69.1637693973	8.5049
3 1 13			0.02		-0.57		18.09		0.3636	0.3869	59.4126405656	11.7895
1 7 1			0.01		-0.56		17.95		0.36359	0.5219	65.7901743415	26.2984
5 3 3			-0.02		-0.58		18.35		0.36353	0.9351	54.4936931553	89.9375
0 2 16			0.02		-0.56		17.98		0.36359	1.8687	67.2407114996	13.8307
6 0 6			0.02		-0.54		17.71		0.3635	1.0815	60.1501886982	39.9969
4 0 10			-0.0		-0.54		17.73		0.36367	0.6243	53.7713327333	45.2096
0 0 2			-0.05		-0.6		18.73		0.36372	1.161	7.62646333295	98.931
0 0 16			0.01		-0.59		18.53		0.36407	1.3342	64.286058028	116.6634
6 2 8			-0.06		-0.65		19.73		0.3643	3.3751	67.1207225085	222.106
2 2 16			0.01		-0.63		19.45		0.36455	1.1693	70.1293332912	108.6018
6 0 8			0.01		-0.62		19.18		0.36446	2.9234	64.163237895	5.3359
4 2 6			0.01		-0.61		19.05		0.36434	1.6049	46.7233273538	62.1975
5 3 5			-0.02		-0.63		19.44		0.36451	2.2247	56.9473208346	134.0256
1 1 7			0.02		-0.62		19.14		0.36452	0.2012	29.7561292971	6.5386
6 0 10			0.01		-0.61		18.91		0.36452	1.0728	69.1331306246	8.9056
2 2 14			-0.01		-0.61		19.08		0.36425	1.0835	61.7979105177	101.9829
2 0 8			0.02		-0.6		18.79		0.36423	0.1665	35.7565424018	1.5727
2 4 6			0.01		-0.59		18.68		0.36411	0.785	46.7364348384	64.2552
2 4 14			0.01		-0.58		18.43		0.36404	0.5221	70.6383718296	19.4111
0 4 10			0.0		-0.58		18.41		0.36418	0.9893	53.7871001638	44.1425
0 6 6			0.01		-0.57		18.22		0.3641	1.0147	60.183190367	40.9583
2 2 10			-0.0		-0.57		18.22		0.36424	0.6429	46.7739448495	44.8949
2 6 10			0.0		-0.57		18.2		0.3644	0.7069	72.0169435829	44.7171
1 3 1			-0.0		-0.57		18.22		0.36438	0.5324	28.3265170018	42.1271
6 0 0			0.01		-0.56		18.03		0.36438	0.7256	54.7363985401	55.434
3 1 15			0.01		-0.55		17.82		0.3644	0.2871	67.3554895111	7.7692
0 0 10			0.0		-0.54		17.8		0.36454	0.8316	38.8438017949	41.7013
5 3 1			0.0		-0.54		17.75		0.36453	0.5252	53.2386121167	32.835
1 7 3			-0.01		-0.55		17.91		0.36449	0.9932	66.8968211493	90.2271
4 2 10			0.01		-0.54		17.76		0.36449	1.1102	57.0442200735	11.3144
1 5 5			-0.02		-0.56		18.11		0.36465	1.8923	50.2743192378	127.3636
4 4 10			-0.0		-0.56		18.12		0.36481	0.6886	66.23802526	47.6672
4 2 0			0.0		-0.56		18.05		0.36481	0.9287	40.0811891304	86.5118
0 2 10			0.0		-0.56		18.0		0.36481	0.4317	42.9590557724	21.0204
0 6 18			0.01		-0.54		17.79		0.36481	0.7949	98.0280769063	1.8601
2 4 10			0.01		-0.54		17.66		0.36481	0.607	57.0555982332	12.0937
4 2 12			0.01		-0.53		17.47		0.36478	0.2244	63.468523569	4.7972
2 0 10			0.0		-0.52		17.42		0.36477	0.6169	42.9543880851	20.236
0 2 18			0.01		-0.51		17.23		0.36479	0.3755	76.3208597895	3.7538
6 0 12			0.01		-0.5		17.03		0.36479	0.5892	74.995462768	0.9301
0 6 12			0.01		-0.49		16.85		0.36479	0.3425	75.0250979777	1.887
2 0 16			0.01		-0.48		16.66		0.36472	0.5935	67.2372591268	11.8907
0 4 12			-0.04		-0.52		17.4		0.36437	1.4889	60.4300914167	161.7651
0 6 8			0.01		-0.51		17.25		0.36429	0.7694	64.1950429677	5.6946
4 0 4			-0.02		-0.53		17.63		0.36427	1.2165	39.0343929222	79.1487
2 0 2			-0.01		-0.54		17.72		0.36427	0.6502	19.2320929378	35.9547
5 3 7			0.01		-0.53		17.55		0.36427	0.2523	60.5057581853	5.4388
3 5 11			-0.02		-0.55		17.93		0.36424	1.8915	70.5555824797	206.4699
2 2 12			-0.05		-0.6		18.89		0.36384	1.9766	54.0147953295	208.0279
1 1 1			-0.0		-0.6		18.95		0.36382	0.5749	13.0194761966	56.7652