HKL Value		Reward		TotalReward	Chi Squared	Z Appr. 	Error	Two-Thetas	Sfs2
4 6 0			0.0		0.0		0.0		0.3	0.7863	67.1083315067	59.4729
0 6 16			0.0		0.0		0.04		0.29974	0.4825	89.3859051251	7.6515
6 4 0			0.53		0.53		0.03		0.29974	1.8287	67.0910631577	58.6803
5 3 1			-0.99		-0.46		2.1		0.29949	0.5252	53.2386121167	32.835
0 2 14			-0.03		-0.49		2.17		0.29806	0.2479	58.6982494177	6.3292
2 0 0			-0.8		-1.3		11.01		0.29806	2.02	17.6289686615	175.6782
9 1 1			0.19		-1.11		9.25		0.29785	0.8793	87.9915459652	19.6393
0 2 20			0.16		-0.95		7.97		0.29598	0.4494	86.0769303832	2.8517
2 0 14			0.13		-0.82		7.08		0.29399	0.2634	58.6945218607	7.3942
1 5 9			-0.06		-0.88		7.54		0.29494	0.4394	58.984264935	17.7365
6 0 4			-0.1		-0.98		8.39		0.28544	0.7069	57.1830782131	42.6751
2 6 4			0.1		-0.88		7.63		0.28539	0.8772	60.3635846112	78.02
4 2 8			0.09		-0.79		7.02		0.28552	0.7605	51.4203212226	2.5419
6 2 0			-0.75		-1.55		28.19		0.28552	4.3933	57.9728440251	566.5186
5 5 1			0.08		-1.47		26.19		0.28549	0.5073	65.769247456	23.9531
3 7 1			0.07		-1.4		24.47		0.28546	1.2822	71.5694631273	22.2453
4 0 0			-0.54		-1.93		52.69		0.28546	8.3901	35.6934066618	787.9925
7 3 1			0.06		-1.87		49.61		0.28543	0.5095	71.5359286583	22.1332
4 6 6			0.04		-1.83		47.56		0.2864	1.1903	71.9781772466	41.9784
6 0 2			0.05		-1.77		45.09		0.28636	0.2214	55.354768557	5.4487
6 4 2			0.05		-1.72		42.84		0.28639	0.2211	67.6401768609	4.8049
4 4 10			0.04		-1.68		41.05		0.28504	0.6886	66.23802526	47.6672
3 1 15			0.05		-1.63		39.26		0.28461	0.2871	67.3554895111	7.7692
4 2 14			0.04		-1.59		37.58		0.28464	1.2576	70.6282605877	19.9713
0 6 2			0.04		-1.55		36.06		0.28463	0.2356	55.3895592761	6.1752
1 3 9			0.04		-1.51		34.67		0.28455	0.2622	45.3040218183	7.1674
5 1 13			0.04		-1.47		33.35		0.28479	0.4567	71.2764535317	11.3258
1 7 1			0.04		-1.43		32.23		0.28474	0.5219	65.7901743415	26.2984
3 1 9			0.03		-1.4		31.16		0.28466	0.36	45.2950695798	8.7768
2 6 10			0.03		-1.37		30.27		0.28395	0.7069	72.0169435829	44.7171
2 0 8			0.03		-1.33		29.28		0.28378	0.1665	35.7565424018	1.5727
0 0 6			-0.34		-1.68		44.47		0.28523	7.4326	23.0169618987	709.6598
3 3 9			0.03		-1.65		43.24		0.28514	0.3816	52.4524123761	12.0632
6 0 8			0.03		-1.62		42.0		0.2852	2.9234	64.163237895	5.3359
4 6 2			0.03		-1.59		40.77		0.2852	0.2349	67.657370766	5.5969
3 7 3			0.01		-1.58		40.52		0.28543	0.8954	72.6346668965	71.6226
2 4 2			0.03		-1.56		39.48		0.28541	0.3828	40.8766170199	13.2501
7 1 1			0.03		-1.53		38.48		0.28537	0.5207	65.7483230412	25.2044
1 5 5			-0.04		-1.57		40.15		0.28524	1.8923	50.2743192378	127.3636
4 2 2			0.02		-1.55		39.19		0.28521	0.457	40.8620305525	12.2524
0 4 6			-0.17		-1.71		47.1		0.28678	3.7688	42.9189471786	481.9509
0 4 0			-0.19		-1.91		58.26		0.28678	6.137	35.7152072575	818.959
0 6 18			0.01		-1.9		57.66		0.29284	0.7949	98.0280769063	1.8601
5 1 9			0.02		-1.88		56.61		0.29287	0.4583	58.9619928854	19.0838
0 2 2			0.02		-1.86		55.66		0.29283	0.4614	19.2417464495	36.8131
6 2 4			0.02		-1.84		54.46		0.29276	0.8727	60.3342977717	77.9073
5 3 9			0.02		-1.82		53.57		0.29274	0.4833	65.0662013285	20.8409
4 0 10			0.01		-1.81		52.96		0.29225	0.6243	53.7713327333	45.2096
0 2 16			0.02		-1.79		52.03		0.29229	1.8687	67.2407114996	13.8307
0 6 8			0.02		-1.77		50.99		0.29234	0.7694	64.1950429677	5.6946
0 6 0			0.02		-1.75		50.1		0.29234	1.4277	54.7714555341	59.4019
7 3 5			-0.01		-1.76		50.39		0.29231	1.0496	74.7140851895	88.0788
7 1 7			0.03		-1.73		48.92		0.31935	0.3505	72.2660298289	5.0526
2 0 10			0.02		-1.71		48.05		0.31925	0.6169	42.9543880851	20.236
2 2 12			0.01		-1.7		47.69		0.31964	1.9766	54.0147953295	208.0279
0 4 16			0.02		-1.69		46.83		0.31971	1.5557	75.7704700384	94.8658
2 0 4			-0.02		-1.7		47.61		0.31972	1.3874	23.4143586184	109.347
0 2 12			0.01		-1.69		46.99		0.31935	0.3827	50.6142203783	17.5707
0 6 4			0.01		-1.68		46.73		0.31935	0.6675	57.2171401797	42.9768
0 4 10			0.02		-1.67		45.96		0.31941	0.9893	53.7871001638	44.1425
1 1 9			0.01		-1.66		45.47		0.31908	0.2216	37.1193146943	1.1702
2 0 12			0.01		-1.64		44.92		0.31873	0.8079	50.6101057273	16.6151
2 0 16			0.01		-1.63		44.3		0.31895	0.5935	67.2372591268	11.8907
0 4 20			0.01		-1.62		43.71		0.31883	1.027	94.1654323607	18.6345
1 1 13			0.0		-1.61		43.62		0.31952	0.3722	52.9310122384	10.9703
6 0 10			0.02		-1.6		42.96		0.31957	1.0728	69.1331306246	8.9056
0 6 6			0.02		-1.58		42.31		0.31957	1.0147	60.183190367	40.9583
3 1 5			-0.04		-1.62		43.87		0.31961	2.8985	34.1781376955	186.2389
1 1 7			0.0		-1.62		43.75		0.32003	0.2012	29.7561292971	6.5386
1 5 13			0.01		-1.61		43.46		0.32048	1.1973	71.2966048402	12.6128
6 0 6			0.01		-1.59		42.85		0.32047	1.0815	60.1501886982	39.9969
3 3 5			-0.02		-1.62		43.88		0.32051	1.3995	42.8396693434	151.0913
2 2 10			0.01		-1.6		43.27		0.32052	0.6429	46.7739448495	44.8949
4 0 12			0.01		-1.59		42.83		0.32068	2.7435	60.4154589103	161.2613
0 0 16			0.01		-1.58		42.27		0.3206	1.3342	64.286058028	116.6634
1 3 7			0.0		-1.58		42.09		0.32091	0.1893	39.2755843192	5.3372
0 0 10			0.01		-1.56		41.53		0.32092	0.8316	38.8438017949	41.7013
0 6 10			0.01		-1.55		40.99		0.32093	0.8527	69.1637693973	8.5049
0 0 20			0.01		-1.54		40.49		0.32091	0.4542	83.3712939521	4.3689
1 5 1			0.01		-1.53		40.07		0.32091	0.4978	46.196563203	27.3004
0 0 22			0.01		-1.52		39.62		0.32084	2.2765	94.0325860765	137.6091
3 1 3			0.01		-1.51		39.38		0.32085	1.2003	30.3814370344	67.5761
3 3 15			0.01		-1.5		39.03		0.32057	0.3402	73.0835579415	3.8877
1 1 15			0.01		-1.49		38.62		0.32064	0.656	61.3839959686	20.6242
2 4 6			0.01		-1.48		38.16		0.32066	0.785	46.7364348384	64.2552
4 0 4			0.0		-1.47		37.99		0.32061	1.2165	39.0343929222	79.1487
3 5 1			0.01		-1.46		37.65		0.3206	0.5283	53.2544885252	31.9012
6 4 6			0.01		-1.46		37.31		0.32056	0.9247	71.9614498967	41.9809
3 5 9			0.01		-1.44		36.9		0.32054	0.4755	65.0802252419	19.5165
2 4 0			0.01		-1.44		36.64		0.32054	1.4359	40.0960076051	88.2765
0 0 12			-0.0		-1.44		36.75		0.32076	3.2426	47.0346015839	274.3783
2 0 2			0.01		-1.43		36.56		0.32075	0.6502	19.2320929378	35.9547
4 2 10			0.01		-1.42		36.16		0.32074	1.1102	57.0442200735	11.3144
5 1 1			0.01		-1.42		35.85		0.32073	0.5346	46.1701152	26.7419
0 4 2			-0.02		-1.44		36.59		0.32075	3.2657	36.5744795411	137.7475
1 1 1			0.01		-1.43		36.39		0.32074	0.5749	13.0194761966	56.7652
4 4 2			-0.02		-1.45		37.05		0.32075	1.2125	52.0311030722	128.6454
4 2 12			-0.0		-1.45		37.2		0.32023	0.2244	63.468523569	4.7972
6 0 12			-0.02		-1.47		37.9		0.31918	0.5892	74.995462768	0.9301