HKL Value		Reward		TotalReward	Chi Squared	Z Appr. 	Error	Two-Thetas	Sfs2
2 4 2			0.0		0.0		0.0		0.3	0.3828	40.8766170199	13.2501
4 4 4			0.0		0.0		2.83		0.27817	0.8476	53.9354251327	76.9211
5 1 7			0.5		0.5		1.89		0.2286	0.2609	54.1000446603	4.252
4 6 0			0.48		0.98		1.28		0.2286	0.7863	67.1083315067	59.4729
6 4 2			0.13		1.11		1.13		0.22477	0.2211	67.6401768609	4.8049
6 4 0			0.25		1.36		0.91		0.22477	1.8287	67.0910631577	58.6803
7 1 3			-0.93		0.43		12.59		0.2365	1.4031	66.8553232335	91.2915
0 2 14			0.16		0.59		10.82		0.23809	0.2479	58.6982494177	6.3292
9 1 1			0.1		0.69		9.82		0.23846	0.8793	87.9915459652	19.6393
2 0 6			-0.5		0.19		19.67		0.23699	1.6278	29.1406672869	128.8477
2 0 14			0.11		0.3		17.74		0.23813	0.2634	58.6945218607	7.3942
7 3 1			0.09		0.39		16.27		0.23831	0.5095	71.5359286583	22.1332
3 5 1			0.09		0.48		14.93		0.23826	0.5283	53.2544885252	31.9012
5 5 5			0.23		0.71		12.12		0.20447	1.5862	69.0631626084	104.8873
0 6 10			-0.03		0.69		12.47		0.21839	0.8527	69.1637693973	8.5049
5 5 1			0.04		0.72		12.0		0.21889	0.5073	65.769247456	23.9531
3 7 1			0.04		0.77		11.52		0.2193	1.2822	71.5694631273	22.2453
6 0 2			0.06		0.83		10.87		0.21936	0.2214	55.354768557	5.4487
3 1 15			0.05		0.87		10.38		0.21759	0.2871	67.3554895111	7.7692
0 6 2			0.05		0.92		9.87		0.21765	0.2356	55.3895592761	6.1752
3 1 1			0.05		0.97		9.4		0.21758	0.5239	28.3131072915	41.7464
3 1 9			-0.06		0.92		9.94		0.21437	0.36	45.2950695798	8.7768
1 3 9			-0.05		0.87		10.46		0.21151	0.2622	45.3040218183	7.1674
4 2 14			0.04		0.91		10.04		0.21168	1.2576	70.6282605877	19.9713
7 1 1			0.04		0.95		9.68		0.21176	0.5207	65.7483230412	25.2044
3 3 9			0.01		0.96		9.59		0.21063	0.3816	52.4524123761	12.0632
5 1 13			0.04		1.0		9.24		0.21033	0.4567	71.2764535317	11.3258
1 5 1			0.04		1.03		8.91		0.21036	0.4978	46.196563203	27.3004
4 2 2			0.02		1.06		8.7		0.21039	0.457	40.8620305525	12.2524
6 0 4			-0.04		1.01		9.1		0.21067	0.7069	57.1830782131	42.6751
0 2 16			0.0		1.02		9.06		0.21088	1.8687	67.2407114996	13.8307
0 4 20			0.02		1.04		8.85		0.21196	1.027	94.1654323607	18.6345
3 5 9			0.03		1.07		8.63		0.2118	0.4755	65.0802252419	19.5165
5 1 9			0.01		1.08		8.56		0.21147	0.4583	58.9619928854	19.0838
4 4 6			-0.46		0.61		15.88		0.21062	4.3817	57.0116572758	400.3855
5 3 9			0.03		0.64		15.44		0.21053	0.4833	65.0662013285	20.8409
6 0 8			0.03		0.67		15.05		0.21046	2.9234	64.163237895	5.3359
2 6 4			0.03		0.7		14.66		0.21051	0.8772	60.3635846112	78.02
1 7 1			0.03		0.72		14.3		0.21053	0.5219	65.7901743415	26.2984
0 6 0			0.01		0.73		14.1		0.21053	1.4277	54.7714555341	59.4019
0 2 20			0.02		0.76		13.77		0.2106	0.4494	86.0769303832	2.8517
6 0 10			-0.01		0.75		13.85		0.21138	1.0728	69.1331306246	8.9056
1 1 9			-0.02		0.73		14.19		0.21029	0.2216	37.1193146943	1.1702
0 6 6			-0.0		0.72		14.26		0.21006	1.0147	60.183190367	40.9583