HKL Value		Reward		TotalReward	Chi Squared	Z Appr. 	Error	Two-Thetas	Sfs2
3 1 7			0.0		0.0		0.0		0.3	0.257	39.2655360855	5.205
4 6 0			0.0		0.0		0.04		0.33762	0.7863	67.1083315067	59.4729
6 4 0			0.53		0.53		0.03		0.33762	1.8287	67.0910631577	58.6803
0 2 14			-0.9		-0.37		0.26		0.33402	0.2479	58.6982494177	6.3292
2 0 14			-0.05		-0.42		0.28		0.33321	0.2634	58.6945218607	7.3942
0 4 8			-0.98		-1.41		18.01		0.37948	4.1351	47.9021960727	235.0989
0 6 8			0.11		-1.3		16.23		0.38037	0.7694	64.1950429677	5.6946
6 4 2			0.15		-1.15		14.1		0.38048	0.2211	67.6401768609	4.8049
4 4 0			-0.73		-1.88		53.11		0.38048	4.9852	51.3853572345	648.027
1 5 3			0.04		-1.84		50.96		0.37943	0.9511	47.585042181	85.8034
2 0 0			0.01		-1.83		50.5		0.37943	2.02	17.6289686615	175.6782
4 6 2			0.1		-1.73		46.08		0.37958	0.2349	67.657370766	5.5969
6 0 2			0.09		-1.64		42.27		0.37969	0.2214	55.354768557	5.4487
0 6 4			0.04		-1.61		40.74		0.37956	0.6675	57.2171401797	42.9768
9 1 1			0.06		-1.54		38.29		0.37943	0.8793	87.9915459652	19.6393
0 6 2			0.07		-1.47		35.78		0.37957	0.2356	55.3895592761	6.1752
5 3 3			-0.02		-1.49		36.38		0.37799	0.9351	54.4936931553	89.9375
5 5 1			0.05		-1.44		34.69		0.37746	0.5073	65.769247456	23.9531
3 7 1			0.06		-1.38		32.63		0.36499	1.2822	71.5694631273	22.2453
1 3 13			0.06		-1.32		30.93		0.36423	0.3907	59.4200243294	11.5335
7 3 1			0.04		-1.28		29.72		0.36414	0.5095	71.5359286583	22.1332
0 6 10			0.04		-1.24		28.52		0.36408	0.8527	69.1637693973	8.5049
4 2 2			0.04		-1.2		27.55		0.36415	0.457	40.8620305525	12.2524
2 4 2			0.03		-1.17		26.68		0.36422	0.3828	40.8766170199	13.2501
3 1 15			0.04		-1.13		25.67		0.3644	0.2871	67.3554895111	7.7692
3 3 9			0.03		-1.1		24.86		0.36381	0.3816	52.4524123761	12.0632
1 3 9			0.04		-1.06		23.99		0.3633	0.2622	45.3040218183	7.1674
0 6 0			0.03		-1.04		23.34		0.3633	1.4277	54.7714555341	59.4019
1 7 7			0.03		-1.0		22.59		0.36339	0.4353	72.3061031614	6.1143
2 0 16			0.04		-0.97		21.81		0.36352	0.5935	67.2372591268	11.8907
3 1 9			0.03		-0.94		21.19		0.36314	0.36	45.2950695798	8.7768
7 1 1			0.02		-0.92		20.85		0.36307	0.5207	65.7483230412	25.2044
6 0 8			0.03		-0.89		20.28		0.36244	2.9234	64.163237895	5.3359
5 1 13			0.03		-0.86		19.67		0.36264	0.4567	71.2764535317	11.3258
5 1 9			0.02		-0.84		19.27		0.36196	0.4583	58.9619928854	19.0838
2 0 10			0.01		-0.83		19.09		0.36171	0.6169	42.9543880851	20.236
1 1 9			0.03		-0.8		18.56		0.36164	0.2216	37.1193146943	1.1702
1 7 1			0.01		-0.79		18.36		0.36155	0.5219	65.7901743415	26.2984
0 2 16			0.02		-0.77		17.92		0.36236	1.8687	67.2407114996	13.8307
2 2 14			-0.01		-0.78		18.08		0.36132	1.0835	61.7979105177	101.9829
0 2 20			0.02		-0.75		17.65		0.36162	0.4494	86.0769303832	2.8517
6 0 10			0.02		-0.73		17.33		0.36151	1.0728	69.1331306246	8.9056
0 4 10			-0.0		-0.74		17.39		0.36221	0.9893	53.7871001638	44.1425
4 2 8			0.02		-0.72		17.06		0.36176	0.7605	51.4203212226	2.5419
5 3 9			0.01		-0.71		16.87		0.36108	0.4833	65.0662013285	20.8409
4 2 14			0.02		-0.69		16.52		0.36079	1.2576	70.6282605877	19.9713
4 4 10			-0.01		-0.7		16.68		0.36167	0.6886	66.23802526	47.6672
1 1 13			0.02		-0.67		16.33		0.36193	0.3722	52.9310122384	10.9703
4 2 10			0.01		-0.66		16.12		0.36183	1.1102	57.0442200735	11.3144
3 3 13			0.02		-0.64		15.8		0.36188	0.5636	65.4922780779	9.1158
0 4 20			0.02		-0.62		15.5		0.36241	1.027	94.1654323607	18.6345
6 0 6			0.02		-0.61		15.26		0.36227	1.0815	60.1501886982	39.9969
1 1 15			0.01		-0.6		15.16		0.36239	0.656	61.3839959686	20.6242
0 4 12			-0.07		-0.67		16.27		0.36143	1.4889	60.4300914167	161.7651
3 1 3			-0.01		-0.68		16.43		0.36133	1.2003	30.3814370344	67.5761
0 0 20			0.0		-0.68		16.42		0.36307	0.4542	83.3712939521	4.3689
0 0 10			-0.0		-0.68		16.45		0.36322	0.8316	38.8438017949	41.7013
3 5 1			0.0		-0.67		16.39		0.36321	0.5283	53.2544885252	31.9012
2 0 12			0.01		-0.66		16.23		0.36311	0.8079	50.6101057273	16.6151
6 2 10			-0.0		-0.67		16.26		0.36327	0.7103	71.9901825081	43.9921
5 1 1			0.0		-0.66		16.19		0.36326	0.5346	46.1701152	26.7419
0 2 18			0.02		-0.65		15.95		0.36327	0.3755	76.3208597895	3.7538
0 6 16			0.02		-0.63		15.69		0.3632	0.4825	89.3859051251	7.6515
3 3 15			0.02		-0.62		15.45		0.36321	0.3402	73.0835579415	3.8877
0 0 22			0.01		-0.6		15.25		0.36323	2.2765	94.0325860765	137.6091
0 6 12			0.02		-0.59		15.02		0.36322	0.3425	75.0250979777	1.887
0 0 16			0.01		-0.58		14.93		0.36356	1.3342	64.286058028	116.6634
1 5 9			0.01		-0.57		14.8		0.36347	0.4394	58.984264935	17.7365
3 1 13			0.01		-0.56		14.58		0.36347	0.3869	59.4126405656	11.7895
0 6 6			0.01		-0.55		14.44		0.3634	1.0147	60.183190367	40.9583
0 2 8			0.01		-0.53		14.23		0.36339	0.1155	35.7619852008	1.7384
2 4 6			0.0		-0.53		14.19		0.36327	0.785	46.7364348384	64.2552
7 3 5			0.0		-0.53		14.18		0.36338	1.0496	74.7140851895	88.0788
2 2 10			-0.0		-0.53		14.25		0.36351	0.6429	46.7739448495	44.8949
0 2 10			0.0		-0.53		14.24		0.3635	0.4317	42.9590557724	21.0204
5 3 11			-0.03		-0.57		14.74		0.3635	1.8677	70.5420870211	204.0714
4 0 10			-0.0		-0.57		14.79		0.36363	0.6243	53.7713327333	45.2096
4 4 12			-0.03		-0.6		15.23		0.36331	1.9475	72.2035773977	130.2426