HKL Value		Reward		TotalReward	Chi Squared	Z Appr. 	Error	Two-Thetas	Sfs2
4 2 0			0.0		0.0		0.0		0.3	0.9287	40.0811891304	86.5118
4 4 0			0.0		0.0		338.99		0.3	4.9852	51.3853572345	648.027
4 6 0			1.0		1.0		169.51		0.3	0.7863	67.1083315067	59.4729
7 1 7			0.5		1.5		113.01		0.33601	0.3505	72.2660298289	5.0526
6 4 0			0.33		1.83		84.76		0.33601	1.8287	67.0910631577	58.6803
0 2 14			0.25		2.08		67.87		0.33355	0.2479	58.6982494177	6.3292
1 5 11			0.02		2.1		66.81		0.36387	1.8219	64.7342781598	204.7444
9 1 1			0.15		2.25		58.02		0.36369	0.8793	87.9915459652	19.6393
2 0 14			0.14		2.39		50.77		0.36351	0.2634	58.6945218607	7.3942
5 5 1			0.11		2.5		45.84		0.36335	0.5073	65.769247456	23.9531
3 7 1			0.09		2.59		41.92		0.36319	1.2822	71.5694631273	22.2453
7 3 1			0.08		2.68		38.71		0.36303	0.5095	71.5359286583	22.1332
2 2 8			-0.11		2.56		43.64		0.36581	1.8488	40.1384116224	216.1995
1 1 1			0.03		2.6		42.22		0.36561	0.5749	13.0194761966	56.7652
6 0 2			0.07		2.67		39.31		0.3657	0.2214	55.354768557	5.4487
4 0 14			0.0		2.67		39.15		0.36276	1.986	67.7459682929	124.3248
0 2 8			0.07		2.74		36.71		0.36264	0.1155	35.7619852008	1.7384
0 4 18			0.06		2.8		34.56		0.36275	0.8369	84.5238780681	17.4513
6 4 2			0.05		2.86		32.77		0.36277	0.2211	67.6401768609	4.8049
3 1 15			0.05		2.91		31.18		0.36301	0.2871	67.3554895111	7.7692
4 2 14			0.05		2.96		29.72		0.36252	1.2576	70.6282605877	19.9713
0 0 18			0.04		3.0		28.58		0.36296	0.6609	73.530655613	37.988
0 6 2			0.04		3.04		27.37		0.36304	0.2356	55.3895592761	6.1752
1 3 9			0.04		3.08		26.27		0.36257	0.2622	45.3040218183	7.1674
3 1 9			0.04		3.12		25.29		0.36197	0.36	45.2950695798	8.7768
7 1 1			0.02		3.15		24.69		0.36184	0.5207	65.7483230412	25.2044
3 3 9			0.03		3.18		23.88		0.36093	0.3816	52.4524123761	12.0632
2 4 2			0.03		3.21		23.29		0.36101	0.3828	40.8766170199	13.2501
4 2 2			0.03		3.23		22.71		0.36108	0.457	40.8620305525	12.2524
1 7 7			0.03		3.26		22.01		0.36114	0.4353	72.3061031614	6.1143
6 0 8			0.03		3.3		21.33		0.36036	2.9234	64.163237895	5.3359
5 1 9			0.03		3.32		20.76		0.35918	0.4583	58.9619928854	19.0838
5 3 9			0.02		3.35		20.31		0.35803	0.4833	65.0662013285	20.8409
2 4 0			0.01		3.36		20.11		0.35803	1.4359	40.0960076051	88.2765
2 4 8			0.03		3.38		19.54		0.35767	0.1687	51.4325245866	2.4593
0 2 16			0.02		3.4		19.15		0.35891	1.8687	67.2407114996	13.8307
1 7 1			0.01		3.42		18.92		0.3588	0.5219	65.7901743415	26.2984
0 2 20			0.03		3.44		18.44		0.35845	0.4494	86.0769303832	2.8517
0 6 8			0.03		3.47		17.96		0.35811	0.7694	64.1950429677	5.6946
0 6 0			0.02		3.49		17.67		0.35811	1.4277	54.7714555341	59.4019
2 6 4			-0.04		3.44		18.45		0.35773	0.8772	60.3635846112	78.02
3 7 5			-0.0		3.44		18.47		0.35941	1.0548	74.7470539899	89.5814
3 3 3			-0.01		3.44		18.6		0.35892	0.8081	39.7679129272	70.9373