HKL Value		Reward		TotalReward	Chi Squared	Z Appr. 	Error	Two-Thetas	Sfs2
3 1 7			0.0		0.0		0.0		0.3	0.257	39.2655360855	5.205
0 0 18			0.0		0.0		52.49		0.3188	0.6609	73.530655613	37.988
4 6 0			1.0		1.0		26.26		0.3188	0.7863	67.1083315067	59.4729
6 4 0			0.5		1.5		17.51		0.3188	1.8287	67.0910631577	58.6803
3 3 5			-0.59		0.91		42.36		0.31902	1.3995	42.8396693434	151.0913
0 2 14			0.19		1.1		35.68		0.31862	0.2479	58.6982494177	6.3292
2 0 14			0.16		1.26		30.75		0.31821	0.2634	58.6945218607	7.3942
4 6 2			0.16		1.42		26.47		0.31818	0.2349	67.657370766	5.5969
6 4 2			0.14		1.56		23.22		0.31816	0.2211	67.6401768609	4.8049
0 6 8			0.11		1.67		20.86		0.31829	0.7694	64.1950429677	5.6946
6 0 2			0.1		1.77		18.99		0.31827	0.2214	55.354768557	5.4487
0 2 16			0.07		1.85		17.67		0.31911	1.8687	67.2407114996	13.8307
1 7 5			-0.21		1.63		22.45		0.3193	1.0841	69.0835930101	99.7513
9 1 1			0.08		1.71		20.85		0.31926	0.8793	87.9915459652	19.6393
0 6 2			0.07		1.78		19.55		0.31924	0.2356	55.3895592761	6.1752
5 5 1			0.06		1.84		18.4		0.31921	0.5073	65.769247456	23.9531
0 2 22			-0.0		1.84		18.43		0.31895	1.8317	96.7387030121	97.213
6 0 0			0.05		1.88		17.62		0.31895	0.7256	54.7363985401	55.434
3 7 1			0.05		1.93		16.79		0.31892	1.2822	71.5694631273	22.2453
2 4 10			0.06		1.99		15.91		0.31892	0.607	57.0555982332	12.0937
7 3 1			0.04		2.03		15.24		0.3189	0.5095	71.5359286583	22.1332
0 6 10			0.05		2.08		14.56		0.31912	0.8527	69.1637693973	8.5049
4 2 2			0.03		2.11		14.16		0.31909	0.457	40.8620305525	12.2524
0 0 6			-0.51		1.6		28.99		0.31977	7.4326	23.0169618987	709.6598
3 1 15			0.04		1.64		27.8		0.31959	0.2871	67.3554895111	7.7692
2 4 2			0.03		1.67		26.94		0.31957	0.3828	40.8766170199	13.2501
4 2 4			-0.03		1.64		27.86		0.31957	0.7624	43.1345383828	64.2766
3 3 9			0.03		1.67		26.97		0.31932	0.3816	52.4524123761	12.0632
5 5 7			-0.02		1.65		27.52		0.32062	0.6639	72.2860687267	4.3062
1 3 9			0.02		1.67		26.99		0.32021	0.2622	45.3040218183	7.1674
0 6 0			0.03		1.7		26.31		0.32021	1.4277	54.7714555341	59.4019
0 4 2			-0.09		1.61		28.87		0.32026	3.2657	36.5744795411	137.7475
2 0 16			0.03		1.64		28.07		0.32058	0.5935	67.2372591268	11.8907
3 1 9			0.02		1.66		27.46		0.3203	0.36	45.2950695798	8.7768
1 3 1			0.02		1.67		27.06		0.32027	0.5324	28.3265170018	42.1271
6 0 8			0.03		1.7		26.33		0.32033	2.9234	64.163237895	5.3359
7 1 1			0.02		1.72		25.77		0.32031	0.5207	65.7483230412	25.2044
5 1 9			0.02		1.75		25.16		0.32015	0.4583	58.9619928854	19.0838
5 1 13			-0.0		1.75		25.19		0.32116	0.4567	71.2764535317	11.3258
1 1 9			0.0		1.75		25.15		0.32062	0.2216	37.1193146943	1.1702
2 0 10			0.02		1.77		24.62		0.32049	0.6169	42.9543880851	20.236
1 7 1			0.02		1.79		24.19		0.32047	0.5219	65.7901743415	26.2984
1 3 13			0.0		1.79		24.17		0.32127	0.3907	59.4200243294	11.5335
6 0 10			0.02		1.81		23.61		0.32128	1.0728	69.1331306246	8.9056
4 0 10			0.02		1.83		23.07		0.32128	0.6243	53.7713327333	45.2096
0 2 20			-0.02		1.82		23.46		0.32021	0.4494	86.0769303832	2.8517
0 4 10			0.02		1.84		22.95		0.32026	0.9893	53.7871001638	44.1425
4 2 8			0.0		1.84		22.85		0.32043	0.7605	51.4203212226	2.5419
5 3 9			0.02		1.87		22.38		0.32041	0.4833	65.0662013285	20.8409
4 2 14			0.02		1.88		21.97		0.32042	1.2576	70.6282605877	19.9713
0 0 12			-0.02		1.86		22.46		0.32087	3.2426	47.0346015839	274.3783
1 1 13			-0.0		1.86		22.46		0.32155	0.3722	52.9310122384	10.9703
2 2 10			0.02		1.88		22.03		0.32153	0.6429	46.7739448495	44.8949
2 2 6			-0.21		1.68		27.72		0.32173	8.3224	34.2684003079	615.2447
6 0 12			-0.06		1.61		29.58		0.31969	0.5892	74.995462768	0.9301
4 2 10			0.02		1.63		29.05		0.31968	1.1102	57.0442200735	11.3144
3 3 13			-0.01		1.62		29.29		0.32034	0.5636	65.4922780779	9.1158
0 4 20			0.01		1.64		28.93		0.32028	1.027	94.1654323607	18.6345
4 0 2			-0.04		1.59		30.27		0.3203	1.7854	36.5531212028	138.5255
6 2 10			0.02		1.61		29.76		0.32033	0.7103	71.9901825081	43.9921
4 4 0			-0.14		1.47		34.7		0.32033	4.9852	51.3853572345	648.027
6 0 6			0.02		1.48		34.14		0.32032	1.0815	60.1501886982	39.9969
4 4 10			0.02		1.5		33.59		0.32032	0.6886	66.23802526	47.6672
1 1 15			0.01		1.51		33.14		0.32041	0.656	61.3839959686	20.6242
0 0 20			0.02		1.53		32.64		0.32039	0.4542	83.3712939521	4.3689
3 3 3			0.01		1.53		32.45		0.3204	0.8081	39.7679129272	70.9373
3 3 7			-0.01		1.53		32.63		0.32085	0.1558	47.1418707618	3.5073
5 3 1			0.01		1.54		32.28		0.32084	0.5252	53.2386121167	32.835
2 0 12			0.01		1.55		32.09		0.32054	0.8079	50.6101057273	16.6151
3 3 11			-0.07		1.47		34.66		0.32056	2.1204	58.6030846927	249.5822
5 1 1			0.01		1.48		34.27		0.32056	0.5346	46.1701152	26.7419
3 5 1			0.01		1.49		33.9		0.32055	0.5283	53.2544885252	31.9012
0 6 14			0.01		1.5		33.55		0.32055	0.9096	81.7552219026	27.2955
0 0 10			0.01		1.52		33.1		0.32057	0.8316	38.8438017949	41.7013
1 1 17			-0.06		1.46		35.32		0.32049	2.447	70.2810461715	248.4175
0 6 16			0.01		1.47		34.95		0.32069	0.4825	89.3859051251	7.6515
0 0 16			0.01		1.48		34.51		0.32062	1.3342	64.286058028	116.6634
1 5 9			0.01		1.49		34.13		0.32055	0.4394	58.984264935	17.7365
0 0 22			0.01		1.5		33.74		0.32049	2.2765	94.0325860765	137.6091
0 6 6			0.01		1.51		33.31		0.32049	1.0147	60.183190367	40.9583
3 1 13			0.0		1.52		33.19		0.32084	0.3869	59.4126405656	11.7895
1 3 11			-0.08		1.44		35.92		0.32086	2.4293	52.0561920156	298.4303
2 4 6			0.01		1.45		35.49		0.32087	0.785	46.7364348384	64.2552
0 2 8			-0.01		1.44		36.01		0.32117	0.1155	35.7619852008	1.7384
0 6 4			0.0		1.44		35.96		0.32117	0.6675	57.2171401797	42.9768
6 2 0			-0.07		1.37		38.86		0.32117	4.3933	57.9728440251	566.5186
4 6 4			0.0		1.37		38.69		0.32117	1.0731	69.291881243	33.3045
5 1 7			0.0		1.37		38.54		0.32143	0.2609	54.1000446603	4.252
0 2 10			0.01		1.38		38.16		0.32138	0.4317	42.9590557724	21.0204
1 7 7			0.01		1.39		37.91		0.32155	0.4353	72.3061031614	6.1143
2 0 6			0.01		1.4		37.64		0.32159	1.6278	29.1406672869	128.8477
0 4 6			-0.06		1.34		39.91		0.32168	3.7688	42.9189471786	481.9509
2 4 8			0.01		1.35		39.65		0.32177	0.1687	51.4325245866	2.4593
1 3 15			0.01		1.36		39.25		0.32167	0.2862	67.3623786269	8.1809
4 4 12			0.01		1.37		38.84		0.32167	1.9475	72.2035773977	130.2426
2 6 10			0.01		1.38		38.43		0.32167	0.7069	72.0169435829	44.7171
3 3 15			0.01		1.39		38.18		0.32137	0.3402	73.0835579415	3.8877
0 4 16			0.01		1.4		37.79		0.32136	1.5557	75.7704700384	94.8658
0 2 12			0.0		1.4		37.6		0.32116	0.3827	50.6142203783	17.5707
4 2 12			-0.01		1.4		37.79		0.32069	0.2244	63.468523569	4.7972
1 1 7			0.0		1.4		37.72		0.32089	0.2012	29.7561292971	6.5386
2 0 8			-0.01		1.39		38.18		0.32113	0.1665	35.7565424018	1.5727