HKL Value		Reward		TotalReward	Chi Squared	Z Appr. 	Error	Two-Thetas	Sfs2
3 1 7			0.0		0.0		0.0		0.3	0.257	39.2655360855	5.205
4 6 0			0.0		0.0		0.04		0.33762	0.7863	67.1083315067	59.4729
6 4 0			0.53		0.53		0.03		0.33762	1.8287	67.0910631577	58.6803
2 6 0			-1.0		-0.47		91.87		0.33762	4.3567	58.0028534629	558.9791
4 4 0			-0.39		-0.86		150.45		0.33762	4.9852	51.3853572345	648.027
0 4 8			0.09		-0.77		137.63		0.37532	4.1351	47.9021960727	235.0989
3 7 3			0.15		-0.62		119.4		0.37309	0.8954	72.6346668965	71.6226
0 2 14			0.16		-0.46		102.79		0.37118	0.2479	58.6982494177	6.3292
2 0 14			0.14		-0.32		90.23		0.36769	0.2634	58.6945218607	7.3942
0 6 8			0.12		-0.2		80.77		0.36582	0.7694	64.1950429677	5.6946
3 5 3			0.06		-0.14		76.33		0.36484	0.9259	54.5093201099	87.7589
6 4 2			0.1		-0.04		69.59		0.36491	0.2211	67.6401768609	4.8049
9 1 1			0.08		0.04		64.23		0.36474	0.8793	87.9915459652	19.6393
6 0 2			0.08		0.12		59.41		0.3649	0.2214	55.354768557	5.4487
6 2 10			0.06		0.18		55.87		0.3781	0.7103	71.9901825081	43.9921
0 6 2			0.07		0.25		52.19		0.37826	0.2356	55.3895592761	6.1752
0 0 22			0.05		0.31		49.48		0.36612	2.2765	94.0325860765	137.6091
4 6 2			0.06		0.37		46.73		0.36614	0.2349	67.657370766	5.5969
4 2 10			0.05		0.42		44.5		0.36624	1.1102	57.0442200735	11.3144
3 7 1			0.05		0.46		42.53		0.36614	1.2822	71.5694631273	22.2453
5 5 1			0.04		0.51		40.73		0.36603	0.5073	65.769247456	23.9531
2 2 16			0.05		0.56		38.84		0.36691	1.1693	70.1293332912	108.6018
7 3 1			0.04		0.6		37.38		0.36684	0.5095	71.5359286583	22.1332
2 4 2			0.04		0.63		36.09		0.36691	0.3828	40.8766170199	13.2501
0 6 10			0.04		0.67		34.77		0.36703	0.8527	69.1637693973	8.5049
4 2 2			0.03		0.7		33.65		0.36709	0.457	40.8620305525	12.2524
4 2 14			0.03		0.74		32.56		0.36628	1.2576	70.6282605877	19.9713
3 1 15			0.04		0.77		31.43		0.3663	0.2871	67.3554895111	7.7692
1 3 9			0.03		0.81		30.43		0.36611	0.2622	45.3040218183	7.1674
3 3 9			0.03		0.83		29.59		0.3658	0.3816	52.4524123761	12.0632
0 6 0			0.03		0.86		28.82		0.3658	1.4277	54.7714555341	59.4019
2 0 16			0.03		0.89		27.92		0.36516	0.5935	67.2372591268	11.8907
7 1 1			0.02		0.91		27.38		0.36511	0.5207	65.7483230412	25.2044
3 1 9			0.03		0.94		26.67		0.36491	0.36	45.2950695798	8.7768
5 1 9			0.02		0.96		26.13		0.36445	0.4583	58.9619928854	19.0838
0 4 4			-0.03		0.93		26.84		0.36434	0.8482	39.0545896029	78.0016
4 2 6			0.02		0.95		26.4		0.36373	1.6049	46.7233273538	62.1975
4 4 4			-0.03		0.92		27.08		0.36361	0.8476	53.9354251327	76.9211
6 0 8			0.02		0.95		26.45		0.36319	2.9234	64.163237895	5.3359
6 0 6			0.02		0.97		25.87		0.36281	1.0815	60.1501886982	39.9969
2 0 10			0.01		0.98		25.56		0.36267	0.6169	42.9543880851	20.236
4 0 8			-0.07		0.91		27.54		0.36385	2.9483	47.8850437629	244.3799
0 0 2			-0.04		0.88		28.57		0.36404	1.161	7.62646333295	98.931
2 0 4			-0.03		0.84		29.58		0.36417	1.3874	23.4143586184	109.347