HKL Value		Reward		TotalReward	Chi Squared	Z Appr. 	Error	Two-Thetas	Sfs2
4 4 6			0.0		0.0		0.0		0.3	4.3817	57.0116572758	400.3855
3 5 3			0.0		0.0		177.3		0.33333	0.9259	54.5093201099	87.7589
4 2 6			1.0		1.0		88.66		0.33333	1.6049	46.7233273538	62.1975
3 3 1			0.42		1.42		62.49		0.33252	0.5106	38.1558496662	33.1617
4 0 14			0.0		1.42		62.45		0.34955	1.986	67.7459682929	124.3248
5 5 1			0.23		1.64		50.97		0.34937	0.5073	65.769247456	23.9531
4 6 0			0.2		1.84		42.49		0.34937	0.7863	67.1083315067	59.4729
4 0 6			-0.42		1.43		72.67		0.34524	5.3963	42.900258124	488.2208
0 2 14			0.14		1.57		63.77		0.34624	0.2479	58.6982494177	6.3292
6 4 0			0.12		1.69		56.68		0.34624	1.8287	67.0910631577	58.6803
2 0 12			0.09		1.78		51.96		0.34973	0.8079	50.6101057273	16.6151
7 1 1			0.08		1.87		48.07		0.34966	0.5207	65.7483230412	25.2044
0 6 0			0.08		1.94		44.61		0.34966	1.4277	54.7714555341	59.4019
6 0 8			0.08		2.02		41.26		0.34987	2.9234	64.163237895	5.3359
1 3 9			0.07		2.09		38.62		0.35081	0.2622	45.3040218183	7.1674
5 1 9			0.07		2.16		36.06		0.35098	0.4583	58.9619928854	19.0838
0 2 12			0.06		2.23		33.9		0.35158	0.3827	50.6142203783	17.5707
3 5 1			0.04		2.27		32.63		0.35153	0.5283	53.2544885252	31.9012
2 4 14			0.06		2.32		30.91		0.35174	0.5221	70.6383718296	19.4111
3 1 9			0.05		2.38		29.34		0.35198	0.36	45.2950695798	8.7768
4 0 10			0.0		2.38		29.23		0.35206	0.6243	53.7713327333	45.2096
2 0 16			0.04		2.42		28.16		0.35191	0.5935	67.2372591268	11.8907
0 2 18			0.05		2.46		26.89		0.35211	0.3755	76.3208597895	3.7538
5 1 3			0.01		2.47		26.71		0.35203	0.9592	47.5591860667	88.1873
2 4 2			0.03		2.5		25.94		0.35203	0.3828	40.8766170199	13.2501
2 0 14			0.04		2.54		24.9		0.35203	0.2634	58.6945218607	7.3942
1 1 9			0.03		2.58		24.1		0.35251	0.2216	37.1193146943	1.1702
5 1 1			0.02		2.6		23.6		0.35248	0.5346	46.1701152	26.7419
6 4 2			0.03		2.63		22.84		0.35247	0.2211	67.6401768609	4.8049
0 0 20			-0.11		2.52		25.56		0.36157	0.4542	83.3712939521	4.3689
1 5 1			0.02		2.54		25.11		0.36155	0.4978	46.196563203	27.3004
0 6 8			0.03		2.57		24.35		0.36145	0.7694	64.1950429677	5.6946
3 1 13			0.03		2.6		23.62		0.36156	0.3869	59.4126405656	11.7895
0 4 20			0.03		2.63		22.96		0.36193	1.027	94.1654323607	18.6345
1 3 1			0.0		2.64		22.86		0.36192	0.5324	28.3265170018	42.1271
4 4 12			-0.02		2.61		23.42		0.36146	1.9475	72.2035773977	130.2426
4 2 12			0.03		2.64		22.8		0.3614	0.2244	63.468523569	4.7972
3 7 1			0.02		2.66		22.36		0.36139	1.2822	71.5694631273	22.2453
1 7 1			0.01		2.67		22.06		0.36138	0.5219	65.7901743415	26.2984
0 6 2			0.02		2.7		21.56		0.36139	0.2356	55.3895592761	6.1752
0 4 16			0.02		2.71		21.19		0.36177	1.5557	75.7704700384	94.8658
5 3 7			0.02		2.74		20.72		0.36177	0.2523	60.5057581853	5.4388
0 6 12			0.02		2.76		20.23		0.36175	0.3425	75.0250979777	1.887
4 2 8			0.02		2.78		19.82		0.36165	0.7605	51.4203212226	2.5419
6 0 12			0.02		2.8		19.37		0.36165	0.5892	74.995462768	0.9301
2 4 12			0.02		2.83		18.97		0.3616	0.2205	63.4791913795	4.8908
6 2 0			-0.23		2.59		24.69		0.3616	4.3933	57.9728440251	566.5186
4 0 12			-0.04		2.56		25.68		0.36111	2.7435	60.4154589103	161.2613
2 2 4			-0.02		2.54		26.19		0.36108	0.7551	29.4672289371	73.6026