HKL Value		Reward		TotalReward	Chi Squared	Z Appr. 	Error	Two-Thetas	Sfs2
3 3 7			0.0		0.0		0.0		0.3	0.1558	47.1418707618	3.5073
4 6 0			0.0		0.0		0.04		0.34068	0.7863	67.1083315067	59.4729
6 4 0			0.53		0.53		0.03		0.34068	1.8287	67.0910631577	58.6803
0 2 14			-0.95		-0.43		0.61		0.33498	0.2479	58.6982494177	6.3292
9 1 1			-0.49		-0.92		1.18		0.33472	0.8793	87.9915459652	19.6393
1 3 1			-0.71		-1.63		4.1		0.3343	0.5324	28.3265170018	42.1271
2 0 14			0.18		-1.45		3.49		0.33343	0.2634	58.6945218607	7.3942
6 4 2			0.1		-1.36		3.18		0.33335	0.2211	67.6401768609	4.8049
0 6 10			-0.05		-1.41		3.36		0.33311	0.8527	69.1637693973	8.5049
6 0 2			0.02		-1.38		3.28		0.33309	0.2214	55.354768557	5.4487
5 5 1			-0.01		-1.39		3.3		0.33295	0.5073	65.769247456	23.9531
3 7 1			-0.02		-1.41		3.36		0.33281	1.2822	71.5694631273	22.2453
7 3 1			-0.01		-1.42		3.4		0.33269	0.5095	71.5359286583	22.1332
0 6 2			0.01		-1.41		3.38		0.33266	0.2356	55.3895592761	6.1752
1 3 9			-0.41		-1.82		5.72		0.33185	0.2622	45.3040218183	7.1674
4 2 14			-0.02		-1.84		5.83		0.32969	1.2576	70.6282605877	19.9713
3 1 15			-0.12		-1.96		6.62		0.32246	0.2871	67.3554895111	7.7692