HKL Value		Reward		TotalReward	Chi Squared	Z Appr. 	Error	Two-Thetas	Sfs2
4 2 6			0.0		0.0		0.0		0.3	1.6049	46.7233273538	62.1975
4 0 10			0.0		0.0		0.29		0.32161	0.6243	53.7713327333	45.2096
1 5 7			-0.95		-0.95		5.6		0.3284	0.6035	54.1236034243	4.2528
4 6 2			0.33		-0.62		4.21		0.32823	0.2349	67.657370766	5.5969
5 1 1			-0.19		-0.81		5.19		0.32797	0.5346	46.1701152	26.7419
4 6 0			0.25		-0.56		4.16		0.32797	0.7863	67.1083315067	59.4729
0 2 14			0.09		-0.47		3.81		0.33027	0.2479	58.6982494177	6.3292
0 6 0			-0.09		-0.56		4.19		0.33027	1.4277	54.7714555341	59.4019
2 6 6			-0.78		-1.34		19.15		0.33085	5.383	63.2392339525	346.2148
3 1 11			-0.48		-1.82		37.01		0.35604	2.3814	52.0481274199	292.2152
1 7 3			0.03		-1.79		35.91		0.35495	0.9932	66.8968211493	90.2271
3 5 1			0.06		-1.73		33.79		0.35461	0.5283	53.2544885252	31.9012
0 2 18			0.09		-1.64		30.99		0.35393	0.3755	76.3208597895	3.7538
2 4 2			0.06		-1.58		29.23		0.35397	0.3828	40.8766170199	13.2501
2 0 16			0.06		-1.52		27.66		0.35397	0.5935	67.2372591268	11.8907
7 1 1			0.05		-1.48		26.45		0.35365	0.5207	65.7483230412	25.2044
3 3 9			0.07		-1.41		24.8		0.35362	0.3816	52.4524123761	12.0632
0 6 8			0.06		-1.35		23.35		0.35393	0.7694	64.1950429677	5.6946
0 2 12			0.06		-1.29		22.05		0.35392	0.3827	50.6142203783	17.5707
2 0 12			0.06		-1.23		20.89		0.35403	0.8079	50.6101057273	16.6151
6 4 0			0.05		-1.18		19.85		0.35403	1.8287	67.0910631577	58.6803
1 3 9			0.05		-1.13		18.93		0.35439	0.2622	45.3040218183	7.1674
6 0 8			0.05		-1.08		18.07		0.35444	2.9234	64.163237895	5.3359
0 4 10			-0.02		-1.1		18.4		0.35475	0.9893	53.7871001638	44.1425
1 1 9			0.04		-1.06		17.67		0.35528	0.2216	37.1193146943	1.1702
2 4 12			0.04		-1.02		17.0		0.35586	0.2205	63.4791913795	4.8908
3 3 5			-0.1		-1.12		18.92		0.35717	1.3995	42.8396693434	151.0913
3 1 9			0.04		-1.09		18.23		0.35694	0.36	45.2950695798	8.7768
5 1 9			0.03		-1.05		17.63		0.35652	0.4583	58.9619928854	19.0838
2 4 14			0.03		-1.02		17.04		0.35654	0.5221	70.6383718296	19.4111
0 4 16			-0.01		-1.02		17.13		0.35973	1.5557	75.7704700384	94.8658
6 2 4			-0.06		-1.08		18.17		0.35949	0.8727	60.3342977717	77.9073
0 0 20			0.0		-1.08		18.12		0.36369	0.4542	83.3712939521	4.3689
5 5 1			0.02		-1.06		17.77		0.36367	0.5073	65.769247456	23.9531
0 6 16			0.03		-1.03		17.26		0.36347	0.4825	89.3859051251	7.6515
1 3 1			-0.0		-1.03		17.33		0.36346	0.5324	28.3265170018	42.1271
0 0 4			-0.04		-1.07		18.01		0.36343	0.8482	15.2869714585	59.1035
1 5 1			0.01		-1.06		17.85		0.36341	0.4978	46.196563203	27.3004
6 4 2			0.02		-1.04		17.44		0.36341	0.2211	67.6401768609	4.8049
2 0 2			-0.01		-1.05		17.66		0.36341	0.6502	19.2320929378	35.9547
3 7 1			0.02		-1.03		17.39		0.36339	1.2822	71.5694631273	22.2453
0 4 20			0.02		-1.01		16.96		0.3634	1.027	94.1654323607	18.6345
4 2 12			0.02		-0.99		16.6		0.36335	0.2244	63.468523569	4.7972
9 1 1			0.02		-0.97		16.34		0.36334	0.8793	87.9915459652	19.6393
1 7 1			0.01		-0.96		16.22		0.36332	0.5219	65.7901743415	26.2984
4 0 4			-0.05		-1.01		17.01		0.36329	1.2165	39.0343929222	79.1487
6 2 6			-0.17		-1.18		20.45		0.36281	3.9921	63.2107357729	344.5633
6 0 0			0.02		-1.16		20.11		0.36281	0.7256	54.7363985401	55.434
2 0 14			0.02		-1.14		19.7		0.36281	0.2634	58.6945218607	7.3942
7 3 5			0.01		-1.13		19.57		0.36297	1.0496	74.7140851895	88.0788
0 6 2			0.02		-1.11		19.22		0.36297	0.2356	55.3895592761	6.1752
0 6 12			0.02		-1.1		18.85		0.36296	0.3425	75.0250979777	1.887
6 0 12			0.02		-1.08		18.49		0.36296	0.5892	74.995462768	0.9301
1 1 5			-0.09		-1.16		20.22		0.36329	1.9661	22.8949597146	247.5537
6 0 6			0.02		-1.15		19.92		0.36319	1.0815	60.1501886982	39.9969
0 2 22			0.0		-1.15		19.89		0.36323	1.8317	96.7387030121	97.213
7 3 1			0.01		-1.13		19.66		0.36322	0.5095	71.5359286583	22.1332
3 7 5			0.01		-1.13		19.56		0.36336	1.0548	74.7470539899	89.5814
5 3 7			0.02		-1.11		19.25		0.36338	0.2523	60.5057581853	5.4388
0 4 4			-0.03		-1.14		19.78		0.36335	0.8482	39.0545896029	78.0016
4 2 8			0.01		-1.13		19.52		0.36323	0.7605	51.4203212226	2.5419
0 0 16			0.01		-1.12		19.35		0.36364	1.3342	64.286058028	116.6634
6 2 10			0.0		-1.11		19.32		0.36383	0.7103	71.9901825081	43.9921
0 2 2			-0.01		-1.12		19.43		0.36383	0.4614	19.2417464495	36.8131
2 4 8			0.01		-1.11		19.2		0.36369	0.1687	51.4325245866	2.4593
5 1 13			0.02		-1.09		18.91		0.36367	0.4567	71.2764535317	11.3258
4 0 12			-0.05		-1.14		19.82		0.36323	2.7435	60.4154589103	161.2613
3 1 7			0.01		-1.13		19.54		0.36323	0.257	39.2655360855	5.205
3 3 15			0.01		-1.11		19.27		0.36326	0.3402	73.0835579415	3.8877
5 3 9			0.01		-1.1		19.14		0.36316	0.4833	65.0662013285	20.8409
3 1 1			-0.0		-1.1		19.14		0.36314	0.5239	28.3131072915	41.7464
6 2 0			-0.16		-1.27		22.85		0.36314	4.3933	57.9728440251	566.5186
0 2 8			0.01		-1.25		22.53		0.36313	0.1155	35.7619852008	1.7384
1 3 3			-0.0		-1.25		22.56		0.36308	0.7045	30.3940112777	66.1614
1 5 9			0.01		-1.24		22.33		0.36298	0.4394	58.984264935	17.7365
2 2 0			-0.27		-1.52		30.7		0.36298	11.1953	25.0390113278	1035.9387
1 3 15			0.01		-1.5		30.33		0.36301	0.2862	67.3623786269	8.1809
5 5 5			0.0		-1.5		30.19		0.36316	1.5862	69.0631626084	104.8873
1 3 7			0.01		-1.49		29.82		0.36316	0.1893	39.2755843192	5.3372
5 3 1			0.01		-1.48		29.62		0.36315	0.5252	53.2386121167	32.835
1 1 1			0.0		-1.48		29.56		0.36313	0.5749	13.0194761966	56.7652
6 0 4			0.0		-1.48		29.48		0.36315	0.7069	57.1830782131	42.6751
1 1 13			0.01		-1.46		29.12		0.36315	0.3722	52.9310122384	10.9703
4 6 6			0.01		-1.45		28.77		0.36315	1.1903	71.9781772466	41.9784
1 3 13			0.01		-1.44		28.43		0.36316	0.3907	59.4200243294	11.5335
0 6 10			0.01		-1.43		28.15		0.36315	0.8527	69.1637693973	8.5049
4 2 0			0.01		-1.42		27.97		0.36315	0.9287	40.0811891304	86.5118
3 3 7			0.01		-1.41		27.66		0.36315	0.1558	47.1418707618	3.5073
3 5 7			0.01		-1.4		27.36		0.36315	0.2309	60.5203777188	5.6046
1 7 7			0.01		-1.39		27.08		0.36316	0.4353	72.3061031614	6.1143
3 5 5			-0.01		-1.4		27.27		0.36335	1.2751	56.9624934876	133.7285
0 4 6			-0.1		-1.49		30.21		0.36295	3.7688	42.9189471786	481.9509
3 3 13			0.01		-1.48		29.88		0.36292	0.5636	65.4922780779	9.1158
3 5 11			-0.01		-1.49		30.13		0.36294	1.8915	70.5555824797	206.4699
0 6 14			0.01		-1.48		29.85		0.36287	0.9096	81.7552219026	27.2955
0 6 18			0.01		-1.47		29.55		0.36287	0.7949	98.0280769063	1.8601
6 4 6			0.01		-1.46		29.24		0.36287	0.9247	71.9614498967	41.9809
2 4 10			0.01		-1.45		29.01		0.36284	0.607	57.0555982332	12.0937
1 1 15			0.01		-1.45		28.81		0.36289	0.656	61.3839959686	20.6242
6 2 2			-0.02		-1.47		29.36		0.36295	3.3001	58.5687226088	135.1206
2 6 10			0.0		-1.46		29.25		0.36307	0.7069	72.0169435829	44.7171
1 1 3			0.0		-1.46		29.12		0.36305	0.4514	16.9416048235	36.8187