HKL Value		Reward		TotalReward	Chi Squared	Z Appr. 	Error	Two-Thetas	Sfs2
4 2 6			0.0		0.0		0.0		0.3	1.6049	46.7233273538	62.1975
4 6 0			0.0		0.0		0.04		0.32884	0.7863	67.1083315067	59.4729
0 2 14			0.66		0.66		0.03		0.33277	0.2479	58.6982494177	6.3292
4 6 6			-0.99		-0.33		4.9		0.33255	1.1903	71.9781772466	41.9784
6 4 0			0.33		-0.0		3.68		0.33255	1.8287	67.0910631577	58.6803
2 0 12			2.16		2.16		1.16		0.31136	0.8079	50.6101057273	16.6151
5 5 1			-0.07		2.09		1.25		0.31126	0.5073	65.769247456	23.9531
1 3 9			0.15		2.24		1.09		0.31103	0.2622	45.3040218183	7.1674
6 0 8			-0.21		2.03		1.37		0.31092	2.9234	64.163237895	5.3359
6 2 10			-0.5		1.53		2.77		0.31346	0.7103	71.9901825081	43.9921
5 1 9			0.11		1.64		2.5		0.31353	0.4583	58.9619928854	19.0838
0 2 12			0.1		1.73		2.28		0.31336	0.3827	50.6142203783	17.5707
3 1 9			0.08		1.81		2.11		0.31319	0.36	45.2950695798	8.7768
1 7 7			-0.63		1.18		5.74		0.316	0.4353	72.3061031614	6.1143
7 1 1			0.0		1.18		5.73		0.31596	0.5207	65.7483230412	25.2044
2 4 14			0.02		1.21		5.59		0.31618	0.5221	70.6383718296	19.4111
6 4 2			0.06		1.27		5.26		0.31616	0.2211	67.6401768609	4.8049
2 0 16			-0.08		1.19		5.7		0.31706	0.5935	67.2372591268	11.8907
1 1 9			-0.03		1.16		5.86		0.31615	0.2216	37.1193146943	1.1702
0 6 8			0.03		1.19		5.69		0.31623	0.7694	64.1950429677	5.6946
0 0 8			-0.57		0.62		13.38		0.31623	2.1948	30.8548203523	183.9052
4 2 12			0.0		0.62		13.33		0.31482	0.2244	63.468523569	4.7972
0 2 10			0.05		0.67		12.74		0.31473	0.4317	42.9590557724	21.0204
0 6 10			0.02		0.69		12.49		0.31526	0.8527	69.1637693973	8.5049
6 0 0			0.03		0.72		12.16		0.31526	0.7256	54.7363985401	55.434
7 3 5			-0.14		0.57		14.2		0.31534	1.0496	74.7140851895	88.0788
0 6 0			0.02		0.59		13.91		0.31534	1.4277	54.7714555341	59.4019
0 4 20			0.03		0.63		13.44		0.31505	1.027	94.1654323607	18.6345
1 3 11			-0.39		0.24		22.01		0.31494	2.4293	52.0561920156	298.4303
3 7 5			-0.06		0.18		23.48		0.31501	1.0548	74.7470539899	89.5814
2 4 2			0.03		0.2		22.89		0.315	0.3828	40.8766170199	13.2501
0 2 0			-0.03		0.17		23.69		0.315	1.4407	17.6394681947	177.2483
0 6 2			0.03		0.2		23.02		0.31499	0.2356	55.3895592761	6.1752
0 0 22			0.03		0.22		22.44		0.31527	2.2765	94.0325860765	137.6091
2 0 14			0.03		0.25		21.86		0.31507	0.2634	58.6945218607	7.3942
1 5 13			-0.05		0.2		22.91		0.31672	1.1973	71.2966048402	12.6128
6 0 6			0.03		0.23		22.28		0.31671	1.0815	60.1501886982	39.9969
6 0 10			0.02		0.26		21.76		0.31697	1.0728	69.1331306246	8.9056
6 4 6			0.02		0.28		21.33		0.31683	0.9247	71.9614498967	41.9809
4 6 2			0.03		0.3		20.8		0.31682	0.2349	67.657370766	5.5969
0 4 18			0.01		0.31		20.68		0.31571	0.8369	84.5238780681	17.4513
9 1 1			0.02		0.33		20.21		0.3157	0.8793	87.9915459652	19.6393
0 4 16			0.02		0.35		19.84		0.31583	1.5557	75.7704700384	94.8658
0 2 20			0.02		0.37		19.44		0.31549	0.4494	86.0769303832	2.8517
6 2 4			0.0		0.37		19.39		0.31538	0.8727	60.3342977717	77.9073
3 3 15			0.02		0.4		18.96		0.31539	0.3402	73.0835579415	3.8877
1 5 1			0.01		0.41		18.7		0.31539	0.4978	46.196563203	27.3004
6 0 12			-0.01		0.4		18.89		0.31441	0.5892	74.995462768	0.9301
3 7 1			0.02		0.42		18.54		0.3144	1.2822	71.5694631273	22.2453
4 2 10			0.02		0.44		18.23		0.31452	1.1102	57.0442200735	11.3144
3 5 9			0.02		0.46		17.88		0.31456	0.4755	65.0802252419	19.5165
2 6 10			0.01		0.47		17.68		0.31474	0.7069	72.0169435829	44.7171
2 6 2			-0.09		0.38		19.32		0.31477	1.2892	58.5985395934	134.3564
0 2 16			0.01		0.39		19.18		0.31488	1.8687	67.2407114996	13.8307
7 3 1			0.02		0.41		18.87		0.31488	0.5095	71.5359286583	22.1332
0 4 10			0.01		0.42		18.65		0.31506	0.9893	53.7871001638	44.1425
1 3 1			0.01		0.42		18.55		0.31504	0.5324	28.3265170018	42.1271
0 0 4			0.0		0.43		18.49		0.31497	0.8482	15.2869714585	59.1035
1 7 1			0.01		0.44		18.27		0.31496	0.5219	65.7901743415	26.2984
4 2 2			0.01		0.45		18.05		0.31496	0.457	40.8620305525	12.2524
7 3 3			-0.0		0.45		18.06		0.31498	1.9283	72.601334037	69.5466
4 0 10			0.01		0.46		17.86		0.31513	0.6243	53.7713327333	45.2096
4 2 14			0.01		0.47		17.65		0.31519	1.2576	70.6282605877	19.9713
0 2 18			0.02		0.49		17.38		0.31511	0.3755	76.3208597895	3.7538
2 4 10			0.01		0.5		17.13		0.31518	0.607	57.0555982332	12.0937
4 4 8			-0.13		0.37		19.77		0.31519	3.9407	61.1479986878	218.5721
2 4 12			0.01		0.38		19.62		0.3149	0.2205	63.4791913795	4.8908
0 6 16			-0.01		0.37		19.76		0.3151	0.4825	89.3859051251	7.6515
1 5 9			0.01		0.38		19.47		0.31507	0.4394	58.984264935	17.7365
5 3 9			0.01		0.4		19.2		0.3151	0.4833	65.0662013285	20.8409
6 0 2			0.01		0.41		18.96		0.3151	0.2214	55.354768557	5.4487
2 0 2			0.0		0.41		18.95		0.31508	0.6502	19.2320929378	35.9547
0 0 16			0.01		0.43		18.69		0.3151	1.3342	64.286058028	116.6634
3 3 9			0.01		0.44		18.44		0.31507	0.3816	52.4524123761	12.0632
1 3 7			-0.03		0.41		19.06		0.31563	0.1893	39.2755843192	5.3372
4 2 0			0.0		0.41		18.98		0.31563	0.9287	40.0811891304	86.5118
0 6 12			-0.0		0.41		18.98		0.31521	0.3425	75.0250979777	1.887
2 4 0			0.0		0.41		18.92		0.31521	1.4359	40.0960076051	88.2765
0 6 6			0.01		0.43		18.67		0.31521	1.0147	60.183190367	40.9583
0 6 4			-0.01		0.42		18.84		0.3152	0.6675	57.2171401797	42.9768
2 2 8			-0.1		0.32		20.95		0.3152	1.8488	40.1384116224	216.1995
1 3 13			-0.03		0.29		21.55		0.31574	0.3907	59.4200243294	11.5335