HKL Value		Reward		TotalReward	Chi Squared	Z Appr. 	Error	Two-Thetas	Sfs2
2 4 0			0.0		0.0		0.0		0.3	1.4359	40.0960076051	88.2765
1 3 9			0.0		0.0		13.81		0.31011	0.2622	45.3040218183	7.1674
3 1 7			-0.45		-0.45		25.16		0.32609	0.257	39.2655360855	5.205
4 6 0			0.5		0.05		16.79		0.32609	0.7863	67.1083315067	59.4729
1 5 5			0.68		0.73		9.99		0.38337	1.8923	50.2743192378	127.3636
6 4 0			0.25		0.98		7.99		0.38337	1.8287	67.0910631577	58.6803
0 2 14			0.19		1.17		6.7		0.38238	0.2479	58.6982494177	6.3292
2 0 14			0.17		1.34		5.75		0.38235	0.2634	58.6945218607	7.3942
0 6 8			0.01		1.34		5.71		0.38314	0.7694	64.1950429677	5.6946
5 3 7			0.1		1.44		5.21		0.38255	0.2523	60.5057581853	5.4388
6 4 2			0.08		1.52		4.81		0.38262	0.2211	67.6401768609	4.8049
6 0 2			0.1		1.62		4.39		0.38266	0.2214	55.354768557	5.4487
4 6 2			0.06		1.67		4.16		0.38274	0.2349	67.657370766	5.5969
5 3 1			-0.18		1.49		5.08		0.38266	0.5252	53.2386121167	32.835
0 0 14			-0.44		1.06		9.0		0.38227	0.8389	55.4890953336	74.9432
9 1 1			0.02		1.07		8.84		0.38217	0.8793	87.9915459652	19.6393
0 6 2			0.06		1.14		8.32		0.38226	0.2356	55.3895592761	6.1752
6 0 6			-0.08		1.06		9.06		0.38089	1.0815	60.1501886982	39.9969
0 0 18			0.35		1.41		6.71		0.35739	0.6609	73.530655613	37.988
5 5 1			0.01		1.41		6.66		0.35699	0.5073	65.769247456	23.9531
3 7 1			0.0		1.42		6.63		0.35665	1.2822	71.5694631273	22.2453
2 2 14			-0.09		1.33		7.3		0.3569	1.0835	61.7979105177	101.9829
7 3 1			0.01		1.33		7.25		0.35677	0.5095	71.5359286583	22.1332
3 3 13			0.03		1.36		7.03		0.35793	0.5636	65.4922780779	9.1158
3 5 1			-0.03		1.33		7.28		0.35771	0.5283	53.2544885252	31.9012
0 6 10			0.02		1.35		7.13		0.35728	0.8527	69.1637693973	8.5049
4 0 0			-0.72		0.63		25.16		0.35728	8.3901	35.6934066618	787.9925
4 2 2			0.03		0.66		24.5		0.35733	0.457	40.8620305525	12.2524
2 2 8			-0.11		0.55		27.51		0.36131	1.8488	40.1384116224	216.1995
2 4 2			0.03		0.58		26.83		0.36137	0.3828	40.8766170199	13.2501
0 4 12			-0.04		0.54		27.87		0.35496	1.4889	60.4300914167	161.7651
3 1 15			0.03		0.57		27.1		0.35457	0.2871	67.3554895111	7.7692
3 3 9			0.03		0.6		26.25		0.35442	0.3816	52.4524123761	12.0632
0 4 8			-0.1		0.51		29.02		0.35863	4.1351	47.9021960727	235.0989
1 1 7			0.03		0.53		28.22		0.35865	0.2012	29.7561292971	6.5386
0 6 0			0.02		0.56		27.6		0.35866	1.4277	54.7714555341	59.4019
2 0 16			0.03		0.58		26.92		0.36048	0.5935	67.2372591268	11.8907
3 1 1			0.01		0.59		26.71		0.36033	0.5239	28.3131072915	41.7464
3 1 9			0.03		0.62		26.04		0.35964	0.36	45.2950695798	8.7768
7 1 1			0.02		0.63		25.64		0.3595	0.5207	65.7483230412	25.2044
6 0 8			0.02		0.66		25.01		0.35888	2.9234	64.163237895	5.3359
3 5 3			-0.01		0.65		25.22		0.35828	0.9259	54.5093201099	87.7589
5 1 9			0.02		0.67		24.67		0.35711	0.4583	58.9619928854	19.0838
2 0 10			0.01		0.68		24.36		0.35668	0.6169	42.9543880851	20.236
1 1 9			0.02		0.71		23.81		0.35694	0.2216	37.1193146943	1.1702
4 2 14			0.02		0.73		23.29		0.35694	1.2576	70.6282605877	19.9713
3 7 3			0.0		0.73		23.25		0.35667	0.8954	72.6346668965	71.6226
0 0 10			-0.0		0.73		23.26		0.3573	0.8316	38.8438017949	41.7013
0 6 4			-0.0		0.73		23.28		0.35758	0.6675	57.2171401797	42.9768
1 7 1			0.01		0.74		23.03		0.35748	0.5219	65.7901743415	26.2984
1 1 13			0.02		0.76		22.63		0.35841	0.3722	52.9310122384	10.9703
6 0 0			0.02		0.77		22.27		0.35841	0.7256	54.7363985401	55.434
5 1 13			0.02		0.79		21.89		0.3594	0.4567	71.2764535317	11.3258
0 4 10			-0.0		0.79		21.89		0.36036	0.9893	53.7871001638	44.1425
0 2 16			0.02		0.81		21.54		0.3613	1.8687	67.2407114996	13.8307
7 1 5			-0.0		0.8		21.64		0.36203	1.5264	69.0427278305	98.726
0 2 20			0.02		0.82		21.26		0.36224	0.4494	86.0769303832	2.8517
2 2 4			-0.02		0.8		21.76		0.36215	0.7551	29.4672289371	73.6026
6 0 10			0.01		0.81		21.47		0.36209	1.0728	69.1331306246	8.9056
6 4 6			0.02		0.83		21.11		0.36207	0.9247	71.9614498967	41.9809
0 4 6			-0.17		0.65		25.54		0.35929	3.7688	42.9189471786	481.9509
1 3 13			0.02		0.67		25.15		0.36031	0.3907	59.4200243294	11.5335
5 3 9			0.01		0.68		24.86		0.35896	0.4833	65.0662013285	20.8409
4 2 8			0.02		0.7		24.48		0.3581	0.7605	51.4203212226	2.5419
4 2 10			0.01		0.71		24.18		0.35762	1.1102	57.0442200735	11.3144
4 4 10			-0.0		0.71		24.22		0.35913	0.6886	66.23802526	47.6672
1 1 15			0.01		0.72		24.03		0.36017	0.656	61.3839959686	20.6242
0 4 20			0.01		0.73		23.72		0.36177	1.027	94.1654323607	18.6345
6 2 10			0.0		0.73		23.66		0.36206	0.7103	71.9901825081	43.9921
0 0 22			0.01		0.74		23.35		0.36219	2.2765	94.0325860765	137.6091
0 0 20			0.01		0.75		23.18		0.3634	0.4542	83.3712939521	4.3689
2 0 12			0.01		0.76		22.96		0.36331	0.8079	50.6101057273	16.6151
5 1 1			0.01		0.77		22.8		0.36329	0.5346	46.1701152	26.7419
0 6 16			0.01		0.78		22.49		0.36322	0.4825	89.3859051251	7.6515
2 0 0			-0.01		0.77		22.82		0.36322	2.02	17.6289686615	175.6782
3 3 15			0.01		0.78		22.52		0.36324	0.3402	73.0835579415	3.8877
4 6 4			0.01		0.79		22.39		0.36326	1.0731	69.291881243	33.3045
0 0 16			0.01		0.79		22.22		0.36359	1.3342	64.286058028	116.6634
1 5 9			0.01		0.8		22.01		0.3635	0.4394	58.984264935	17.7365
0 6 6			0.01		0.81		21.79		0.36343	1.0147	60.183190367	40.9583
1 5 7			0.01		0.83		21.53		0.36343	0.6035	54.1236034243	4.2528
4 4 12			-0.01		0.81		21.86		0.3631	1.9475	72.2035773977	130.2426
3 1 13			0.01		0.82		21.59		0.36312	0.3869	59.4126405656	11.7895
3 3 1			0.0		0.83		21.5		0.36311	0.5106	38.1558496662	33.1617
2 4 6			0.01		0.83		21.38		0.363	0.785	46.7364348384	64.2552
0 2 8			0.01		0.85		21.13		0.36299	0.1155	35.7619852008	1.7384
2 2 10			0.0		0.85		21.11		0.36311	0.6429	46.7739448495	44.8949
0 2 10			0.0		0.85		21.03		0.36309	0.4317	42.9590557724	21.0204
4 0 14			-0.01		0.84		21.17		0.36287	1.986	67.7459682929	124.3248
4 0 10			0.0		0.84		21.16		0.36299	0.6243	53.7713327333	45.2096
5 1 11			-0.02		0.82		21.58		0.36302	3.2753	64.7131722767	203.727
2 4 8			0.01		0.83		21.39		0.36293	0.1687	51.4325245866	2.4593
1 3 15			0.01		0.84		21.19		0.36296	0.2862	67.3623786269	8.1809
2 6 10			0.0		0.84		21.16		0.36308	0.7069	72.0169435829	44.7171
4 0 6			-0.12		0.72		24.12		0.36274	5.3963	42.900258124	488.2208
5 5 3			0.0		0.72		24.12		0.36271	0.8107	66.8760743485	64.1048
0 2 12			0.01		0.73		23.94		0.36263	0.3827	50.6142203783	17.5707
0 4 16			0.01		0.74		23.74		0.36283	1.5557	75.7704700384	94.8658
0 2 2			-0.0		0.74		23.77		0.36283	0.4614	19.2417464495	36.8131
1 3 1			0.0		0.74		23.73		0.36282	0.5324	28.3265170018	42.1271
0 4 14			-0.0		0.73		23.8		0.36263	1.2337	67.7597167724	121.3788
6 0 12			0.01		0.74		23.57		0.36263	0.5892	74.995462768	0.9301