HKL Value		Reward		TotalReward	Chi Squared	Z Appr. 	Error	Two-Thetas	Sfs2
1 1 5			0.0		0.0		0.0		0.3	1.9661	22.8949597146	247.5537
3 7 1			0.0		0.0		71.88		0.20365	1.2822	71.5694631273	22.2453
4 6 0			1.0		1.0		35.96		0.20365	0.7863	67.1083315067	59.4729
6 4 0			0.5		1.5		23.98		0.20365	1.8287	67.0910631577	58.6803
0 2 14			0.33		1.83		18.08		0.20613	0.2479	58.6982494177	6.3292
9 1 1			0.1		1.92		16.48		0.20752	0.8793	87.9915459652	19.6393
2 0 14			0.2		2.12		13.74		0.20794	0.2634	58.6945218607	7.3942
5 5 1			0.06		2.18		12.92		0.20885	0.5073	65.769247456	23.9531
6 4 2			0.14		2.33		11.32		0.20875	0.2211	67.6401768609	4.8049
7 3 1			0.05		2.37		10.79		0.20976	0.5095	71.5359286583	22.1332
6 0 2			0.1		2.48		9.79		0.20996	0.2214	55.354768557	5.4487
3 1 15			0.09		2.57		8.96		0.21485	0.2871	67.3554895111	7.7692
3 5 1			0.09		2.66		8.24		0.21495	0.5283	53.2544885252	31.9012
0 6 2			0.07		2.73		7.67		0.21502	0.2356	55.3895592761	6.1752
3 1 9			-0.07		2.66		8.27		0.21196	0.36	45.2950695798	8.7768
2 4 2			0.04		2.7		7.94		0.21203	0.3828	40.8766170199	13.2501
4 2 14			0.06		2.76		7.5		0.2122	1.2576	70.6282605877	19.9713
1 3 9			-0.07		2.69		8.03		0.21	0.2622	45.3040218183	7.1674
7 1 1			0.05		2.74		7.67		0.21008	0.5207	65.7483230412	25.2044
3 3 9			0.02		2.76		7.54		0.20916	0.3816	52.4524123761	12.0632
1 5 1			0.05		2.8		7.2		0.2092	0.4978	46.196563203	27.3004
4 2 2			0.03		2.83		7.0		0.20925	0.457	40.8620305525	12.2524
6 0 8			0.04		2.87		6.73		0.20907	2.9234	64.163237895	5.3359
5 1 9			0.02		2.9		6.57		0.20847	0.4583	58.9619928854	19.0838
0 4 18			-0.1		2.8		7.29		0.20434	0.8369	84.5238780681	17.4513
5 3 9			0.04		2.84		7.03		0.20447	0.4833	65.0662013285	20.8409
0 2 16			0.0		2.84		6.99		0.20407	1.8687	67.2407114996	13.8307
1 7 1			0.03		2.87		6.79		0.2041	0.5219	65.7901743415	26.2984
0 2 20			0.04		2.91		6.55		0.20417	0.4494	86.0769303832	2.8517
0 6 0			0.0		2.91		6.55		0.20417	1.4277	54.7714555341	59.4019
0 2 12			-0.02		2.89		6.7		0.20413	0.3827	50.6142203783	17.5707
0 4 20			-0.17		2.71		8.1		0.20701	1.027	94.1654323607	18.6345
2 0 10			0.02		2.74		7.91		0.2071	0.6169	42.9543880851	20.236
2 6 4			0.03		2.76		7.72		0.20715	0.8772	60.3635846112	78.02
6 0 10			-0.07		2.69		8.31		0.20762	1.0728	69.1331306246	8.9056
1 1 9			-0.02		2.67		8.48		0.20711	0.2216	37.1193146943	1.1702
0 6 6			-0.02		2.65		8.64		0.20695	1.0147	60.183190367	40.9583