HKL Value		Reward		TotalReward	Chi Squared	Z Appr. 	Error	Two-Thetas	Sfs2
2 2 10			0.0		0.0		0.0		0.3	0.6429	46.7739448495	44.8949
1 3 11			0.0		0.0		118.65		0.18063	2.4293	52.0561920156	298.4303
4 6 0			1.0		1.0		59.34		0.18063	0.7863	67.1083315067	59.4729
6 4 0			0.5		1.5		39.57		0.18063	1.8287	67.0910631577	58.6803
0 2 14			0.24		1.74		31.83		0.18245	0.2479	58.6982494177	6.3292
2 0 14			0.21		1.95		26.31		0.18419	0.2634	58.6945218607	7.3942
9 1 1			0.05		2.0		25.03		0.18472	0.8793	87.9915459652	19.6393
6 0 2			0.15		2.15		21.73		0.18477	0.2214	55.354768557	5.4487
3 7 1			0.05		2.2		20.75		0.18518	1.2822	71.5694631273	22.2453
7 3 1			0.04		2.24		19.99		0.18553	0.5095	71.5359286583	22.1332
5 5 1			0.02		2.26		19.53		0.18591	0.5073	65.769247456	23.9531
6 4 2			0.1		2.36		17.78		0.18593	0.2211	67.6401768609	4.8049
0 6 8			0.08		2.44		16.54		0.18586	0.7694	64.1950429677	5.6946
0 6 4			-0.06		2.37		17.68		0.18607	0.6675	57.2171401797	42.9768
6 0 8			0.06		2.43		16.66		0.18597	2.9234	64.163237895	5.3359
4 2 14			0.05		2.48		15.89		0.18506	1.2576	70.6282605877	19.9713
4 2 2			0.04		2.53		15.22		0.18516	0.457	40.8620305525	12.2524
5 3 9			0.01		2.53		15.15		0.18531	0.4833	65.0662013285	20.8409
2 4 2			0.04		2.57		14.63		0.18542	0.3828	40.8766170199	13.2501
7 1 1			0.04		2.6		14.13		0.18565	0.5207	65.7483230412	25.2044
0 6 2			0.04		2.65		13.54		0.1857	0.2356	55.3895592761	6.1752
0 4 10			0.03		2.67		13.2		0.18356	0.9893	53.7871001638	44.1425
2 4 12			0.01		2.69		13.02		0.18622	0.2205	63.4791913795	4.8908
3 1 9			0.03		2.71		12.67		0.18624	0.36	45.2950695798	8.7768
1 3 9			0.03		2.74		12.3		0.18627	0.2622	45.3040218183	7.1674
1 1 3			0.0		2.75		12.25		0.18618	0.4514	16.9416048235	36.8187
2 0 4			-0.2		2.55		15.29		0.18618	1.3874	23.4143586184	109.347
3 1 15			0.04		2.59		14.73		0.18592	0.2871	67.3554895111	7.7692
1 7 1			0.03		2.61		14.35		0.18599	0.5219	65.7901743415	26.2984
4 4 10			0.02		2.63		14.04		0.18536	0.6886	66.23802526	47.6672
0 6 0			0.02		2.65		13.79		0.18536	1.4277	54.7714555341	59.4019
5 1 9			0.01		2.66		13.72		0.18551	0.4583	58.9619928854	19.0838
3 3 9			0.01		2.67		13.52		0.18554	0.3816	52.4524123761	12.0632
2 0 10			0.03		2.7		13.11		0.18561	0.6169	42.9543880851	20.236
3 3 13			0.02		2.72		12.85		0.18551	0.5636	65.4922780779	9.1158
2 0 16			-0.01		2.72		12.96		0.18481	0.5935	67.2372591268	11.8907
0 6 10			0.02		2.73		12.76		0.18396	0.8527	69.1637693973	8.5049
7 3 3			-0.08		2.66		13.81		0.18392	1.9283	72.601334037	69.5466
0 2 20			0.02		2.68		13.52		0.18479	0.4494	86.0769303832	2.8517
1 1 13			0.02		2.69		13.31		0.1847	0.3722	52.9310122384	10.9703
5 1 13			0.01		2.71		13.12		0.1846	0.4567	71.2764535317	11.3258
0 0 22			0.02		2.73		12.88		0.18434	2.2765	94.0325860765	137.6091
2 4 6			0.02		2.75		12.63		0.18425	0.785	46.7364348384	64.2552
4 2 8			-0.02		2.72		12.89		0.18406	0.7605	51.4203212226	2.5419
1 5 7			0.01		2.74		12.76		0.18446	0.6035	54.1236034243	4.2528
6 2 10			0.01		2.75		12.61		0.18408	0.7103	71.9901825081	43.9921
1 1 9			0.02		2.77		12.34		0.18413	0.2216	37.1193146943	1.1702
6 0 10			0.01		2.78		12.17		0.18382	1.0728	69.1331306246	8.9056
4 6 4			-0.02		2.76		12.42		0.18382	1.0731	69.291881243	33.3045
0 2 10			0.02		2.78		12.18		0.18392	0.4317	42.9590557724	21.0204
0 2 16			0.0		2.79		12.13		0.1836	1.8687	67.2407114996	13.8307
4 6 2			0.02		2.81		11.9		0.1836	0.2349	67.657370766	5.5969
6 0 6			0.02		2.83		11.67		0.1836	1.0815	60.1501886982	39.9969
0 0 10			0.01		2.84		11.53		0.18335	0.8316	38.8438017949	41.7013
5 3 3			-0.09		2.75		12.61		0.18333	0.9351	54.4936931553	89.9375
5 5 7			0.0		2.75		12.61		0.18378	0.6639	72.2860687267	4.3062
0 0 20			0.02		2.77		12.39		0.18372	0.4542	83.3712939521	4.3689
2 0 12			0.01		2.78		12.23		0.18398	0.8079	50.6101057273	16.6151
4 2 10			0.02		2.8		12.05		0.18387	1.1102	57.0442200735	11.3144
3 5 1			0.01		2.81		11.9		0.18388	0.5283	53.2544885252	31.9012
4 0 10			0.01		2.82		11.77		0.18369	0.6243	53.7713327333	45.2096
2 6 10			0.01		2.83		11.64		0.18351	0.7069	72.0169435829	44.7171
6 0 12			-0.04		2.8		12.07		0.18472	0.5892	74.995462768	0.9301
4 2 12			0.0		2.8		12.05		0.18509	0.2244	63.468523569	4.7972
0 4 4			-0.01		2.79		12.13		0.18516	0.8482	39.0545896029	78.0016
4 2 4			-0.05		2.75		12.72		0.18518	0.7624	43.1345383828	64.2766
0 0 16			0.01		2.76		12.53		0.18516	1.3342	64.286058028	116.6634
1 1 15			0.01		2.77		12.46		0.18529	0.656	61.3839959686	20.6242
2 4 10			0.01		2.78		12.31		0.1852	0.607	57.0555982332	12.0937
1 5 9			0.0		2.78		12.29		0.18523	0.4394	58.984264935	17.7365
2 6 4			-0.0		2.78		12.35		0.18531	0.8772	60.3635846112	78.02
4 0 8			-0.18		2.59		15.14		0.18531	2.9483	47.8850437629	244.3799
0 2 22			-0.01		2.58		15.25		0.18508	1.8317	96.7387030121	97.213