HKL Value		Reward		TotalReward	Chi Squared	Z Appr. 	Error	Two-Thetas	Sfs2
3 1 7			0.0		0.0		0.0		0.3	0.257	39.2655360855	5.205
4 6 0			0.0		0.0		0.04		0.33762	0.7863	67.1083315067	59.4729
6 4 0			0.53		0.53		0.03		0.33762	1.8287	67.0910631577	58.6803
0 2 14			-0.9		-0.37		0.26		0.33402	0.2479	58.6982494177	6.3292
2 0 14			-0.05		-0.42		0.28		0.33321	0.2634	58.6945218607	7.3942
0 6 8			-0.29		-0.72		0.39		0.33282	0.7694	64.1950429677	5.6946
1 3 3			-0.89		-1.6		3.47		0.33283	0.7045	30.3940112777	66.1614
6 4 2			0.1		-1.51		3.16		0.33275	0.2211	67.6401768609	4.8049
4 6 2			0.06		-1.45		2.98		0.33266	0.2349	67.657370766	5.5969
9 1 1			0.01		-1.44		2.95		0.33256	0.8793	87.9915459652	19.6393
6 0 2			0.01		-1.42		2.92		0.33254	0.2214	55.354768557	5.4487
0 6 2			-0.01		-1.43		2.93		0.33251	0.2356	55.3895592761	6.1752
3 7 1			-0.03		-1.46		3.01		0.3324	1.2822	71.5694631273	22.2453
1 1 11			-0.81		-2.27		16.11		0.36227	2.144	44.8525636461	378.5934
2 4 6			0.03		-2.24		15.63		0.36075	0.785	46.7364348384	64.2552
5 5 1			0.04		-2.2		14.99		0.3606	0.5073	65.769247456	23.9531
7 3 1			0.04		-2.16		14.46		0.36045	0.5095	71.5359286583	22.1332
0 6 10			0.04		-2.11		13.85		0.36007	0.8527	69.1637693973	8.5049
2 4 2			0.02		-2.09		13.52		0.36016	0.3828	40.8766170199	13.2501
4 2 2			0.03		-2.07		13.19		0.36024	0.457	40.8620305525	12.2524
1 3 9			0.05		-2.02		12.57		0.35955	0.2622	45.3040218183	7.1674
3 1 15			0.04		-1.98		12.14		0.36009	0.2871	67.3554895111	7.7692
3 3 9			0.04		-1.94		11.69		0.35892	0.3816	52.4524123761	12.0632
0 6 0			0.02		-1.92		11.47		0.35892	1.4277	54.7714555341	59.4019
2 0 16			0.03		-1.89		11.11		0.36079	0.5935	67.2372591268	11.8907
3 1 9			0.03		-1.86		10.73		0.36009	0.36	45.2950695798	8.7768
7 1 1			0.0		-1.85		10.71		0.35995	0.5207	65.7483230412	25.2044
4 2 14			0.04		-1.82		10.35		0.35966	1.2576	70.6282605877	19.9713
6 0 8			0.03		-1.78		10.01		0.35907	2.9234	64.163237895	5.3359
3 3 1			-0.01		-1.8		10.12		0.35892	0.5106	38.1558496662	33.1617
5 1 9			0.03		-1.77		9.87		0.35773	0.4583	58.9619928854	19.0838
0 4 20			0.01		-1.76		9.81		0.36136	1.027	94.1654323607	18.6345
3 3 13			0.03		-1.73		9.51		0.36144	0.5636	65.4922780779	9.1158
2 0 10			-0.01		-1.74		9.61		0.36134	0.6169	42.9543880851	20.236
1 1 9			0.03		-1.71		9.33		0.36132	0.2216	37.1193146943	1.1702
1 7 1			-0.01		-1.72		9.38		0.36129	0.5219	65.7901743415	26.2984
1 7 3			-0.05		-1.77		9.9		0.36116	0.9932	66.8968211493	90.2271
0 0 16			-0.01		-1.78		10.04		0.36232	1.3342	64.286058028	116.6634