HKL Value		Reward		TotalReward	Chi Squared	Z Appr. 	Error	Two-Thetas	Sfs2
0 6 4			0.0		0.0		0.0		0.3	0.6675	57.2171401797	42.9768
5 5 5			0.0		0.0		20.11		0.22021	1.5862	69.0631626084	104.8873
4 6 0			1.0		1.0		10.08		0.22021	0.7863	67.1083315067	59.4729
0 2 14			0.5		1.49		6.72		0.22085	0.2479	58.6982494177	6.3292
4 2 6			-0.26		1.24		9.07		0.18943	1.6049	46.7233273538	62.1975
6 4 0			0.25		1.49		7.26		0.18943	1.8287	67.0910631577	58.6803
2 6 10			-0.06		1.43		7.72		0.18367	0.7069	72.0169435829	44.7171
3 1 9			0.06		1.48		7.29		0.18314	0.36	45.2950695798	8.7768
5 5 3			-0.38		1.1		11.85		0.18248	0.8107	66.8760743485	64.1048
0 2 12			0.1		1.2		10.74		0.18537	0.3827	50.6142203783	17.5707
5 1 9			-0.01		1.2		10.82		0.18584	0.4583	58.9619928854	19.0838
7 1 5			0.04		1.24		10.38		0.18627	1.5264	69.0427278305	98.726
2 0 12			0.09		1.33		9.53		0.18673	0.8079	50.6101057273	16.6151
5 5 1			-0.04		1.28		9.95		0.18703	0.5073	65.769247456	23.9531
6 4 2			0.07		1.36		9.26		0.18705	0.2211	67.6401768609	4.8049
5 1 3			-0.31		1.05		13.4		0.18701	0.9592	47.5591860667	88.1873
1 3 9			0.05		1.1		12.8		0.1871	0.2622	45.3040218183	7.1674
0 6 8			0.05		1.15		12.22		0.18708	0.7694	64.1950429677	5.6946
1 1 9			0.06		1.2		11.54		0.18704	0.2216	37.1193146943	1.1702
0 0 20			0.03		1.24		11.15		0.18519	0.4542	83.3712939521	4.3689
6 0 8			0.04		1.28		10.76		0.18514	2.9234	64.163237895	5.3359
0 6 2			0.04		1.31		10.36		0.18516	0.2356	55.3895592761	6.1752
2 0 14			0.04		1.35		9.99		0.18545	0.2634	58.6945218607	7.3942
0 6 0			0.02		1.37		9.83		0.18545	1.4277	54.7714555341	59.4019
7 1 1			0.02		1.39		9.64		0.18551	0.5207	65.7483230412	25.2044
2 4 2			0.02		1.4		9.49		0.18553	0.3828	40.8766170199	13.2501
0 2 2			-0.04		1.37		9.85		0.18559	0.4614	19.2417464495	36.8131
0 4 2			-0.27		1.1		13.46		0.18551	3.2657	36.5744795411	137.7475
9 1 1			-0.01		1.09		13.62		0.18563	0.8793	87.9915459652	19.6393