HKL Value		Reward		TotalReward	Chi Squared	Z Appr. 	Error	Two-Thetas	Sfs2
4 6 0			0.0		0.0		0.0		0.3	0.7863	67.1083315067	59.4729
6 4 0			0.0		0.0		0.05		0.3	1.8287	67.0910631577	58.6803
2 4 6			0.5		0.5		0.04		0.33332	0.785	46.7364348384	64.2552
0 2 14			0.49		0.99		0.02		0.33278	0.2479	58.6982494177	6.3292
2 0 14			-0.17		0.83		0.03		0.33241	0.2634	58.6945218607	7.3942
9 1 1			-0.95		-0.12		0.57		0.33228	0.8793	87.9915459652	19.6393
5 1 1			-0.7		-0.83		1.9		0.3321	0.5346	46.1701152	26.7419
6 4 2			0.05		-0.78		1.81		0.33199	0.2211	67.6401768609	4.8049
6 0 2			-0.05		-0.83		1.91		0.33196	0.2214	55.354768557	5.4487
6 0 8			0.1		-0.73		1.75		0.33164	2.9234	64.163237895	5.3359
4 2 4			-0.73		-1.46		6.47		0.33205	0.7624	43.1345383828	64.2766
3 1 1			-0.11		-1.57		7.26		0.33182	0.5239	28.3131072915	41.7464
7 3 1			0.04		-1.53		6.97		0.33168	0.5095	71.5359286583	22.1332
4 0 14			-0.24		-1.77		9.15		0.35475	1.986	67.7459682929	124.3248
3 7 1			0.03		-1.74		8.92		0.35455	1.2822	71.5694631273	22.2453
7 1 1			-0.01		-1.75		8.97		0.35435	0.5207	65.7483230412	25.2044
3 3 13			0.04		-1.71		8.64		0.35548	0.5636	65.4922780779	9.1158
3 3 5			-0.27		-1.98		11.9		0.35994	1.3995	42.8396693434	151.0913
1 1 7			0.05		-1.93		11.34		0.35999	0.2012	29.7561292971	6.5386
0 6 8			0.05		-1.88		10.78		0.35939	0.7694	64.1950429677	5.6946
0 4 16			0.01		-1.87		10.66		0.36224	1.5557	75.7704700384	94.8658
0 2 22			-0.04		-1.91		11.06		0.36267	1.8317	96.7387030121	97.213
2 6 2			-0.23		-2.13		14.3		0.36289	1.2892	58.5985395934	134.3564
5 5 1			0.02		-2.11		13.95		0.36286	0.5073	65.769247456	23.9531
0 4 10			-0.01		-2.12		14.13		0.36335	0.9893	53.7871001638	44.1425
0 2 8			0.04		-2.08		13.58		0.36328	0.1155	35.7619852008	1.7384
4 2 14			0.03		-2.05		13.14		0.36306	1.2576	70.6282605877	19.9713
3 3 11			-0.16		-2.21		15.72		0.36313	2.1204	58.6030846927	249.5822
0 6 18			0.04		-2.18		15.18		0.36313	0.7949	98.0280769063	1.8601
6 0 6			0.03		-2.15		14.79		0.36292	1.0815	60.1501886982	39.9969
1 3 15			0.03		-2.12		14.4		0.363	0.2862	67.3623786269	8.1809
4 2 2			0.02		-2.1		14.16		0.36303	0.457	40.8620305525	12.2524
3 5 1			0.0		-2.1		14.14		0.36299	0.5283	53.2544885252	31.9012
2 0 4			-0.11		-2.21		15.9		0.36308	1.3874	23.4143586184	109.347
2 4 2			0.02		-2.2		15.66		0.36309	0.3828	40.8766170199	13.2501
3 1 9			0.02		-2.18		15.3		0.36294	0.36	45.2950695798	8.7768
0 6 2			0.02		-2.15		14.94		0.36296	0.2356	55.3895592761	6.1752
2 0 12			0.02		-2.14		14.71		0.36269	0.8079	50.6101057273	16.6151
1 3 9			0.02		-2.11		14.38		0.36255	0.2622	45.3040218183	7.1674
4 4 10			-0.01		-2.13		14.57		0.36299	0.6886	66.23802526	47.6672
4 0 0			-0.44		-2.57		26.11		0.36299	8.3901	35.6934066618	787.9925
1 7 1			0.01		-2.55		25.75		0.36295	0.5219	65.7901743415	26.2984
1 5 9			0.02		-2.53		25.27		0.36266	0.4394	58.984264935	17.7365
4 0 4			-0.02		-2.56		25.88		0.36257	1.2165	39.0343929222	79.1487
3 1 15			0.02		-2.54		25.36		0.36267	0.2871	67.3554895111	7.7692
1 1 13			0.02		-2.51		24.79		0.36273	0.3722	52.9310122384	10.9703
2 0 2			-0.0		-2.52		24.82		0.36272	0.6502	19.2320929378	35.9547
0 6 0			0.02		-2.5		24.43		0.36272	1.4277	54.7714555341	59.4019
1 1 17			-0.06		-2.56		25.89		0.36064	2.447	70.2810461715	248.4175
2 6 6			-0.1		-2.66		28.78		0.3597	5.383	63.2392339525	346.2148
4 0 10			0.0		-2.65		28.67		0.36001	0.6243	53.7713327333	45.2096
2 2 10			0.0		-2.65		28.56		0.36033	0.6429	46.7739448495	44.8949
5 1 9			0.02		-2.63		28.09		0.36004	0.4583	58.9619928854	19.0838
1 3 11			-0.06		-2.69		29.83		0.36047	2.4293	52.0561920156	298.4303
1 5 3			0.0		-2.69		29.71		0.36036	0.9511	47.585042181	85.8034
3 3 9			0.02		-2.67		29.23		0.36016	0.3816	52.4524123761	12.0632
2 4 10			0.01		-2.66		28.82		0.36009	0.607	57.0555982332	12.0937
1 5 5			-0.01		-2.67		29.21		0.36055	1.8923	50.2743192378	127.3636
5 3 9			0.01		-2.66		28.84		0.36028	0.4833	65.0662013285	20.8409
2 0 16			0.02		-2.64		28.39		0.36059	0.5935	67.2372591268	11.8907
1 7 3			0.0		-2.64		28.38		0.36049	0.9932	66.8968211493	90.2271
2 0 10			0.01		-2.63		28.12		0.3604	0.6169	42.9543880851	20.236
0 4 4			-0.01		-2.64		28.48		0.36031	0.8482	39.0545896029	78.0016
0 6 10			0.01		-2.63		28.09		0.36025	0.8527	69.1637693973	8.5049
0 2 20			0.02		-2.61		27.67		0.36032	0.4494	86.0769303832	2.8517
6 2 10			0.0		-2.61		27.57		0.36063	0.7103	71.9901825081	43.9921
4 2 8			0.01		-2.6		27.18		0.36043	0.7605	51.4203212226	2.5419
1 1 9			0.02		-2.58		26.78		0.36041	0.2216	37.1193146943	1.1702
0 4 0			-0.21		-2.79		33.8		0.36041	6.137	35.7152072575	818.959
3 5 5			-0.01		-2.8		34.01		0.3609	1.2751	56.9624934876	133.7285
6 0 4			0.0		-2.79		33.86		0.36095	0.7069	57.1830782131	42.6751
2 6 0			-0.09		-2.88		37.26		0.36095	4.3567	58.0028534629	558.9791
5 1 13			0.01		-2.87		36.76		0.36113	0.4567	71.2764535317	11.3258
6 0 0			0.01		-2.86		36.32		0.36113	0.7256	54.7363985401	55.434
6 0 10			0.01		-2.84		35.89		0.36107	1.0728	69.1331306246	8.9056
0 0 2			-0.01		-2.86		36.37		0.36116	1.161	7.62646333295	98.931
5 1 11			-0.01		-2.87		36.68		0.36136	3.2753	64.7131722767	203.727
0 2 16			0.01		-2.85		36.23		0.36162	1.8687	67.2407114996	13.8307
0 2 10			0.01		-2.85		35.94		0.36156	0.4317	42.9590557724	21.0204
4 6 2			0.01		-2.83		35.52		0.36156	0.2349	67.657370766	5.5969
0 0 10			0.01		-2.83		35.32		0.3618	0.8316	38.8438017949	41.7013
3 1 7			0.01		-2.82		34.91		0.3618	0.257	39.2655360855	5.205
0 0 20			0.01		-2.81		34.65		0.36314	0.4542	83.3712939521	4.3689
4 2 6			0.01		-2.8		34.35		0.36303	1.6049	46.7233273538	62.1975
4 2 10			0.01		-2.79		34.02		0.36301	1.1102	57.0442200735	11.3144
5 1 7			0.01		-2.78		33.63		0.36302	0.2609	54.1000446603	4.252
2 6 10			0.01		-2.77		33.46		0.36316	0.7069	72.0169435829	44.7171
0 0 22			0.01		-2.76		33.1		0.36317	2.2765	94.0325860765	137.6091
0 0 16			0.01		-2.75		32.83		0.3635	1.3342	64.286058028	116.6634
0 2 18			0.01		-2.74		32.48		0.36352	0.3755	76.3208597895	3.7538
2 2 0			-0.17		-2.92		39.33		0.36352	11.1953	25.0390113278	1035.9387
6 4 6			0.01		-2.91		38.9		0.3635	0.9247	71.9614498967	41.9809
1 1 15			0.01		-2.9		38.58		0.36354	0.656	61.3839959686	20.6242
2 6 4			-0.0		-2.9		38.71		0.36352	0.8772	60.3635846112	78.02
0 6 6			0.01		-2.89		38.35		0.36345	1.0147	60.183190367	40.9583
0 4 20			0.01		-2.88		37.94		0.36345	1.027	94.1654323607	18.6345
0 0 8			-0.01		-2.9		38.52		0.36361	2.1948	30.8548203523	183.9052
1 3 1			0.01		-2.89		38.33		0.36361	0.5324	28.3265170018	42.1271
2 4 0			0.01		-2.89		38.08		0.36361	1.4359	40.0960076051	88.2765
0 2 12			0.01		-2.88		37.77		0.36352	0.3827	50.6142203783	17.5707
2 4 8			0.01		-2.87		37.44		0.36344	0.1687	51.4325245866	2.4593
3 7 5			0.01		-2.86		37.2		0.36354	1.0548	74.7470539899	89.5814