HKL Value		Reward		TotalReward	Chi Squared	Z Appr. 	Error	Two-Thetas	Sfs2
4 0 4			0.0		0.0		0.0		0.3	1.2165	39.0343929222	79.1487
4 6 0			0.0		0.0		0.04		0.28167	0.7863	67.1083315067	59.4729
1 7 7			-0.97		-0.97		1.21		0.22166	0.4353	72.3061031614	6.1143
3 3 9			-0.36		-1.33		1.91		0.20397	0.3816	52.4524123761	12.0632
6 0 8			0.33		-1.0		1.43		0.20377	2.9234	64.163237895	5.3359
6 4 0			0.25		-0.75		1.15		0.20377	1.8287	67.0910631577	58.6803
0 2 14			0.08		-0.68		1.07		0.20504	0.2479	58.6982494177	6.3292
4 2 12			-0.12		-0.8		1.22		0.20516	0.2244	63.468523569	4.7972
2 0 14			0.07		-0.73		1.14		0.20598	0.2634	58.6945218607	7.3942
9 1 1			-0.47		-1.2		2.16		0.20655	0.8793	87.9915459652	19.6393
6 4 2			0.11		-1.09		1.95		0.20652	0.2211	67.6401768609	4.8049
6 0 2			0.05		-1.04		1.85		0.20659	0.2214	55.354768557	5.4487
7 3 1			-0.19		-1.24		2.3		0.20705	0.5095	71.5359286583	22.1332
3 7 1			-0.14		-1.37		2.66		0.20754	1.2822	71.5694631273	22.2453
0 4 10			-0.04		-1.41		2.77		0.22398	0.9893	53.7871001638	44.1425