HKL Value		Reward		TotalReward	Chi Squared	Z Appr. 	Error	Two-Thetas	Sfs2
3 1 7			0.0		0.0		0.0		0.3	0.257	39.2655360855	5.205
4 6 0			0.0		0.0		0.04		0.33762	0.7863	67.1083315067	59.4729
0 6 4			-1.0		-1.0		11.13		0.37629	0.6675	57.2171401797	42.9768
6 4 6			0.35		-0.65		8.24		0.36458	0.9247	71.9614498967	41.9809
6 4 0			0.33		-0.31		6.19		0.36458	1.8287	67.0910631577	58.6803
1 1 3			-0.24		-0.55		8.15		0.36195	0.4514	16.9416048235	36.8187
0 2 14			0.2		-0.36		6.81		0.36307	0.2479	58.6982494177	6.3292
7 1 7			0.12		-0.24		6.08		0.36338	0.3505	72.2660298289	5.0526
2 0 14			0.14		-0.1		5.32		0.36315	0.2634	58.6945218607	7.3942
0 6 8			0.08		-0.02		4.94		0.36096	0.7694	64.1950429677	5.6946
6 4 2			0.06		0.04		4.67		0.36101	0.2211	67.6401768609	4.8049
4 6 2			0.04		0.08		4.5		0.36107	0.2349	67.657370766	5.5969
2 6 0			-0.83		-0.76		27.09		0.36107	4.3567	58.0028534629	558.9791
6 0 2			0.08		-0.68		25.14		0.3614	0.2214	55.354768557	5.4487
0 6 2			0.07		-0.61		23.5		0.36171	0.2356	55.3895592761	6.1752
9 1 1			0.06		-0.55		22.27		0.36139	0.8793	87.9915459652	19.6393
3 7 1			0.05		-0.51		21.29		0.361	1.2822	71.5694631273	22.2453
7 3 1			0.04		-0.46		20.41		0.36052	0.5095	71.5359286583	22.1332
0 6 10			0.05		-0.42		19.49		0.35535	0.8527	69.1637693973	8.5049
0 4 4			-0.07		-0.49		20.98		0.35216	0.8482	39.0545896029	78.0016
4 4 2			-0.14		-0.62		24.27		0.36085	1.2125	52.0311030722	128.6454
5 5 1			0.04		-0.59		23.41		0.36011	0.5073	65.769247456	23.9531
2 2 0			-0.55		-1.14		51.88		0.36011	11.1953	25.0390113278	1035.9387
0 6 14			0.04		-1.09		49.7		0.3577	0.9096	81.7552219026	27.2955
0 6 18			0.04		-1.05		47.66		0.35635	0.7949	98.0280769063	1.8601
4 2 2			0.04		-1.01		46.04		0.35741	0.457	40.8620305525	12.2524
3 1 15			0.04		-0.98		44.42		0.36023	0.2871	67.3554895111	7.7692
3 3 9			0.04		-0.94		42.77		0.35326	0.3816	52.4524123761	12.0632
7 1 3			0.01		-0.92		42.17		0.3528	1.4031	66.8553232335	91.2915
2 0 10			0.03		-0.9		41.07		0.35262	0.6169	42.9543880851	20.236
2 4 2			0.03		-0.87		39.97		0.35262	0.3828	40.8766170199	13.2501
3 3 7			0.03		-0.84		38.7		0.35258	0.1558	47.1418707618	3.5073
2 0 16			0.03		-0.81		37.71		0.35224	0.5935	67.2372591268	11.8907
0 6 0			0.03		-0.79		36.76		0.35224	1.4277	54.7714555341	59.4019
1 3 9			0.03		-0.76		35.73		0.35334	0.2622	45.3040218183	7.1674
2 4 8			0.03		-0.73		34.71		0.35343	0.1687	51.4325245866	2.4593
3 1 9			0.03		-0.7		33.75		0.35387	0.36	45.2950695798	8.7768
6 0 8			0.03		-0.67		32.84		0.35406	2.9234	64.163237895	5.3359
1 1 7			0.03		-0.65		32.02		0.354	0.2012	29.7561292971	6.5386
7 1 1			0.02		-0.63		31.44		0.35386	0.5207	65.7483230412	25.2044
5 1 9			0.03		-0.6		30.66		0.35362	0.4583	58.9619928854	19.0838
5 1 13			0.02		-0.58		30.05		0.35409	0.4567	71.2764535317	11.3258
1 1 9			0.02		-0.56		29.36		0.35525	0.2216	37.1193146943	1.1702
0 2 16			0.02		-0.54		28.87		0.35664	1.8687	67.2407114996	13.8307
0 0 14			0.01		-0.53		28.5		0.35697	0.8389	55.4890953336	74.9432
1 3 13			0.02		-0.51		27.95		0.35862	0.3907	59.4200243294	11.5335
1 7 1			0.01		-0.49		27.57		0.35848	0.5219	65.7901743415	26.2984
2 2 4			-0.02		-0.51		28.04		0.35787	0.7551	29.4672289371	73.6026
0 2 20			0.02		-0.49		27.46		0.35685	0.4494	86.0769303832	2.8517
6 0 10			0.02		-0.47		26.97		0.35639	1.0728	69.1331306246	8.9056
0 4 10			0.0		-0.47		26.92		0.35843	0.9893	53.7871001638	44.1425
4 2 8			0.02		-0.45		26.4		0.35734	0.7605	51.4203212226	2.5419
0 4 20			0.01		-0.44		26.02		0.36155	1.027	94.1654323607	18.6345
0 4 16			0.01		-0.42		25.64		0.36227	1.5557	75.7704700384	94.8658
1 3 5			-0.04		-0.46		26.73		0.36272	3.1323	34.189462707	190.138
4 2 14			0.02		-0.44		26.28		0.3626	1.2576	70.6282605877	19.9713
0 4 0			-0.25		-0.69		34.82		0.3626	6.137	35.7152072575	818.959
5 3 9			0.01		-0.68		34.39		0.36242	0.4833	65.0662013285	20.8409
6 2 6			-0.06		-0.74		36.76		0.36168	3.9921	63.2107357729	344.5633
1 1 13			0.02		-0.72		36.14		0.36179	0.3722	52.9310122384	10.9703
4 2 10			0.01		-0.71		35.64		0.36175	1.1102	57.0442200735	11.3144
3 3 13			0.02		-0.69		35.06		0.36177	0.5636	65.4922780779	9.1158
6 2 8			-0.02		-0.72		35.94		0.36224	3.3751	67.1207225085	222.106
6 0 6			0.01		-0.7		35.42		0.36212	1.0815	60.1501886982	39.9969
4 4 10			0.01		-0.7		35.22		0.36236	0.6886	66.23802526	47.6672
6 2 10			0.01		-0.69		34.97		0.36259	0.7103	71.9901825081	43.9921
3 5 1			0.01		-0.68		34.64		0.36257	0.5283	53.2544885252	31.9012
1 1 15			0.01		-0.67		34.27		0.36267	0.656	61.3839959686	20.6242
0 6 16			0.01		-0.66		33.77		0.36263	0.4825	89.3859051251	7.6515
0 0 22			0.01		-0.64		33.31		0.36268	2.2765	94.0325860765	137.6091
0 0 20			0.01		-0.63		32.97		0.36352	0.4542	83.3712939521	4.3689
1 5 11			-0.01		-0.64		33.35		0.36352	1.8219	64.7342781598	204.7444
0 0 10			0.01		-0.64		33.13		0.36364	0.8316	38.8438017949	41.7013
5 1 1			0.01		-0.63		32.84		0.36363	0.5346	46.1701152	26.7419
2 0 12			0.01		-0.62		32.5		0.36356	0.8079	50.6101057273	16.6151
0 0 16			0.01		-0.61		32.17		0.36384	1.3342	64.286058028	116.6634
4 0 14			-0.0		-0.61		32.22		0.36361	1.986	67.7459682929	124.3248
1 5 9			0.01		-0.6		31.88		0.36353	0.4394	58.984264935	17.7365
1 5 1			0.01		-0.59		31.63		0.36353	0.4978	46.196563203	27.3004
7 3 5			0.01		-0.58		31.39		0.36362	1.0496	74.7140851895	88.0788
0 6 6			0.01		-0.57		31.06		0.36355	1.0147	60.183190367	40.9583
3 1 13			0.01		-0.56		30.67		0.36355	0.3869	59.4126405656	11.7895
2 2 6			-0.12		-0.68		34.96		0.36321	8.3224	34.2684003079	615.2447
2 2 12			-0.02		-0.71		35.8		0.36286	1.9766	54.0147953295	208.0279
2 4 6			0.01		-0.7		35.51		0.36276	0.785	46.7364348384	64.2552
6 0 12			0.01		-0.68		35.09		0.36276	0.5892	74.995462768	0.9301
2 0 6			-0.0		-0.68		35.09		0.3626	1.6278	29.1406672869	128.8477
3 3 15			0.01		-0.67		34.7		0.36262	0.3402	73.0835579415	3.8877
6 0 0			0.01		-0.66		34.36		0.36262	0.7256	54.7363985401	55.434
2 2 10			0.0		-0.66		34.2		0.36273	0.6429	46.7739448495	44.8949
0 2 10			0.01		-0.65		33.97		0.3627	0.4317	42.9590557724	21.0204
4 0 10			0.0		-0.65		33.81		0.36282	0.6243	53.7713327333	45.2096
1 3 15			0.01		-0.64		33.48		0.36284	0.2862	67.3623786269	8.1809
0 2 8			0.01		-0.63		33.12		0.36283	0.1155	35.7619852008	1.7384
0 0 2			-0.01		-0.64		33.52		0.36286	1.161	7.62646333295	98.931
2 4 12			0.01		-0.63		33.19		0.36283	0.2205	63.4791913795	4.8908
4 4 12			-0.0		-0.63		33.32		0.36254	1.9475	72.2035773977	130.2426
4 0 6			-0.08		-0.71		36.05		0.36222	5.3963	42.900258124	488.2208
2 6 10			0.0		-0.7		35.88		0.36233	0.7069	72.0169435829	44.7171
4 6 4			0.01		-0.7		35.65		0.36235	1.0731	69.291881243	33.3045
1 3 1			0.0		-0.69		35.49		0.36235	0.5324	28.3265170018	42.1271
0 2 4			-0.01		-0.7		35.86		0.36237	1.326	23.4223631322	110.0283