HKL Value		Reward		TotalReward	Chi Squared	Z Appr. 	Error	Two-Thetas	Sfs2
6 2 10			0.0		0.0		0.0		0.3	0.7103	71.9901825081	43.9921
4 2 6			0.0		0.0		0.25		0.32202	1.6049	46.7233273538	62.1975
3 1 7			-0.95		-0.95		5.44		0.32871	0.257	39.2655360855	5.205
1 3 1			-0.37		-1.32		8.59		0.32834	0.5324	28.3265170018	42.1271
4 6 0			0.33		-0.99		6.45		0.32834	0.7863	67.1083315067	59.4729
6 4 0			0.25		-0.74		5.16		0.32834	1.8287	67.0910631577	58.6803
0 2 14			0.13		-0.61		4.58		0.33051	0.2479	58.6982494177	6.3292
2 0 14			0.16		-0.46		3.96		0.33101	0.2634	58.6945218607	7.3942
9 1 1			0.04		-0.41		3.79		0.33092	0.8793	87.9915459652	19.6393
6 0 2			0.04		-0.38		3.66		0.3309	0.2214	55.354768557	5.4487
6 4 2			0.07		-0.3		3.41		0.33083	0.2211	67.6401768609	4.8049
2 6 10			-0.12		-0.42		3.85		0.32909	0.7069	72.0169435829	44.7171
7 3 1			0.01		-0.41		3.83		0.32899	0.5095	71.5359286583	22.1332
7 1 1			-0.06		-0.47		4.07		0.32887	0.5207	65.7483230412	25.2044
5 5 1			0.02		-0.46		4.01		0.32878	0.5073	65.769247456	23.9531
4 2 0			-0.13		-0.58		4.59		0.32878	0.9287	40.0811891304	86.5118
3 7 1			0.01		-0.57		4.53		0.32867	1.2822	71.5694631273	22.2453
2 0 12			-0.32		-0.89		6.63		0.32041	0.8079	50.6101057273	16.6151
0 6 2			0.03		-0.85		6.41		0.32037	0.2356	55.3895592761	6.1752
4 2 2			0.01		-0.85		6.37		0.3203	0.457	40.8620305525	12.2524
0 6 8			0.04		-0.8		6.12		0.32056	0.7694	64.1950429677	5.6946
4 2 14			0.03		-0.77		5.94		0.32063	1.2576	70.6282605877	19.9713
2 4 2			-0.0		-0.78		5.96		0.32057	0.3828	40.8766170199	13.2501
1 3 9			-0.03		-0.81		6.17		0.31901	0.2622	45.3040218183	7.1674
3 1 9			0.01		-0.8		6.13		0.31823	0.36	45.2950695798	8.7768
3 1 15			0.04		-0.76		5.88		0.31826	0.2871	67.3554895111	7.7692
4 0 14			-0.39		-1.15		9.66		0.3182	1.986	67.7459682929	124.3248
3 3 13			-0.11		-1.27		10.88		0.32164	0.5636	65.4922780779	9.1158
2 2 10			0.04		-1.23		10.5		0.32159	0.6429	46.7739448495	44.8949
0 6 0			0.01		-1.22		10.36		0.32159	1.4277	54.7714555341	59.4019
0 6 10			0.03		-1.18		10.02		0.3216	0.8527	69.1637693973	8.5049
3 3 9			0.01		-1.17		9.89		0.32124	0.3816	52.4524123761	12.0632
6 0 8			0.03		-1.14		9.63		0.32132	2.9234	64.163237895	5.3359
2 0 16			0.03		-1.12		9.38		0.32165	0.5935	67.2372591268	11.8907
1 7 1			0.01		-1.11		9.31		0.32162	0.5219	65.7901743415	26.2984
4 0 0			-0.59		-1.7		22.65		0.32162	8.3901	35.6934066618	787.9925
4 6 2			0.03		-1.67		22.04		0.32161	0.2349	67.657370766	5.5969
2 4 6			0.03		-1.64		21.46		0.32164	0.785	46.7364348384	64.2552
2 0 10			0.02		-1.62		21.03		0.32141	0.6169	42.9543880851	20.236
0 4 10			0.03		-1.6		20.49		0.32142	0.9893	53.7871001638	44.1425
5 1 13			0.0		-1.59		20.42		0.32253	0.4567	71.2764535317	11.3258
0 2 20			-0.03		-1.63		21.14		0.32083	0.4494	86.0769303832	2.8517
3 5 1			0.01		-1.61		20.83		0.32081	0.5283	53.2544885252	31.9012
5 1 9			0.02		-1.59		20.44		0.32062	0.4583	58.9619928854	19.0838
5 3 9			0.02		-1.57		19.98		0.32057	0.4833	65.0662013285	20.8409
1 1 9			-0.0		-1.57		20.0		0.31995	0.2216	37.1193146943	1.1702
1 5 11			-0.14		-1.71		23.31		0.31997	1.8219	64.7342781598	204.7444
6 0 10			0.02		-1.69		22.82		0.32003	1.0728	69.1331306246	8.9056
4 2 8			0.0		-1.69		22.73		0.32028	0.7605	51.4203212226	2.5419
1 1 13			-0.0		-1.69		22.78		0.32135	0.3722	52.9310122384	10.9703
4 2 10			0.02		-1.67		22.33		0.3213	1.1102	57.0442200735	11.3144
0 2 16			0.02		-1.65		21.91		0.32142	1.8687	67.2407114996	13.8307
0 4 4			-0.0		-1.65		21.94		0.32129	0.8482	39.0545896029	78.0016
7 1 3			-0.0		-1.65		21.98		0.32131	1.4031	66.8553232335	91.2915
4 4 10			0.02		-1.63		21.57		0.32127	0.6886	66.23802526	47.6672
0 2 10			0.01		-1.62		21.28		0.32113	0.4317	42.9590557724	21.0204
1 3 13			0.0		-1.62		21.24		0.32191	0.3907	59.4200243294	11.5335
7 1 7			0.0		-1.62		21.18		0.3224	0.3505	72.2660298289	5.0526
6 4 4			-0.0		-1.62		21.24		0.32241	0.6669	69.2748711385	33.991
6 0 6			0.02		-1.6		20.89		0.3224	1.0815	60.1501886982	39.9969
2 2 6			-0.19		-1.8		25.91		0.32265	8.3224	34.2684003079	615.2447
0 0 10			0.02		-1.78		25.49		0.32261	0.8316	38.8438017949	41.7013
0 0 20			0.02		-1.76		25.11		0.3226	0.4542	83.3712939521	4.3689
1 1 15			0.01		-1.75		24.74		0.32274	0.656	61.3839959686	20.6242
0 4 20			0.01		-1.74		24.52		0.32269	1.027	94.1654323607	18.6345
0 4 2			-0.05		-1.79		25.75		0.32273	3.2657	36.5744795411	137.7475
0 0 22			0.01		-1.78		25.46		0.32243	2.2765	94.0325860765	137.6091
0 0 16			0.01		-1.76		25.14		0.3222	1.3342	64.286058028	116.6634
3 1 13			0.01		-1.76		24.97		0.32271	0.3869	59.4126405656	11.7895
2 6 4			0.0		-1.76		24.96		0.32261	0.8772	60.3635846112	78.02
2 6 2			-0.04		-1.8		26.05		0.32264	1.2892	58.5985395934	134.3564
0 6 16			0.01		-1.78		25.71		0.32282	0.4825	89.3859051251	7.6515
1 3 15			0.01		-1.77		25.43		0.32255	0.2862	67.3623786269	8.1809
4 0 10			0.01		-1.76		25.08		0.32251	0.6243	53.7713327333	45.2096
1 5 9			0.01		-1.75		24.85		0.3224	0.4394	58.984264935	17.7365
0 2 8			-0.02		-1.77		25.44		0.3229	0.1155	35.7619852008	1.7384
0 4 16			0.01		-1.76		25.12		0.32282	1.5557	75.7704700384	94.8658
1 5 1			0.01		-1.75		24.89		0.32281	0.4978	46.196563203	27.3004
7 1 5			-0.02		-1.78		25.5		0.32285	1.5264	69.0427278305	98.726
0 6 6			0.01		-1.76		25.19		0.32284	1.0147	60.183190367	40.9583
5 1 1			0.01		-1.75		24.97		0.32283	0.5346	46.1701152	26.7419
4 0 4			-0.0		-1.75		24.98		0.32275	1.2165	39.0343929222	79.1487
3 3 15			0.0		-1.75		24.93		0.32215	0.3402	73.0835579415	3.8877
2 0 2			0.0		-1.75		24.87		0.32214	0.6502	19.2320929378	35.9547
3 1 11			-0.1		-1.85		27.52		0.32218	2.3814	52.0481274199	292.2152
0 2 12			0.0		-1.84		27.47		0.32184	0.3827	50.6142203783	17.5707
4 2 12			-0.01		-1.86		27.88		0.32109	0.2244	63.468523569	4.7972
2 4 10			0.01		-1.85		27.56		0.32107	0.607	57.0555982332	12.0937
4 6 4			0.0		-1.85		27.52		0.32107	1.0731	69.291881243	33.3045
4 4 8			-0.06		-1.91		29.31		0.3211	3.9407	61.1479986878	218.5721
2 4 8			0.0		-1.9		29.17		0.32121	0.1687	51.4325245866	2.4593
6 0 12			-0.03		-1.94		30.22		0.31982	0.5892	74.995462768	0.9301
0 0 14			-0.01		-1.95		30.53		0.31983	0.8389	55.4890953336	74.9432
4 4 12			0.01		-1.94		30.21		0.31986	1.9475	72.2035773977	130.2426
6 2 6			-0.04		-1.97		31.31		0.31995	3.9921	63.2107357729	344.5633
2 4 0			0.01		-1.97		31.13		0.31995	1.4359	40.0960076051	88.2765
2 2 4			0.0		-1.96		31.05		0.3199	0.7551	29.4672289371	73.6026
3 5 9			0.01		-1.95		30.74		0.31989	0.4755	65.0802252419	19.5165
1 1 5			-0.05		-2.0		32.37		0.31993	1.9661	22.8949597146	247.5537
6 4 6			0.01		-2.0		32.13		0.31989	0.9247	71.9614498967	41.9809
6 0 0			0.01		-1.99		31.85		0.31989	0.7256	54.7363985401	55.434
1 5 3			0.0		-1.98		31.73		0.31989	0.9511	47.585042181	85.8034