HKL Value		Reward		TotalReward	Chi Squared	Z Appr. 	Error	Two-Thetas	Sfs2
0 2 22			0.0		0.0		0.0		0.3	1.8317	96.7387030121	97.213
4 6 0			0.0		0.0		18.55		0.31817	0.7863	67.1083315067	59.4729
6 4 0			1.0		1.0		9.28		0.31817	1.8287	67.0910631577	58.6803
0 2 14			0.09		1.09		8.54		0.31634	0.2479	58.6982494177	6.3292
2 0 14			0.19		1.27		7.19		0.31511	0.2634	58.6945218607	7.3942
4 6 2			0.22		1.5		5.88		0.31506	0.2349	67.657370766	5.5969
9 1 1			0.14		1.64		5.13		0.31499	0.8793	87.9915459652	19.6393
5 1 11			-0.82		0.82		28.81		0.31461	3.2753	64.7131722767	203.727
0 4 10			0.11		0.93		25.94		0.31659	0.9893	53.7871001638	44.1425
3 7 1			0.11		1.04		23.33		0.31649	1.2822	71.5694631273	22.2453
7 3 1			0.1		1.14		21.24		0.31641	0.5095	71.5359286583	22.1332
0 2 8			1.0		2.14		10.64		0.3643	0.1155	35.7619852008	1.7384
5 5 1			0.03		2.17		10.29		0.36423	0.5073	65.769247456	23.9531
6 0 2			0.07		2.24		9.62		0.36429	0.2214	55.354768557	5.4487
6 4 2			0.06		2.3		9.09		0.36431	0.2211	67.6401768609	4.8049
6 2 6			-0.55		1.75		20.17		0.3619	3.9921	63.2107357729	344.5633
0 2 6			-0.04		1.71		21.07		0.36047	1.1672	29.1471999487	131.5155
0 6 8			0.06		1.77		19.89		0.36011	0.7694	64.1950429677	5.6946
4 4 2			-0.15		1.61		23.46		0.36053	1.2125	52.0311030722	128.6454
0 0 20			0.02		1.64		22.9		0.36388	0.4542	83.3712939521	4.3689
6 0 8			0.04		1.68		21.93		0.3637	2.9234	64.163237895	5.3359
3 3 5			-0.06		1.62		23.45		0.3641	1.3995	42.8396693434	151.0913
4 2 14			0.04		1.66		22.51		0.36392	1.2576	70.6282605877	19.9713
2 0 0			-0.04		1.62		23.54		0.36392	2.02	17.6289686615	175.6782
4 2 2			0.03		1.65		22.85		0.36394	0.457	40.8620305525	12.2524
6 2 8			-0.1		1.55		25.34		0.3644	3.3751	67.1207225085	222.106
2 4 2			0.03		1.58		24.66		0.36442	0.3828	40.8766170199	13.2501
7 1 1			0.02		1.6		24.14		0.3644	0.5207	65.7483230412	25.2044
0 6 0			0.03		1.62		23.51		0.3644	1.4277	54.7714555341	59.4019
5 1 13			0.04		1.66		22.71		0.36428	0.4567	71.2764535317	11.3258
1 3 9			0.03		1.69		22.04		0.3642	0.2622	45.3040218183	7.1674
3 1 9			0.03		1.72		21.44		0.3641	0.36	45.2950695798	8.7768
2 6 4			-0.04		1.68		22.36		0.36405	0.8772	60.3635846112	78.02
0 6 2			0.03		1.7		21.74		0.36407	0.2356	55.3895592761	6.1752
4 4 10			0.0		1.71		21.68		0.36439	0.6886	66.23802526	47.6672
3 1 15			0.03		1.73		21.13		0.36442	0.2871	67.3554895111	7.7692
2 4 0			0.01		1.74		20.93		0.36442	1.4359	40.0960076051	88.2765
3 3 9			0.02		1.76		20.51		0.3643	0.3816	52.4524123761	12.0632
3 3 13			0.03		1.79		20.0		0.36408	0.5636	65.4922780779	9.1158
1 7 1			0.01		1.8		19.78		0.36406	0.5219	65.7901743415	26.2984
5 1 9			0.02		1.82		19.47		0.3639	0.4583	58.9619928854	19.0838
1 3 15			0.02		1.84		19.06		0.36393	0.2862	67.3623786269	8.1809
5 3 9			0.01		1.85		18.87		0.36379	0.4833	65.0662013285	20.8409
0 2 20			0.02		1.87		18.43		0.36374	0.4494	86.0769303832	2.8517
2 0 16			0.02		1.89		18.01		0.36374	0.5935	67.2372591268	11.8907
2 0 10			0.01		1.9		17.91		0.36371	0.6169	42.9543880851	20.236
6 2 10			0.0		1.9		17.9		0.36391	0.7103	71.9901825081	43.9921
4 6 6			0.02		1.92		17.52		0.36388	1.1903	71.9781772466	41.9784
4 2 8			0.02		1.94		17.25		0.36375	0.7605	51.4203212226	2.5419
4 2 0			0.01		1.94		17.16		0.36375	0.9287	40.0811891304	86.5118
1 1 9			0.02		1.96		16.82		0.36375	0.2216	37.1193146943	1.1702
1 1 13			0.02		1.98		16.49		0.36372	0.3722	52.9310122384	10.9703
6 0 10			0.01		2.0		16.27		0.36371	1.0728	69.1331306246	8.9056
0 2 10			0.0		2.0		16.23		0.36368	0.4317	42.9590557724	21.0204
2 2 12			-0.09		1.91		17.89		0.36311	1.9766	54.0147953295	208.0279
0 2 16			0.02		1.93		17.58		0.36321	1.8687	67.2407114996	13.8307
0 0 10			-0.0		1.92		17.58		0.36338	0.8316	38.8438017949	41.7013
0 4 4			-0.03		1.89		18.17		0.36334	0.8482	39.0545896029	78.0016
6 0 6			0.01		1.91		17.92		0.36325	1.0815	60.1501886982	39.9969
5 1 1			0.01		1.91		17.82		0.36324	0.5346	46.1701152	26.7419
0 4 16			0.01		1.93		17.57		0.36348	1.5557	75.7704700384	94.8658
1 5 1			0.0		1.93		17.48		0.36347	0.4978	46.196563203	27.3004
2 0 12			0.01		1.94		17.31		0.36337	0.8079	50.6101057273	16.6151
4 0 10			-0.0		1.94		17.34		0.36354	0.6243	53.7713327333	45.2096
0 0 22			0.01		1.95		17.1		0.36354	2.2765	94.0325860765	137.6091
3 5 1			0.0		1.96		17.04		0.36354	0.5283	53.2544885252	31.9012
2 4 6			0.01		1.96		16.96		0.3634	0.785	46.7364348384	64.2552
0 0 16			0.01		1.97		16.83		0.36376	1.3342	64.286058028	116.6634
4 2 10			0.01		1.98		16.68		0.36374	1.1102	57.0442200735	11.3144
2 6 10			-0.0		1.98		16.7		0.3639	0.7069	72.0169435829	44.7171
3 3 15			0.01		1.99		16.47		0.36392	0.3402	73.0835579415	3.8877
6 4 4			0.0		1.99		16.42		0.36393	0.6669	69.2748711385	33.991
1 1 15			0.01		2.0		16.32		0.36398	0.656	61.3839959686	20.6242
0 6 10			0.01		2.01		16.16		0.36397	0.8527	69.1637693973	8.5049
0 6 6			0.01		2.02		16.01		0.36388	1.0147	60.183190367	40.9583
4 4 12			-0.03		1.99		16.45		0.36352	1.9475	72.2035773977	130.2426
2 4 10			0.01		2.0		16.33		0.36351	0.607	57.0555982332	12.0937
0 6 4			-0.01		1.99		16.42		0.36353	0.6675	57.2171401797	42.9768
4 0 4			-0.03		1.97		16.88		0.3635	1.2165	39.0343929222	79.1487
0 2 12			0.01		1.97		16.76		0.36341	0.3827	50.6142203783	17.5707
1 5 9			0.01		1.98		16.63		0.3633	0.4394	58.984264935	17.7365
0 4 20			0.01		2.0		16.42		0.36332	1.027	94.1654323607	18.6345
4 2 12			0.01		2.01		16.24		0.36329	0.2244	63.468523569	4.7972
2 0 2			-0.01		2.0		16.36		0.36329	0.6502	19.2320929378	35.9547
1 1 1			-0.01		1.99		16.46		0.36327	0.5749	13.0194761966	56.7652
0 6 16			0.01		2.0		16.27		0.3632	0.4825	89.3859051251	7.6515
6 0 4			-0.0		2.0		16.35		0.36322	0.7069	57.1830782131	42.6751
2 4 8			0.01		2.01		16.21		0.36313	0.1687	51.4325245866	2.4593
0 4 12			-0.04		1.97		16.91		0.36278	1.4889	60.4300914167	161.7651
2 2 10			-0.0		1.96		16.94		0.3629	0.6429	46.7739448495	44.8949
2 0 8			0.01		1.98		16.76		0.36288	0.1665	35.7565424018	1.5727
6 0 12			0.01		1.99		16.57		0.36288	0.5892	74.995462768	0.9301
3 5 9			0.0		1.99		16.49		0.36279	0.4755	65.0802252419	19.5165
3 1 13			0.01		2.0		16.32		0.36282	0.3869	59.4126405656	11.7895
1 3 1			-0.0		2.0		16.35		0.36281	0.5324	28.3265170018	42.1271
6 4 6			0.01		2.01		16.18		0.36281	0.9247	71.9614498967	41.9809
4 6 4			0.0		2.01		16.15		0.36281	1.0731	69.291881243	33.3045
4 2 6			0.0		2.02		16.08		0.36272	1.6049	46.7233273538	62.1975
3 1 7			0.01		2.03		15.93		0.36272	0.257	39.2655360855	5.205
7 1 7			0.01		2.04		15.78		0.36273	0.3505	72.2660298289	5.0526
3 3 7			0.01		2.05		15.63		0.36273	0.1558	47.1418707618	3.5073
2 2 4			-0.02		2.02		15.98		0.36272	0.7551	29.4672289371	73.6026