HKL Value		Reward		TotalReward	Chi Squared	Z Appr. 	Error	Two-Thetas	Sfs2
0 4 2			0.0		0.0		0.0		0.3	3.2657	36.5744795411	137.7475
3 1 7			0.0		0.0		75.63		0.38231	0.257	39.2655360855	5.205
4 6 0			1.0		1.0		37.84		0.38231	0.7863	67.1083315067	59.4729
0 2 20			0.47		1.47		25.78		0.38574	0.4494	86.0769303832	2.8517
6 4 0			0.33		1.8		19.34		0.38574	1.8287	67.0910631577	58.6803
0 2 14			0.21		2.01		15.95		0.38505	0.2479	58.6982494177	6.3292
2 0 14			0.19		2.2		13.46		0.38472	0.2634	58.6945218607	7.3942
2 2 16			0.14		2.33		11.84		0.3842	1.1693	70.1293332912	108.6018
6 0 2			0.14		2.47		10.38		0.38421	0.2214	55.354768557	5.4487
0 6 8			0.07		2.54		9.71		0.38444	0.7694	64.1950429677	5.6946
6 2 10			0.04		2.59		9.3		0.38388	0.7103	71.9901825081	43.9921
6 4 2			0.09		2.68		8.55		0.38391	0.2211	67.6401768609	4.8049
4 6 2			0.07		2.75		7.97		0.38393	0.2349	67.657370766	5.5969
0 6 2			0.08		2.83		7.38		0.38395	0.2356	55.3895592761	6.1752
9 1 1			0.01		2.83		7.34		0.38393	0.8793	87.9915459652	19.6393
0 6 10			0.03		2.86		7.14		0.38347	0.8527	69.1637693973	8.5049
7 3 1			-0.01		2.85		7.21		0.38345	0.5095	71.5359286583	22.1332
5 5 1			-0.01		2.84		7.26		0.38343	0.5073	65.769247456	23.9531
2 6 6			-0.64		2.2		20.15		0.38275	5.383	63.2392339525	346.2148