HKL Value		Reward		TotalReward	Chi Squared	Z Appr. 	Error	Two-Thetas	Sfs2
2 4 2			0.0		0.0		0.0		0.3	0.3828	40.8766170199	13.2501
4 6 0			0.0		0.0		2.07		0.24999	0.7863	67.1083315067	59.4729
6 4 0			0.99		0.99		1.04		0.24999	1.8287	67.0910631577	58.6803
0 2 14			-0.58		0.4		2.5		0.33254	0.2479	58.6982494177	6.3292
9 1 1			-0.02		0.38		2.55		0.33229	0.8793	87.9915459652	19.6393
2 0 14			0.25		0.63		2.04		0.33215	0.2634	58.6945218607	7.3942
6 4 2			0.07		0.7		1.92		0.33205	0.2211	67.6401768609	4.8049
5 5 1			-0.1		0.6		2.13		0.33191	0.5073	65.769247456	23.9531
3 1 13			0.06		0.66		2.0		0.3309	0.3869	59.4126405656	11.7895
0 0 2			-0.81		-0.15		10.6		0.33109	1.161	7.62646333295	98.931
7 3 1			0.07		-0.08		9.91		0.33098	0.5095	71.5359286583	22.1332
3 7 1			0.06		-0.02		9.35		0.33086	1.2822	71.5694631273	22.2453
3 1 9			-0.13		-0.14		10.69		0.32942	0.36	45.2950695798	8.7768
0 6 2			0.06		-0.09		10.09		0.32938	0.2356	55.3895592761	6.1752
0 4 20			0.02		-0.07		9.91		0.33343	1.027	94.1654323607	18.6345
6 0 2			0.05		-0.02		9.43		0.33342	0.2214	55.354768557	5.4487
3 5 3			-0.11		-0.13		10.64		0.3334	0.9259	54.5093201099	87.7589
6 0 8			0.06		-0.07		10.05		0.33216	2.9234	64.163237895	5.3359
4 0 0			-0.72		-0.79		35.94		0.33214	8.3901	35.6934066618	787.9925
3 3 9			0.03		-0.77		35.0		0.32887	0.3816	52.4524123761	12.0632
1 3 9			0.02		-0.75		34.37		0.31983	0.2622	45.3040218183	7.1674
6 2 8			-0.17		-0.92		41.63		0.32199	3.3751	67.1207225085	222.106
3 1 15			0.05		-0.87		39.78		0.31942	0.2871	67.3554895111	7.7692
4 2 14			0.04		-0.83		38.16		0.31959	1.2576	70.6282605877	19.9713
7 1 1			0.04		-0.8		36.82		0.31951	0.5207	65.7483230412	25.2044
4 2 2			0.04		-0.76		35.57		0.31943	0.457	40.8620305525	12.2524
0 6 8			0.04		-0.72		34.27		0.31969	0.7694	64.1950429677	5.6946
0 2 16			0.04		-0.69		33.07		0.32073	1.8687	67.2407114996	13.8307
4 0 8			-0.16		-0.85		39.32		0.32108	2.9483	47.8850437629	244.3799
5 1 9			0.03		-0.81		38.1		0.3204	0.4583	58.9619928854	19.0838
5 3 9			0.03		-0.78		36.84		0.32026	0.4833	65.0662013285	20.8409
0 6 0			0.03		-0.75		35.86		0.32026	1.4277	54.7714555341	59.4019
4 0 14			-0.06		-0.81		38.0		0.32023	1.986	67.7459682929	124.3248
1 7 1			0.03		-0.78		37.05		0.32016	0.5219	65.7901743415	26.2984
0 2 20			0.02		-0.77		36.42		0.31658	0.4494	86.0769303832	2.8517
4 4 10			0.03		-0.74		35.43		0.31691	0.6886	66.23802526	47.6672
4 0 12			0.01		-0.73		35.01		0.31787	2.7435	60.4154589103	161.2613
2 4 6			0.03		-0.7		34.1		0.31794	0.785	46.7364348384	64.2552
2 0 10			0.03		-0.67		33.25		0.31776	0.6169	42.9543880851	20.236
2 0 16			0.02		-0.65		32.62		0.31844	0.5935	67.2372591268	11.8907
1 1 9			0.02		-0.64		32.13		0.31766	0.2216	37.1193146943	1.1702
6 0 10			0.02		-0.61		31.39		0.3179	1.0728	69.1331306246	8.9056
1 1 1			0.01		-0.6		31.05		0.31786	0.5749	13.0194761966	56.7652
4 2 8			0.01		-0.6		30.83		0.31815	0.7605	51.4203212226	2.5419
0 0 16			0.02		-0.57		30.13		0.31813	1.3342	64.286058028	116.6634
0 4 16			0.02		-0.55		29.5		0.31834	1.5557	75.7704700384	94.8658
0 2 12			0.02		-0.54		29.01		0.31778	0.3827	50.6142203783	17.5707
0 4 10			0.02		-0.52		28.44		0.31799	0.9893	53.7871001638	44.1425
2 6 4			0.01		-0.51		28.26		0.31783	0.8772	60.3635846112	78.02
2 2 6			-0.18		-0.69		34.45		0.31825	8.3224	34.2684003079	615.2447
2 0 12			0.02		-0.67		33.93		0.31775	0.8079	50.6101057273	16.6151
6 0 6			0.02		-0.65		33.27		0.31773	1.0815	60.1501886982	39.9969
0 0 10			0.02		-0.63		32.67		0.31791	0.8316	38.8438017949	41.7013
1 7 7			0.0		-0.63		32.59		0.31857	0.4353	72.3061031614	6.1143
0 0 20			0.02		-0.61		32.0		0.31852	0.4542	83.3712939521	4.3689
6 2 10			0.02		-0.6		31.44		0.31865	0.7103	71.9901825081	43.9921
4 0 10			0.02		-0.58		30.9		0.31874	0.6243	53.7713327333	45.2096
2 6 10			0.02		-0.56		30.38		0.31885	0.7069	72.0169435829	44.7171
3 1 7			-0.0		-0.57		30.51		0.31954	0.257	39.2655360855	5.205
1 5 1			0.01		-0.55		30.12		0.31953	0.4978	46.196563203	27.3004
3 3 15			0.01		-0.54		29.7		0.3192	0.3402	73.0835579415	3.8877
0 0 22			0.02		-0.52		29.25		0.31917	2.2765	94.0325860765	137.6091
0 6 6			0.02		-0.51		28.78		0.31917	1.0147	60.183190367	40.9583
0 2 10			0.01		-0.49		28.37		0.31908	0.4317	42.9590557724	21.0204
1 1 15			0.01		-0.48		28.04		0.31922	0.656	61.3839959686	20.6242
3 5 1			0.01		-0.47		27.73		0.31921	0.5283	53.2544885252	31.9012
7 1 7			-0.0		-0.47		27.76		0.31967	0.3505	72.2660298289	5.0526
5 1 13			-0.0		-0.47		27.81		0.32033	0.4567	71.2764535317	11.3258
4 0 4			0.0		-0.47		27.75		0.32025	1.2165	39.0343929222	79.1487
4 2 10			0.01		-0.46		27.35		0.32024	1.1102	57.0442200735	11.3144
6 4 4			0.0		-0.45		27.31		0.32024	0.6669	69.2748711385	33.991
0 0 12			-0.01		-0.46		27.59		0.3206	3.2426	47.0346015839	274.3783
3 3 5			-0.04		-0.51		28.82		0.32066	1.3995	42.8396693434	151.0913
5 3 3			-0.0		-0.51		28.86		0.32067	0.9351	54.4936931553	89.9375