HKL Value		Reward		TotalReward	Chi Squared	Z Appr. 	Error	Two-Thetas	Sfs2
4 6 0			0.0		0.0		0.0		0.3	0.7863	67.1083315067	59.4729
6 4 0			0.0		0.0		0.05		0.3	1.8287	67.0910631577	58.6803
0 2 14			1.0		1.0		0.03		0.27891	0.2479	58.6982494177	6.3292
9 1 1			0.5		1.5		0.02		0.2789	0.8793	87.9915459652	19.6393
1 5 1			-0.97		0.52		0.72		0.27821	0.4978	46.196563203	27.3004
2 0 14			0.2		0.73		0.6		0.27905	0.2634	58.6945218607	7.3942
5 5 1			0.18		0.9		0.51		0.27899	0.5073	65.769247456	23.9531
6 2 8			-0.96		-0.05		12.43		0.2418	3.3751	67.1207225085	222.106
6 4 2			0.13		0.07		11.02		0.24178	0.2211	67.6401768609	4.8049
1 3 15			0.07		0.15		10.27		0.24146	0.2862	67.3623786269	8.1809
3 7 1			0.1		0.24		9.36		0.2416	1.2822	71.5694631273	22.2453
6 0 2			0.1		0.34		8.53		0.24161	0.2214	55.354768557	5.4487
7 3 1			0.08		0.42		7.92		0.24175	0.5095	71.5359286583	22.1332
3 1 15			0.04		0.46		7.62		0.2414	0.2871	67.3554895111	7.7692
0 6 2			0.07		0.53		7.1		0.2414	0.2356	55.3895592761	6.1752
2 4 2			0.05		0.58		6.76		0.24143	0.3828	40.8766170199	13.2501
4 2 14			0.01		0.59		6.7		0.24365	1.2576	70.6282605877	19.9713
3 1 9			0.06		0.65		6.31		0.24383	0.36	45.2950695798	8.7768
2 2 14			-0.41		0.25		10.63		0.24319	1.0835	61.7979105177	101.9829
1 5 3			-0.17		0.07		12.87		0.25309	0.9511	47.585042181	85.8034
1 3 9			0.04		0.11		12.35		0.25272	0.2622	45.3040218183	7.1674
6 0 8			0.01		0.13		12.2		0.25311	2.9234	64.163237895	5.3359
7 1 1			0.05		0.17		11.66		0.25308	0.5207	65.7483230412	25.2044
3 3 9			0.02		0.2		11.38		0.25237	0.3816	52.4524123761	12.0632
4 2 2			0.04		0.23		10.97		0.25236	0.457	40.8620305525	12.2524
5 1 9			0.05		0.28		10.49		0.24295	0.4583	58.9619928854	19.0838
5 3 9			0.03		0.31		10.16		0.2423	0.4833	65.0662013285	20.8409
2 4 10			0.02		0.33		10.0		0.24252	0.607	57.0555982332	12.0937
0 2 16			0.03		0.36		9.7		0.24165	1.8687	67.2407114996	13.8307
0 4 18			0.02		0.38		9.47		0.24267	0.8369	84.5238780681	17.4513
1 7 1			0.03		0.42		9.16		0.24267	0.5219	65.7901743415	26.2984
0 2 20			0.03		0.45		8.88		0.24282	0.4494	86.0769303832	2.8517
2 2 0			-0.69		-0.24		28.91		0.24282	11.1953	25.0390113278	1035.9387
0 6 0			0.02		-0.22		28.23		0.24282	1.4277	54.7714555341	59.4019
0 2 12			-0.01		-0.23		28.59		0.24092	0.3827	50.6142203783	17.5707
2 0 10			0.02		-0.22		28.11		0.24102	0.6169	42.9543880851	20.236
2 6 4			0.02		-0.19		27.46		0.24098	0.8772	60.3635846112	78.02
5 3 1			0.03		-0.16		26.73		0.24096	0.5252	53.2386121167	32.835
2 0 12			-0.01		-0.17		26.94		0.23949	0.8079	50.6101057273	16.6151
1 1 9			0.02		-0.15		26.43		0.23996	0.2216	37.1193146943	1.1702
0 4 16			0.03		-0.13		25.78		0.24012	1.5557	75.7704700384	94.8658
0 6 6			-0.0		-0.13		25.9		0.24012	1.0147	60.183190367	40.9583
0 4 20			0.02		-0.11		25.46		0.23932	1.027	94.1654323607	18.6345
2 0 16			0.02		-0.09		24.87		0.23928	0.5935	67.2372591268	11.8907
6 0 10			0.02		-0.07		24.4		0.2393	1.0728	69.1331306246	8.9056
5 5 5			0.0		-0.07		24.35		0.23915	1.5862	69.0631626084	104.8873
2 2 10			0.0		-0.07		24.3		0.23903	0.6429	46.7739448495	44.8949
6 0 6			-0.0		-0.07		24.42		0.23903	1.0815	60.1501886982	39.9969
2 6 10			0.0		-0.07		24.35		0.2389	0.7069	72.0169435829	44.7171
0 0 10			0.0		-0.07		24.27		0.23878	0.8316	38.8438017949	41.7013
3 3 7			0.02		-0.05		23.84		0.23867	0.1558	47.1418707618	3.5073
0 0 16			0.01		-0.04		23.52		0.23899	1.3342	64.286058028	116.6634
7 1 5			-0.0		-0.04		23.6		0.23884	1.5264	69.0427278305	98.726
0 6 8			0.02		-0.02		23.21		0.23877	0.7694	64.1950429677	5.6946
4 0 10			0.0		-0.02		23.18		0.23865	0.6243	53.7713327333	45.2096
0 0 22			-0.01		-0.03		23.52		0.23784	2.2765	94.0325860765	137.6091
0 6 10			0.01		-0.02		23.18		0.23786	0.8527	69.1637693973	8.5049
0 4 10			0.0		-0.02		23.12		0.23773	0.9893	53.7871001638	44.1425
5 3 11			-0.09		-0.11		25.47		0.23793	1.8677	70.5420870211	204.0714
1 3 11			-0.13		-0.24		29.17		0.23816	2.4293	52.0561920156	298.4303
7 3 3			-0.01		-0.25		29.58		0.23819	1.9283	72.601334037	69.5466