HKL Value		Reward		TotalReward	Chi Squared	Z Appr. 	Error	Two-Thetas	Sfs2
2 2 10			0.0		0.0		0.0		0.3	0.6429	46.7739448495	44.8949
3 1 7			0.0		0.0		12.02		0.32849	0.257	39.2655360855	5.205
4 6 0			0.99		0.99		6.03		0.32849	0.7863	67.1083315067	59.4729
6 4 0			0.5		1.49		4.03		0.32849	1.8287	67.0910631577	58.6803
0 2 14			0.18		1.68		3.4		0.33067	0.2479	58.6982494177	6.3292
2 0 14			0.23		1.91		2.76		0.33113	0.2634	58.6945218607	7.3942
3 1 5			-0.89		1.02		24.88		0.33276	2.8985	34.1781376955	186.2389
0 6 8			0.16		1.18		21.43		0.33238	0.7694	64.1950429677	5.6946
6 0 2			0.12		1.3		19.07		0.33235	0.2214	55.354768557	5.4487
4 6 2			0.11		1.42		17.15		0.33226	0.2349	67.657370766	5.5969
6 4 2			0.1		1.52		15.56		0.33217	0.2211	67.6401768609	4.8049
0 6 2			0.08		1.6		14.42		0.33214	0.2356	55.3895592761	6.1752
0 6 10			0.06		1.66		13.58		0.33176	0.8527	69.1637693973	8.5049
7 1 1			0.04		1.7		13.1		0.33161	0.5207	65.7483230412	25.2044
9 1 1			0.06		1.76		12.35		0.3315	0.8793	87.9915459652	19.6393
2 2 0			-0.77		0.98		54.84		0.3315	11.1953	25.0390113278	1035.9387
5 5 1			0.06		1.04		51.63		0.33138	0.5073	65.769247456	23.9531
7 3 1			0.06		1.1		48.81		0.33125	0.5095	71.5359286583	22.1332
3 7 1			0.05		1.16		46.31		0.33113	1.2822	71.5694631273	22.2453
2 4 2			0.05		1.2		44.26		0.33104	0.3828	40.8766170199	13.2501
4 2 2			0.04		1.25		42.37		0.33093	0.457	40.8620305525	12.2524
3 3 9			0.03		1.28		41.22		0.32985	0.3816	52.4524123761	12.0632
2 0 16			0.04		1.32		39.54		0.32776	0.5935	67.2372591268	11.8907
0 0 16			0.03		1.35		38.39		0.32362	1.3342	64.286058028	116.6634
6 0 8			0.04		1.39		36.81		0.3238	2.9234	64.163237895	5.3359
1 3 9			0.02		1.41		36.09		0.32209	0.2622	45.3040218183	7.1674
3 1 9			0.03		1.44		35.09		0.32096	0.36	45.2950695798	8.7768
0 6 0			0.03		1.47		34.03		0.32096	1.4277	54.7714555341	59.4019
3 1 15			0.04		1.51		32.87		0.32028	0.2871	67.3554895111	7.7692
5 1 9			0.03		1.54		31.85		0.3199	0.4583	58.9619928854	19.0838
0 2 16			0.03		1.57		30.85		0.32038	1.8687	67.2407114996	13.8307
1 1 9			0.01		1.58		30.47		0.31918	0.2216	37.1193146943	1.1702
0 2 20			0.02		1.6		30.01		0.31719	0.4494	86.0769303832	2.8517
1 7 1			0.02		1.62		29.3		0.31716	0.5219	65.7901743415	26.2984
0 6 4			-0.0		1.62		29.37		0.31713	0.6675	57.2171401797	42.9768
4 2 14			0.03		1.65		28.63		0.31724	1.2576	70.6282605877	19.9713
5 1 13			-0.02		1.63		29.14		0.31903	0.4567	71.2764535317	11.3258
2 0 6			0.01		1.64		28.77		0.31918	1.6278	29.1406672869	128.8477
4 2 10			0.03		1.67		28.01		0.31919	1.1102	57.0442200735	11.3144
6 0 10			0.03		1.69		27.31		0.3193	1.0728	69.1331306246	8.9056
5 3 11			-0.11		1.58		30.84		0.31933	1.8677	70.5420870211	204.0714
4 2 8			0.01		1.59		30.56		0.31962	0.7605	51.4203212226	2.5419
0 2 18			0.01		1.6		30.23		0.31833	0.3755	76.3208597895	3.7538
1 3 1			0.01		1.61		29.84		0.31831	0.5324	28.3265170018	42.1271
2 0 10			0.02		1.63		29.21		0.31822	0.6169	42.9543880851	20.236
1 1 7			-0.01		1.62		29.52		0.3189	0.2012	29.7561292971	6.5386
0 4 10			0.02		1.64		28.9		0.31898	0.9893	53.7871001638	44.1425
1 1 11			-0.18		1.47		35.09		0.31901	2.144	44.8525636461	378.5934
1 1 13			-0.0		1.47		35.11		0.31979	0.3722	52.9310122384	10.9703
4 6 6			0.02		1.48		34.55		0.31971	1.1903	71.9781772466	41.9784
1 3 13			0.0		1.49		34.45		0.32036	0.3907	59.4200243294	11.5335
5 3 9			0.02		1.51		33.77		0.32034	0.4833	65.0662013285	20.8409
3 3 13			-0.0		1.51		33.82		0.32106	0.5636	65.4922780779	9.1158
4 0 4			0.01		1.51		33.64		0.321	1.2165	39.0343929222	79.1487
6 0 6			0.02		1.53		33.03		0.32097	1.0815	60.1501886982	39.9969
0 6 16			0.02		1.54		32.54		0.3212	0.4825	89.3859051251	7.6515
1 1 15			0.02		1.56		32.02		0.3213	0.656	61.3839959686	20.6242
0 4 20			0.01		1.57		31.63		0.32126	1.027	94.1654323607	18.6345
6 2 10			0.02		1.59		31.08		0.32126	0.7103	71.9901825081	43.9921
0 0 10			0.02		1.61		30.56		0.32126	0.8316	38.8438017949	41.7013
4 0 10			0.02		1.62		30.05		0.32126	0.6243	53.7713327333	45.2096
0 0 20			0.02		1.64		29.58		0.32125	0.4542	83.3712939521	4.3689
3 5 1			0.01		1.65		29.24		0.32124	0.5283	53.2544885252	31.9012
2 0 12			0.0		1.66		29.11		0.32089	0.8079	50.6101057273	16.6151
1 5 7			0.0		1.66		29.08		0.32122	0.6035	54.1236034243	4.2528
4 4 10			0.02		1.67		28.64		0.3212	0.6886	66.23802526	47.6672
5 1 1			0.01		1.68		28.32		0.32119	0.5346	46.1701152	26.7419
4 0 2			-0.04		1.64		29.47		0.32121	1.7854	36.5531212028	138.5255
0 6 6			0.01		1.66		29.05		0.32121	1.0147	60.183190367	40.9583
0 0 22			0.01		1.67		28.68		0.32112	2.2765	94.0325860765	137.6091
3 1 13			0.0		1.68		28.55		0.32148	0.3869	59.4126405656	11.7895
2 4 8			0.01		1.68		28.38		0.32159	0.1687	51.4325245866	2.4593
0 0 4			0.0		1.69		28.28		0.32154	0.8482	15.2869714585	59.1035
6 4 6			0.01		1.7		28.02		0.3215	0.9247	71.9614498967	41.9809
0 2 10			0.01		1.71		27.71		0.32144	0.4317	42.9590557724	21.0204
5 5 7			-0.0		1.7		27.78		0.32175	0.6639	72.2860687267	4.3062
6 0 0			0.01		1.72		27.47		0.32175	0.7256	54.7363985401	55.434
2 6 10			0.01		1.73		27.11		0.32175	0.7069	72.0169435829	44.7171
2 4 12			-0.02		1.71		27.55		0.32113	0.2205	63.4791913795	4.8908
0 2 8			-0.02		1.69		28.18		0.32142	0.1155	35.7619852008	1.7384
3 3 7			-0.0		1.69		28.3		0.32176	0.1558	47.1418707618	3.5073