HKL Value		Reward		TotalReward	Chi Squared	Z Appr. 	Error	Two-Thetas	Sfs2
4 6 0			0.0		0.0		0.0		0.3	0.7863	67.1083315067	59.4729
2 2 16			0.0		0.0		0.04		0.30626	1.1693	70.1293332912	108.6018
4 2 6			-0.88		-0.88		0.35		0.31928	1.6049	46.7233273538	62.1975
0 4 16			-0.04		-0.92		0.36		0.32022	1.5557	75.7704700384	94.8658
0 2 14			-0.87		-1.79		2.71		0.31903	0.2479	58.6982494177	6.3292
6 4 0			0.25		-1.54		2.17		0.31903	1.8287	67.0910631577	58.6803
3 1 9			0.21		-1.32		1.79		0.30863	0.36	45.2950695798	8.7768
5 1 9			0.03		-1.29		1.73		0.31142	0.4583	58.9619928854	19.0838
0 2 12			0.13		-1.16		1.53		0.31237	0.3827	50.6142203783	17.5707
0 0 6			-0.96		-2.12		42.39		0.3165	7.4326	23.0169618987	709.6598
2 0 12			0.1		-2.02		38.43		0.31517	0.8079	50.6101057273	16.6151
2 2 12			-0.01		-2.03		38.68		0.31759	1.9766	54.0147953295	208.0279
5 5 1			0.09		-1.94		35.64		0.31756	0.5073	65.769247456	23.9531
6 4 2			0.08		-1.86		32.93		0.31754	0.2211	67.6401768609	4.8049
1 3 9			0.06		-1.8		30.98		0.3168	0.2622	45.3040218183	7.1674
0 0 20			0.07		-1.73		28.92		0.31682	0.4542	83.3712939521	4.3689
0 6 8			0.06		-1.66		27.26		0.3169	0.7694	64.1950429677	5.6946
1 1 9			0.04		-1.62		26.15		0.31612	0.2216	37.1193146943	1.1702
6 0 8			0.05		-1.57		24.86		0.31618	2.9234	64.163237895	5.3359
0 6 2			0.05		-1.52		23.69		0.31617	0.2356	55.3895592761	6.1752
2 0 14			0.04		-1.48		22.68		0.31586	0.2634	58.6945218607	7.3942
0 6 0			0.04		-1.44		21.91		0.31586	1.4277	54.7714555341	59.4019
0 2 16			0.03		-1.41		21.35		0.31639	1.8687	67.2407114996	13.8307
1 5 5			-0.14		-1.55		24.82		0.3165	1.8923	50.2743192378	127.3636
7 1 1			0.03		-1.52		24.02		0.31647	0.5207	65.7483230412	25.2044
2 4 2			0.03		-1.49		23.3		0.31644	0.3828	40.8766170199	13.2501
9 1 1			0.04		-1.45		22.47		0.31642	0.8793	87.9915459652	19.6393
0 2 10			0.04		-1.42		21.67		0.31625	0.4317	42.9590557724	21.0204
3 7 1			0.03		-1.38		20.99		0.31622	1.2822	71.5694631273	22.2453
6 0 0			0.03		-1.36		20.42		0.31622	0.7256	54.7363985401	55.434
0 0 22			0.03		-1.33		19.83		0.31642	2.2765	94.0325860765	137.6091
6 0 10			0.03		-1.3		19.31		0.3168	1.0728	69.1331306246	8.9056
6 0 6			0.03		-1.27		18.7		0.31679	1.0815	60.1501886982	39.9969
5 3 1			0.02		-1.25		18.39		0.31676	0.5252	53.2386121167	32.835
1 5 1			0.02		-1.23		18.07		0.31673	0.4978	46.196563203	27.3004
0 4 20			0.02		-1.21		17.65		0.31633	1.027	94.1654323607	18.6345
0 0 16			0.03		-1.18		17.16		0.31636	1.3342	64.286058028	116.6634
7 3 1			0.02		-1.16		16.76		0.31635	0.5095	71.5359286583	22.1332
3 5 9			0.03		-1.13		16.32		0.31638	0.4755	65.0802252419	19.5165
1 3 5			-0.18		-1.31		19.81		0.3165	3.1323	34.189462707	190.138
4 2 2			0.02		-1.29		19.45		0.31648	0.457	40.8620305525	12.2524
4 2 10			0.02		-1.26		19.0		0.31664	1.1102	57.0442200735	11.3144
4 4 4			-0.0		-1.26		19.03		0.31644	0.8476	53.9354251327	76.9211
1 7 1			0.02		-1.25		18.74		0.31641	0.5219	65.7901743415	26.2984
4 2 12			0.01		-1.24		18.64		0.31547	0.2244	63.468523569	4.7972
4 0 10			0.02		-1.23		18.34		0.31574	0.6243	53.7713327333	45.2096
1 3 1			0.01		-1.22		18.22		0.31572	0.5324	28.3265170018	42.1271
0 6 12			0.0		-1.22		18.21		0.31484	0.3425	75.0250979777	1.887
0 2 20			0.02		-1.2		17.85		0.31469	0.4494	86.0769303832	2.8517
0 4 6			-0.22		-1.42		22.78		0.31495	3.7688	42.9189471786	481.9509
4 2 14			0.02		-1.4		22.42		0.31502	1.2576	70.6282605877	19.9713
0 6 4			-0.01		-1.41		22.6		0.315	0.6675	57.2171401797	42.9768
2 6 10			0.01		-1.39		22.29		0.31519	0.7069	72.0169435829	44.7171
3 3 9			0.02		-1.38		21.88		0.31515	0.3816	52.4524123761	12.0632
6 0 2			0.02		-1.36		21.51		0.31515	0.2214	55.354768557	5.4487
1 5 9			0.02		-1.34		21.12		0.31511	0.4394	58.984264935	17.7365
0 4 10			0.01		-1.33		20.86		0.3153	0.9893	53.7871001638	44.1425
1 1 1			0.0		-1.32		20.79		0.31528	0.5749	13.0194761966	56.7652
0 2 18			0.02		-1.31		20.44		0.31518	0.3755	76.3208597895	3.7538
5 3 9			0.02		-1.29		20.11		0.31522	0.4833	65.0662013285	20.8409
2 4 10			0.02		-1.28		19.8		0.31529	0.607	57.0555982332	12.0937
0 6 16			-0.01		-1.28		19.93		0.31555	0.4825	89.3859051251	7.6515
2 6 4			0.0		-1.28		19.89		0.31547	0.8772	60.3635846112	78.02
6 0 12			-0.01		-1.29		20.04		0.31468	0.5892	74.995462768	0.9301
3 5 11			-0.1		-1.39		22.38		0.31464	1.8915	70.5555824797	206.4699
2 0 2			0.0		-1.39		22.32		0.31463	0.6502	19.2320929378	35.9547
2 0 16			0.0		-1.39		22.23		0.31475	0.5935	67.2372591268	11.8907
0 6 6			0.02		-1.37		21.9		0.31475	1.0147	60.183190367	40.9583
5 1 3			-0.0		-1.37		21.91		0.31477	0.9592	47.5591860667	88.1873
4 2 0			0.01		-1.36		21.78		0.31477	0.9287	40.0811891304	86.5118
3 1 1			0.01		-1.36		21.65		0.31476	0.5239	28.3131072915	41.7464
1 1 15			0.01		-1.35		21.52		0.31482	0.656	61.3839959686	20.6242
0 6 18			0.01		-1.34		21.23		0.31479	0.7949	98.0280769063	1.8601
7 3 3			0.0		-1.34		21.19		0.3148	1.9283	72.601334037	69.5466
4 0 6			-0.13		-1.47		24.48		0.31499	5.3963	42.900258124	488.2208
2 0 10			0.01		-1.46		24.15		0.31497	0.6169	42.9543880851	20.236
0 2 2			0.0		-1.46		24.09		0.31496	0.4614	19.2417464495	36.8131
2 2 10			0.01		-1.44		23.84		0.31508	0.6429	46.7739448495	44.8949
2 4 8			-0.0		-1.45		23.87		0.31513	0.1687	51.4325245866	2.4593
4 0 12			-0.0		-1.45		23.92		0.3154	2.7435	60.4154589103	161.2613
4 0 4			0.0		-1.45		23.85		0.31533	1.2165	39.0343929222	79.1487
4 4 6			-0.07		-1.52		25.67		0.31549	4.3817	57.0116572758	400.3855
1 1 3			0.01		-1.51		25.52		0.3155	0.4514	16.9416048235	36.8187
4 4 10			0.01		-1.5		25.25		0.31559	0.6886	66.23802526	47.6672
2 4 12			0.01		-1.49		25.09		0.3153	0.2205	63.4791913795	4.8908
4 2 8			0.0		-1.49		25.09		0.31535	0.7605	51.4203212226	2.5419
2 4 0			0.01		-1.49		24.96		0.31535	1.4359	40.0960076051	88.2765
4 6 6			0.01		-1.48		24.72		0.31531	1.1903	71.9781772466	41.9784
0 0 10			0.01		-1.47		24.51		0.31542	0.8316	38.8438017949	41.7013
1 5 3			0.0		-1.47		24.47		0.31544	0.9511	47.585042181	85.8034
3 3 13			-0.03		-1.5		25.21		0.31612	0.5636	65.4922780779	9.1158
0 6 10			0.01		-1.49		24.98		0.31621	0.8527	69.1637693973	8.5049
3 1 15			0.01		-1.48		24.72		0.31625	0.2871	67.3554895111	7.7692
0 2 8			-0.03		-1.51		25.52		0.31641	0.1155	35.7619852008	1.7384
3 3 7			-0.02		-1.53		26.09		0.31693	0.1558	47.1418707618	3.5073
1 3 7			-0.01		-1.54		26.36		0.31726	0.1893	39.2755843192	5.3372