HKL Value		Reward		TotalReward	Chi Squared	Z Appr. 	Error	Two-Thetas	Sfs2
4 6 0			0.0		0.0		0.0		0.3	0.7863	67.1083315067	59.4729
6 4 0			0.0		0.0		0.05		0.3	1.8287	67.0910631577	58.6803
0 2 14			1.0		1.0		0.03		0.27891	0.2479	58.6982494177	6.3292
2 0 14			-0.16		0.84		0.03		0.27946	0.2634	58.6945218607	7.3942
9 1 1			0.32		1.16		0.02		0.27946	0.8793	87.9915459652	19.6393
4 2 4			-1.0		0.16		6.8		0.27754	0.7624	43.1345383828	64.2766
3 3 13			0.09		0.25		6.24		0.27958	0.5636	65.4922780779	9.1158
6 4 2			0.15		0.41		5.41		0.27981	0.2211	67.6401768609	4.8049
6 0 8			0.08		0.49		5.01		0.27851	2.9234	64.163237895	5.3359
3 7 1			0.12		0.61		4.46		0.27836	1.2822	71.5694631273	22.2453
6 0 2			0.1		0.71		4.06		0.27822	0.2214	55.354768557	5.4487
0 6 8			0.05		0.76		3.87		0.27649	0.7694	64.1950429677	5.6946
5 5 1			0.09		0.85		3.55		0.27642	0.5073	65.769247456	23.9531
7 3 1			0.08		0.93		3.28		0.27629	0.5095	71.5359286583	22.1332
1 1 13			-0.01		0.92		3.31		0.28488	0.3722	52.9310122384	10.9703
4 2 14			0.06		0.98		3.14		0.28502	1.2576	70.6282605877	19.9713
7 1 1			0.02		0.99		3.09		0.2848	0.5207	65.7483230412	25.2044
3 3 5			-0.69		0.3		9.86		0.28073	1.3995	42.8396693434	151.0913
2 4 2			0.04		0.35		9.47		0.27988	0.3828	40.8766170199	13.2501
3 1 9			0.05		0.39		9.06		0.2794	0.36	45.2950695798	8.7768
4 2 2			0.04		0.43		8.72		0.27904	0.457	40.8620305525	12.2524
0 6 2			0.05		0.48		8.34		0.27886	0.2356	55.3895592761	6.1752
3 1 15			0.05		0.52		7.98		0.28112	0.2871	67.3554895111	7.7692
4 4 2			-0.35		0.17		12.25		0.28122	1.2125	52.0311030722	128.6454
1 3 9			0.04		0.21		11.78		0.2811	0.2622	45.3040218183	7.1674
5 1 9			0.0		0.21		11.77		0.28098	0.4583	58.9619928854	19.0838
3 3 9			0.03		0.24		11.49		0.28083	0.3816	52.4524123761	12.0632
5 3 9			0.0		0.24		11.47		0.28067	0.4833	65.0662013285	20.8409
1 7 1			0.03		0.27		11.15		0.28057	0.5219	65.7901743415	26.2984
0 6 0			0.01		0.28		10.99		0.28057	1.4277	54.7714555341	59.4019
0 2 20			0.01		0.29		10.88		0.28467	0.4494	86.0769303832	2.8517
2 0 10			0.03		0.33		10.54		0.28482	0.6169	42.9543880851	20.236
6 2 10			0.01		0.34		10.4		0.28404	0.7103	71.9901825081	43.9921
4 4 10			0.02		0.36		10.16		0.28362	0.6886	66.23802526	47.6672
1 1 9			-0.01		0.36		10.22		0.28407	0.2216	37.1193146943	1.1702
4 2 8			0.03		0.38		9.94		0.28413	0.7605	51.4203212226	2.5419
0 0 8			-0.27		0.11		13.67		0.28351	2.1948	30.8548203523	183.9052
2 4 6			-0.04		0.07		14.28		0.28389	0.785	46.7364348384	64.2552
2 0 16			0.02		0.09		14.01		0.2838	0.5935	67.2372591268	11.8907
0 4 16			-0.07		0.02		15.09		0.28419	1.5557	75.7704700384	94.8658
0 2 16			0.02		0.03		14.85		0.28406	1.8687	67.2407114996	13.8307
0 4 20			0.02		0.05		14.54		0.28462	1.027	94.1654323607	18.6345
6 0 6			-0.01		0.04		14.69		0.28493	1.0815	60.1501886982	39.9969
2 0 12			0.01		0.05		14.58		0.28483	0.8079	50.6101057273	16.6151
4 2 12			0.02		0.07		14.3		0.28483	0.2244	63.468523569	4.7972
4 0 4			0.02		0.09		13.98		0.28479	1.2165	39.0343929222	79.1487
2 2 6			-0.41		-0.31		23.54		0.28618	8.3224	34.2684003079	615.2447
1 5 5			-0.07		-0.38		25.21		0.28608	1.8923	50.2743192378	127.3636
0 4 10			0.01		-0.37		24.86		0.28522	0.9893	53.7871001638	44.1425
0 0 16			-0.04		-0.4		25.78		0.28597	1.3342	64.286058028	116.6634
6 0 0			0.02		-0.38		25.36		0.28597	0.7256	54.7363985401	55.434
6 0 10			0.01		-0.37		25.01		0.28507	1.0728	69.1331306246	8.9056
0 0 10			0.01		-0.36		24.64		0.28438	0.8316	38.8438017949	41.7013
6 0 12			0.02		-0.34		24.18		0.28438	0.5892	74.995462768	0.9301
4 0 10			0.02		-0.32		23.82		0.28386	0.6243	53.7713327333	45.2096
3 5 1			0.02		-0.31		23.46		0.28382	0.5283	53.2544885252	31.9012
5 1 1			0.02		-0.29		23.09		0.28379	0.5346	46.1701152	26.7419
0 2 10			0.02		-0.27		22.7		0.28395	0.4317	42.9590557724	21.0204
0 0 22			-0.01		-0.28		22.93		0.28194	2.2765	94.0325860765	137.6091
0 0 20			0.02		-0.27		22.55		0.28202	0.4542	83.3712939521	4.3689
1 5 11			-0.04		-0.3		23.39		0.28133	1.8219	64.7342781598	204.7444
2 6 6			-0.13		-0.44		27.01		0.28196	5.383	63.2392339525	346.2148
2 6 10			0.02		-0.42		26.6		0.28171	0.7069	72.0169435829	44.7171
7 1 7			-0.16		-0.58		31.53		0.27973	0.3505	72.2660298289	5.0526
3 3 15			0.01		-0.56		31.13		0.28091	0.3402	73.0835579415	3.8877
5 1 13			0.01		-0.55		30.7		0.2811	0.4567	71.2764535317	11.3258
3 1 11			-0.04		-0.59		32.14		0.28033	2.3814	52.0481274199	292.2152
4 2 10			0.02		-0.58		31.66		0.28033	1.1102	57.0442200735	11.3144
2 6 4			0.01		-0.56		31.19		0.28035	0.8772	60.3635846112	78.02
0 6 6			0.0		-0.56		31.11		0.2805	1.0147	60.183190367	40.9583
5 1 3			-0.0		-0.57		31.23		0.28066	0.9592	47.5591860667	88.1873
0 2 6			-0.02		-0.59		31.94		0.28102	1.1672	29.1471999487	131.5155
3 3 1			0.01		-0.58		31.54		0.28101	0.5106	38.1558496662	33.1617
1 1 15			0.01		-0.56		31.21		0.28065	0.656	61.3839959686	20.6242
2 4 0			0.01		-0.56		30.97		0.28065	1.4359	40.0960076051	88.2765
0 6 10			0.01		-0.54		30.57		0.28051	0.8527	69.1637693973	8.5049
2 4 10			0.01		-0.53		30.17		0.28052	0.607	57.0555982332	12.0937
1 5 9			0.01		-0.52		29.91		0.28051	0.4394	58.984264935	17.7365
0 2 12			0.01		-0.51		29.63		0.28035	0.3827	50.6142203783	17.5707
1 5 1			0.01		-0.5		29.29		0.28033	0.4978	46.196563203	27.3004
2 0 2			0.01		-0.49		29.08		0.2803	0.6502	19.2320929378	35.9547
1 1 1			0.01		-0.49		28.85		0.28026	0.5749	13.0194761966	56.7652
0 4 12			-0.02		-0.51		29.45		0.27942	1.4889	60.4300914167	161.7651
1 7 7			-0.06		-0.57		31.41		0.26603	0.4353	72.3061031614	6.1143
4 6 2			0.01		-0.56		31.04		0.26603	0.2349	67.657370766	5.5969
4 2 6			-0.01		-0.56		31.22		0.26608	1.6049	46.7233273538	62.1975
0 6 18			-0.0		-0.56		31.29		0.26417	0.7949	98.0280769063	1.8601
0 6 16			0.01		-0.55		30.94		0.26412	0.4825	89.3859051251	7.6515
2 2 10			0.0		-0.55		30.8		0.26422	0.6429	46.7739448495	44.8949
2 4 8			0.01		-0.54		30.47		0.26427	0.1687	51.4325245866	2.4593
6 0 4			0.01		-0.53		30.24		0.26426	0.7069	57.1830782131	42.6751
3 1 7			-0.04		-0.57		31.6		0.2633	0.257	39.2655360855	5.205
3 5 9			0.01		-0.57		31.4		0.2633	0.4755	65.0802252419	19.5165
1 3 1			0.01		-0.56		31.11		0.2633	0.5324	28.3265170018	42.1271
6 4 6			0.0		-0.56		31.08		0.26331	0.9247	71.9614498967	41.9809
3 1 13			0.01		-0.55		30.82		0.26331	0.3869	59.4126405656	11.7895
4 4 12			0.01		-0.54		30.51		0.26326	1.9475	72.2035773977	130.2426
3 3 7			-0.05		-0.59		32.17		0.26215	0.1558	47.1418707618	3.5073
4 6 4			0.01		-0.58		31.9		0.26215	1.0731	69.291881243	33.3045
0 0 18			0.01		-0.57		31.64		0.26191	0.6609	73.530655613	37.988
2 4 4			0.0		-0.57		31.6		0.26189	0.8182	43.1484985256	64.6996
1 3 13			0.01		-0.56		31.34		0.26187	0.3907	59.4200243294	11.5335