HKL Value		Reward		TotalReward	Chi Squared	Z Appr. 	Error	Two-Thetas	Sfs2
3 1 7			0.0		0.0		0.0		0.3	0.257	39.2655360855	5.205
6 2 2			0.0		0.0		72.14		0.38232	3.3001	58.5687226088	135.1206
4 6 0			1.0		1.0		36.09		0.38232	0.7863	67.1083315067	59.4729
6 4 0			0.5		1.5		24.06		0.38232	1.8287	67.0910631577	58.6803
0 2 14			0.33		1.83		18.06		0.38181	0.2479	58.6982494177	6.3292
2 0 14			0.25		2.08		14.45		0.38198	0.2634	58.6945218607	7.3942
4 2 4			-0.21		1.87		18.35		0.38181	0.7624	43.1345383828	64.2766
7 1 5			0.09		1.96		16.81		0.38242	1.5264	69.0427278305	98.726
0 6 8			0.09		2.05		15.39		0.38325	0.7694	64.1950429677	5.6946
6 4 2			0.11		2.17		13.8		0.38333	0.2211	67.6401768609	4.8049
3 1 11			-0.48		1.69		26.34		0.36554	2.3814	52.0481274199	292.2152
4 6 2			0.09		1.78		24.19		0.36559	0.2349	67.657370766	5.5969
9 1 1			0.07		1.85		22.62		0.36548	0.8793	87.9915459652	19.6393
6 0 2			0.08		1.93		20.99		0.36559	0.2214	55.354768557	5.4487
1 5 7			0.07		2.0		19.57		0.36571	0.6035	54.1236034243	4.2528
2 6 2			-0.17		1.83		23.62		0.36661	1.2892	58.5985395934	134.3564
0 6 2			0.06		1.89		22.25		0.36676	0.2356	55.3895592761	6.1752
3 7 1			0.04		1.93		21.36		0.36662	1.2822	71.5694631273	22.2453
1 7 1			0.03		1.96		20.81		0.36647	0.5219	65.7901743415	26.2984
5 5 1			0.04		1.99		20.07		0.36635	0.5073	65.769247456	23.9531
0 4 20			0.05		2.04		19.15		0.36475	1.027	94.1654323607	18.6345
3 3 9			0.04		2.08		18.5		0.36436	0.3816	52.4524123761	12.0632
7 3 1			0.03		2.11		17.96		0.3643	0.5095	71.5359286583	22.1332
0 6 10			0.03		2.14		17.39		0.36426	0.8527	69.1637693973	8.5049
2 4 2			0.02		2.16		16.98		0.36432	0.3828	40.8766170199	13.2501
4 2 2			0.02		2.19		16.58		0.36436	0.457	40.8620305525	12.2524
3 3 7			0.04		2.23		15.97		0.36441	0.1558	47.1418707618	3.5073
6 0 4			-0.02		2.21		16.22		0.36453	0.7069	57.1830782131	42.6751
1 3 9			0.03		2.24		15.74		0.36424	0.2622	45.3040218183	7.1674
3 1 15			0.03		2.27		15.28		0.36437	0.2871	67.3554895111	7.7692
2 4 4			-0.05		2.22		16.06		0.36451	0.8182	43.1484985256	64.6996
0 6 0			0.02		2.24		15.75		0.36451	1.4277	54.7714555341	59.4019
2 0 16			0.03		2.28		15.26		0.36428	0.5935	67.2372591268	11.8907
7 1 1			0.01		2.28		15.12		0.36423	0.5207	65.7483230412	25.2044
0 0 20			0.03		2.31		14.74		0.3652	0.4542	83.3712939521	4.3689
3 7 5			0.01		2.32		14.65		0.36553	1.0548	74.7470539899	89.5814
7 1 7			0.03		2.34		14.29		0.36555	0.3505	72.2660298289	5.0526
3 1 9			0.02		2.36		14.01		0.36543	0.36	45.2950695798	8.7768
6 2 8			-0.11		2.25		15.81		0.36606	3.3751	67.1207225085	222.106
4 2 14			0.02		2.27		15.51		0.36569	1.2576	70.6282605877	19.9713
6 0 8			0.02		2.28		15.25		0.36542	2.9234	64.163237895	5.3359
5 1 9			0.01		2.3		15.09		0.36518	0.4583	58.9619928854	19.0838
1 5 11			-0.07		2.23		16.17		0.36505	1.8219	64.7342781598	204.7444
1 3 3			-0.01		2.22		16.38		0.36496	0.7045	30.3940112777	66.1614
2 0 10			0.0		2.22		16.31		0.36493	0.6169	42.9543880851	20.236
3 3 13			0.02		2.24		15.99		0.36461	0.5636	65.4922780779	9.1158
2 2 8			-0.1		2.14		17.76		0.36496	1.8488	40.1384116224	216.1995
1 1 9			0.02		2.16		17.39		0.36497	0.2216	37.1193146943	1.1702
0 4 10			0.0		2.16		17.35		0.36528	0.9893	53.7871001638	44.1425
0 2 20			0.02		2.18		17.03		0.36491	0.4494	86.0769303832	2.8517
1 1 13			0.02		2.2		16.7		0.36479	0.3722	52.9310122384	10.9703
5 1 13			0.02		2.22		16.38		0.36469	0.4567	71.2764535317	11.3258
5 3 7			0.02		2.24		16.1		0.3647	0.2523	60.5057581853	5.4388
0 2 16			0.02		2.26		15.79		0.36469	1.8687	67.2407114996	13.8307
6 0 10			0.01		2.27		15.59		0.36468	1.0728	69.1331306246	8.9056
0 4 0			-0.36		1.91		24.48		0.36468	6.137	35.7152072575	818.959
5 3 9			0.01		1.92		24.25		0.3646	0.4833	65.0662013285	20.8409
4 2 8			0.01		1.93		23.92		0.36448	0.7605	51.4203212226	2.5419
1 3 13			0.02		1.95		23.51		0.36443	0.3907	59.4200243294	11.5335
5 5 3			-0.0		1.95		23.52		0.36438	0.8107	66.8760743485	64.1048
4 2 10			0.01		1.96		23.24		0.36438	1.1102	57.0442200735	11.3144
4 4 10			0.0		1.96		23.18		0.36454	0.6886	66.23802526	47.6672
0 2 18			0.02		1.98		22.82		0.36457	0.3755	76.3208597895	3.7538
0 0 12			-0.08		1.9		24.82		0.36405	3.2426	47.0346015839	274.3783
3 5 5			-0.01		1.89		25.09		0.36424	1.2751	56.9624934876	133.7285
6 0 6			0.01		1.9		24.78		0.36415	1.0815	60.1501886982	39.9969
0 2 10			0.01		1.91		24.62		0.36413	0.4317	42.9590557724	21.0204
0 0 10			0.0		1.91		24.5		0.36429	0.8316	38.8438017949	41.7013
6 2 10			0.0		1.92		24.38		0.36447	0.7103	71.9901825081	43.9921
1 1 15			0.01		1.93		24.16		0.36451	0.656	61.3839959686	20.6242
0 2 4			-0.03		1.9		24.85		0.36453	1.326	23.4223631322	110.0283
3 5 1			0.01		1.9		24.69		0.36453	0.5283	53.2544885252	31.9012
0 0 22			0.01		1.92		24.38		0.36448	2.2765	94.0325860765	137.6091
2 0 12			0.01		1.93		24.15		0.36441	0.8079	50.6101057273	16.6151
5 1 1			0.01		1.93		23.99		0.36439	0.5346	46.1701152	26.7419
0 6 16			0.01		1.95		23.69		0.36423	0.4825	89.3859051251	7.6515
0 4 18			0.01		1.96		23.38		0.36425	0.8369	84.5238780681	17.4513
4 4 12			-0.01		1.94		23.73		0.36392	1.9475	72.2035773977	130.2426
3 3 15			0.01		1.96		23.43		0.36393	0.3402	73.0835579415	3.8877
0 6 4			0.0		1.96		23.43		0.36394	0.6675	57.2171401797	42.9768
0 0 16			0.01		1.97		23.22		0.36424	1.3342	64.286058028	116.6634
1 5 9			0.01		1.97		23.02		0.36415	0.4394	58.984264935	17.7365
0 6 18			0.01		1.99		22.75		0.36415	0.7949	98.0280769063	1.8601
1 3 15			0.01		2.0		22.51		0.36417	0.2862	67.3623786269	8.1809
0 6 6			0.01		2.01		22.3		0.36409	1.0147	60.183190367	40.9583
3 1 13			0.01		2.02		22.04		0.36407	0.3869	59.4126405656	11.7895
2 4 6			0.01		2.02		21.92		0.36396	0.785	46.7364348384	64.2552
5 1 5			-0.01		2.01		22.19		0.36411	1.1901	50.2495039981	127.1383
0 2 8			0.01		2.02		21.94		0.36409	0.1155	35.7619852008	1.7384
2 2 10			0.0		2.03		21.9		0.36423	0.6429	46.7739448495	44.8949
1 3 11			-0.05		1.98		22.96		0.3642	2.4293	52.0561920156	298.4303
4 0 10			0.0		1.98		22.91		0.36434	0.6243	53.7713327333	45.2096
6 0 0			0.01		1.99		22.71		0.36434	0.7256	54.7363985401	55.434
2 4 8			0.01		2.0		22.52		0.36424	0.1687	51.4325245866	2.4593
7 1 3			-0.0		1.99		22.6		0.3642	1.4031	66.8553232335	91.2915
2 6 10			0.0		2.0		22.54		0.36433	0.7069	72.0169435829	44.7171
3 7 3			-0.0		2.0		22.56		0.3643	0.8954	72.6346668965	71.6226
4 0 6			-0.11		1.88		25.46		0.36396	5.3963	42.900258124	488.2208
2 4 10			0.01		1.89		25.27		0.36395	0.607	57.0555982332	12.0937
4 6 4			0.01		1.9		25.14		0.36397	1.0731	69.291881243	33.3045
2 0 4			-0.02		1.88		25.61		0.36399	1.3874	23.4143586184	109.347
0 4 16			0.01		1.89		25.37		0.36412	1.5557	75.7704700384	94.8658