HKL Value		Reward		TotalReward	Chi Squared	Z Appr. 	Error	Two-Thetas	Sfs2
3 1 7			0.0		0.0		0.0		0.3	0.257	39.2655360855	5.205
4 6 0			0.0		0.0		0.04		0.33762	0.7863	67.1083315067	59.4729
6 4 0			0.53		0.53		0.03		0.33762	1.8287	67.0910631577	58.6803
0 2 14			-0.9		-0.37		0.26		0.33402	0.2479	58.6982494177	6.3292
2 0 14			-0.05		-0.42		0.28		0.33321	0.2634	58.6945218607	7.3942
9 1 1			-0.64		-1.07		0.78		0.33309	0.8793	87.9915459652	19.6393
0 4 8			-0.95		-2.02		16.08		0.37935	4.1351	47.9021960727	235.0989
6 4 2			0.15		-1.87		13.99		0.37947	0.2211	67.6401768609	4.8049
6 0 2			0.14		-1.73		12.29		0.37958	0.2214	55.354768557	5.4487
7 3 1			0.04		-1.69		11.81		0.37945	0.5095	71.5359286583	22.1332
5 5 1			0.04		-1.65		11.4		0.3793	0.5073	65.769247456	23.9531
3 7 1			0.03		-1.63		11.09		0.37915	1.2822	71.5694631273	22.2453
2 6 0			-0.67		-2.29		33.13		0.37915	4.3567	58.0028534629	558.9791
0 6 2			0.08		-2.21		30.63		0.37931	0.2356	55.3895592761	6.1752
4 4 6			-0.3		-2.51		43.53		0.3529	4.3817	57.0116572758	400.3855
0 6 8			0.07		-2.43		40.65		0.35387	0.7694	64.1950429677	5.6946
4 2 14			0.07		-2.37		38.16		0.35484	1.2576	70.6282605877	19.9713
2 4 2			0.05		-2.32		36.4		0.3549	0.3828	40.8766170199	13.2501
1 3 9			0.06		-2.26		34.38		0.35573	0.2622	45.3040218183	7.1674
3 1 9			0.06		-2.21		32.57		0.35553	0.36	45.2950695798	8.7768
7 1 1			0.04		-2.17		31.43		0.35536	0.5207	65.7483230412	25.2044
4 2 2			0.04		-2.13		30.29		0.3554	0.457	40.8620305525	12.2524
3 1 15			0.04		-2.09		29.09		0.35475	0.2871	67.3554895111	7.7692
0 0 20			0.01		-2.08		28.67		0.36418	0.4542	83.3712939521	4.3689
0 6 10			0.04		-2.04		27.67		0.36416	0.8527	69.1637693973	8.5049
0 6 0			0.03		-2.01		26.82		0.36416	1.4277	54.7714555341	59.4019
3 3 9			0.03		-1.98		25.99		0.36398	0.3816	52.4524123761	12.0632
6 2 2			-0.07		-2.05		28.07		0.36417	3.3001	58.5687226088	135.1206
6 0 8			0.03		-2.02		27.2		0.36392	2.9234	64.163237895	5.3359
4 6 2			0.03		-1.99		26.36		0.36393	0.2349	67.657370766	5.5969
2 2 0			-0.44		-2.43		47.14		0.36393	11.1953	25.0390113278	1035.9387
5 5 3			0.02		-2.41		46.39		0.36382	0.8107	66.8760743485	64.1048
5 5 5			0.02		-2.39		45.5		0.3642	1.5862	69.0631626084	104.8873
3 3 13			0.03		-2.36		44.15		0.3639	0.5636	65.4922780779	9.1158
2 0 16			0.03		-2.33		42.85		0.36388	0.5935	67.2372591268	11.8907
1 7 1			0.02		-2.31		41.95		0.36386	0.5219	65.7901743415	26.2984
2 0 10			0.02		-2.29		41.15		0.36382	0.6169	42.9543880851	20.236
0 4 10			0.02		-2.27		40.51		0.36414	0.9893	53.7871001638	44.1425
5 1 9			0.02		-2.25		39.64		0.36394	0.4583	58.9619928854	19.0838
5 1 13			0.03		-2.23		38.63		0.36386	0.4567	71.2764535317	11.3258
0 2 20			0.03		-2.2		37.67		0.36379	0.4494	86.0769303832	2.8517
5 3 9			0.02		-2.18		37.01		0.36366	0.4833	65.0662013285	20.8409
1 1 9			0.02		-2.16		36.14		0.36366	0.2216	37.1193146943	1.1702
5 3 3			-0.0		-2.16		36.17		0.36358	0.9351	54.4936931553	89.9375
0 0 12			-0.06		-2.22		38.6		0.36271	3.2426	47.0346015839	274.3783
6 0 10			0.02		-2.2		37.85		0.36269	1.0728	69.1331306246	8.9056
3 1 13			0.02		-2.18		37.03		0.36275	0.3869	59.4126405656	11.7895
4 4 12			-0.0		-2.19		37.21		0.36215	1.9475	72.2035773977	130.2426
4 2 8			0.02		-2.17		36.49		0.36201	0.7605	51.4203212226	2.5419
4 2 10			0.02		-2.15		35.88		0.36197	1.1102	57.0442200735	11.3144
3 5 1			0.01		-2.14		35.43		0.36195	0.5283	53.2544885252	31.9012
0 4 14			0.0		-2.13		35.31		0.36164	1.2337	67.7597167724	121.3788
1 1 13			0.02		-2.11		34.64		0.36173	0.3722	52.9310122384	10.9703
0 2 16			0.02		-2.1		34.02		0.3619	1.8687	67.2407114996	13.8307
4 4 10			0.01		-2.09		33.81		0.36209	0.6886	66.23802526	47.6672
0 2 6			-0.0		-2.09		33.85		0.36181	1.1672	29.1471999487	131.5155
0 2 10			0.01		-2.08		33.49		0.36176	0.4317	42.9590557724	21.0204
1 3 13			0.02		-2.06		32.91		0.36184	0.3907	59.4200243294	11.5335
6 0 6			0.02		-2.05		32.39		0.36176	1.0815	60.1501886982	39.9969
6 2 10			0.01		-2.04		32.18		0.36193	0.7103	71.9901825081	43.9921
0 0 10			0.01		-2.03		31.97		0.3621	0.8316	38.8438017949	41.7013
5 1 1			0.01		-2.02		31.63		0.36209	0.5346	46.1701152	26.7419
0 4 20			0.02		-2.01		31.14		0.36232	1.027	94.1654323607	18.6345
1 1 15			0.01		-2.0		30.8		0.36238	0.656	61.3839959686	20.6242
0 0 22			0.01		-1.98		30.36		0.36244	2.2765	94.0325860765	137.6091
2 6 10			0.01		-1.98		30.19		0.36258	0.7069	72.0169435829	44.7171
0 2 8			0.02		-1.96		29.74		0.36257	0.1155	35.7619852008	1.7384
2 4 6			0.01		-1.95		29.45		0.36245	0.785	46.7364348384	64.2552
0 0 16			0.01		-1.94		29.18		0.36285	1.3342	64.286058028	116.6634
2 0 12			0.01		-1.93		28.86		0.36276	0.8079	50.6101057273	16.6151
2 6 4			-0.01		-1.94		29.17		0.36273	0.8772	60.3635846112	78.02
1 5 1			0.01		-1.93		28.93		0.36272	0.4978	46.196563203	27.3004
0 6 16			0.01		-1.92		28.52		0.36269	0.4825	89.3859051251	7.6515
1 3 15			0.01		-1.91		28.17		0.36272	0.2862	67.3623786269	8.1809
0 4 16			0.01		-1.89		27.84		0.36292	1.5557	75.7704700384	94.8658
0 2 12			0.01		-1.88		27.57		0.36285	0.3827	50.6142203783	17.5707
4 0 10			0.0		-1.88		27.47		0.36298	0.6243	53.7713327333	45.2096
5 3 7			0.01		-1.87		27.13		0.36298	0.2523	60.5057581853	5.4388
1 5 9			0.01		-1.86		26.86		0.3629	0.4394	58.984264935	17.7365
1 5 11			-0.02		-1.87		27.28		0.36292	1.8219	64.7342781598	204.7444
2 2 10			0.0		-1.87		27.19		0.36303	0.6429	46.7739448495	44.8949
0 4 2			-0.03		-1.9		27.92		0.3631	3.2657	36.5744795411	137.7475
0 0 14			0.0		-1.89		27.79		0.36295	0.8389	55.4890953336	74.9432
4 0 4			-0.01		-1.9		28.08		0.36292	1.2165	39.0343929222	79.1487
3 3 15			0.01		-1.89		27.75		0.36294	0.3402	73.0835579415	3.8877
0 6 6			0.01		-1.88		27.48		0.36287	1.0147	60.183190367	40.9583
2 0 2			0.0		-1.88		27.46		0.36287	0.6502	19.2320929378	35.9547
2 4 10			0.01		-1.87		27.22		0.36285	0.607	57.0555982332	12.0937
6 4 4			0.01		-1.86		27.07		0.36287	0.6669	69.2748711385	33.991
7 1 5			0.0		-1.86		27.04		0.36299	1.5264	69.0427278305	98.726
4 6 4			0.01		-1.86		26.88		0.36301	1.0731	69.291881243	33.3045
4 2 12			0.01		-1.85		26.61		0.36298	0.2244	63.468523569	4.7972
2 4 8			0.01		-1.84		26.36		0.36289	0.1687	51.4325245866	2.4593
6 0 12			0.01		-1.83		26.08		0.36289	0.5892	74.995462768	0.9301
1 3 1			0.0		-1.82		26.01		0.36288	0.5324	28.3265170018	42.1271
0 2 18			0.01		-1.81		25.75		0.36288	0.3755	76.3208597895	3.7538
2 4 0			0.0		-1.81		25.62		0.36288	1.4359	40.0960076051	88.2765
2 2 4			-0.01		-1.82		25.88		0.36286	0.7551	29.4672289371	73.6026
3 5 9			0.01		-1.81		25.71		0.36279	0.4755	65.0802252419	19.5165
6 0 0			0.01		-1.8		25.5		0.36279	0.7256	54.7363985401	55.434
7 1 7			0.01		-1.79		25.26		0.36279	0.3505	72.2660298289	5.0526
0 4 12			-0.02		-1.81		25.77		0.36244	1.4889	60.4300914167	161.7651