HKL Value		Reward		TotalReward	Chi Squared	Z Appr. 	Error	Two-Thetas	Sfs2
2 2 12			0.0		0.0		0.0		0.3	1.9766	54.0147953295	208.0279
2 0 16			0.0		0.0		12.05		0.32755	0.5935	67.2372591268	11.8907
3 1 7			0.81		0.81		6.66		0.33634	0.257	39.2655360855	5.205
3 3 1			-0.16		0.65		7.96		0.33564	0.5106	38.1558496662	33.1617
4 6 0			0.33		0.98		5.98		0.33564	0.7863	67.1083315067	59.4729
1 3 15			-0.25		0.72		8.02		0.34404	0.2862	67.3623786269	8.1809
6 2 6			-0.72		0.01		28.17		0.34302	3.9921	63.2107357729	344.5633
6 4 0			0.17		0.17		24.15		0.34302	1.8287	67.0910631577	58.6803
0 2 14			0.12		0.3		21.47		0.34334	0.2479	58.6982494177	6.3292
2 0 14			0.1		0.4		19.45		0.34374	0.2634	58.6945218607	7.3942
0 6 8			0.09		0.5		17.78		0.34383	0.7694	64.1950429677	5.6946
6 4 2			0.09		0.59		16.34		0.34379	0.2211	67.6401768609	4.8049
4 6 2			0.08		0.66		15.17		0.34374	0.2349	67.657370766	5.5969
1 7 7			0.07		0.74		14.12		0.34359	0.4353	72.3061031614	6.1143
9 1 1			0.06		0.79		13.37		0.34352	0.8793	87.9915459652	19.6393
6 0 2			0.06		0.85		12.65		0.34352	0.2214	55.354768557	5.4487
0 6 2			0.05		0.9		12.05		0.34355	0.2356	55.3895592761	6.1752
0 0 8			-0.38		0.52		19.43		0.34541	2.1948	30.8548203523	183.9052
3 7 1			0.04		0.56		18.64		0.34534	1.2822	71.5694631273	22.2453
5 5 1			0.04		0.6		17.9		0.34525	0.5073	65.769247456	23.9531
7 3 1			0.04		0.64		17.26		0.34518	0.5095	71.5359286583	22.1332
1 5 11			-0.19		0.45		21.29		0.34864	1.8219	64.7342781598	204.7444
0 6 10			0.04		0.49		20.44		0.34867	0.8527	69.1637693973	8.5049
5 5 3			0.0		0.49		20.41		0.34849	0.8107	66.8760743485	64.1048
2 4 2			0.03		0.52		19.9		0.34849	0.3828	40.8766170199	13.2501
4 2 2			0.03		0.55		19.4		0.34849	0.457	40.8620305525	12.2524
1 3 9			0.03		0.57		18.89		0.3499	0.2622	45.3040218183	7.1674
3 1 15			0.04		0.61		18.21		0.34951	0.2871	67.3554895111	7.7692
3 3 9			0.03		0.64		17.6		0.34994	0.3816	52.4524123761	12.0632
0 6 0			0.02		0.67		17.22		0.34994	1.4277	54.7714555341	59.4019
7 1 1			0.02		0.68		16.95		0.34989	0.5207	65.7483230412	25.2044
3 1 9			0.03		0.71		16.49		0.35049	0.36	45.2950695798	8.7768
4 2 14			0.03		0.74		16.05		0.35089	1.2576	70.6282605877	19.9713
6 0 8			0.03		0.77		15.58		0.35106	2.9234	64.163237895	5.3359
5 1 9			0.03		0.8		15.13		0.35121	0.4583	58.9619928854	19.0838
2 0 10			0.01		0.81		14.99		0.35118	0.6169	42.9543880851	20.236
2 6 6			-0.19		0.62		18.54		0.35015	5.383	63.2392339525	346.2148
3 3 13			0.02		0.64		18.17		0.35019	0.5636	65.4922780779	9.1158
1 1 9			0.02		0.65		17.88		0.35119	0.2216	37.1193146943	1.1702
1 7 1			0.01		0.66		17.68		0.35115	0.5219	65.7901743415	26.2984
0 2 20			0.02		0.69		17.26		0.35125	0.4494	86.0769303832	2.8517
0 4 10			-0.01		0.67		17.49		0.35131	0.9893	53.7871001638	44.1425
5 3 3			-0.02		0.65		17.85		0.35118	0.9351	54.4936931553	89.9375
2 0 8			0.02		0.68		17.45		0.35118	0.1665	35.7565424018	1.5727
1 1 13			0.02		0.69		17.19		0.35124	0.3722	52.9310122384	10.9703
5 1 13			0.01		0.71		16.95		0.35135	0.4567	71.2764535317	11.3258
0 2 16			0.01		0.72		16.75		0.3511	1.8687	67.2407114996	13.8307
6 0 10			0.02		0.74		16.45		0.35107	1.0728	69.1331306246	8.9056
2 4 8			0.02		0.76		16.11		0.35115	0.1687	51.4325245866	2.4593
5 3 9			0.02		0.78		15.8		0.35097	0.4833	65.0662013285	20.8409
2 4 14			0.02		0.8		15.52		0.35123	0.5221	70.6383718296	19.4111
4 2 8			0.02		0.82		15.22		0.35131	0.7605	51.4203212226	2.5419
1 3 13			0.01		0.83		15.05		0.35139	0.3907	59.4200243294	11.5335
4 0 0			-0.37		0.46		23.75		0.35139	8.3901	35.6934066618	787.9925
4 2 10			0.02		0.48		23.39		0.35136	1.1102	57.0442200735	11.3144
2 4 4			-0.01		0.46		23.73		0.35153	0.8182	43.1484985256	64.6996
4 4 10			-0.0		0.46		23.84		0.35159	0.6886	66.23802526	47.6672
6 0 6			0.02		0.47		23.42		0.35159	1.0815	60.1501886982	39.9969
0 4 20			-0.02		0.46		23.85		0.35944	1.027	94.1654323607	18.6345
2 2 14			0.0		0.46		23.81		0.35919	1.0835	61.7979105177	101.9829
2 6 2			-0.04		0.42		24.82		0.35938	1.2892	58.5985395934	134.3564
0 2 10			0.01		0.43		24.62		0.35927	0.4317	42.9590557724	21.0204
0 2 6			-0.0		0.42		24.72		0.35872	1.1672	29.1471999487	131.5155
0 0 10			0.0		0.42		24.69		0.35898	0.8316	38.8438017949	41.7013
1 1 3			0.01		0.43		24.54		0.35892	0.4514	16.9416048235	36.8187
6 2 10			0.0		0.43		24.51		0.35921	0.7103	71.9901825081	43.9921
1 1 15			0.01		0.44		24.31		0.35946	0.656	61.3839959686	20.6242
3 5 1			0.01		0.45		24.15		0.35943	0.5283	53.2544885252	31.9012
0 0 22			0.01		0.46		23.87		0.36001	2.2765	94.0325860765	137.6091
0 0 20			-0.0		0.45		23.93		0.36228	0.4542	83.3712939521	4.3689
2 0 12			0.01		0.47		23.67		0.36219	0.8079	50.6101057273	16.6151
5 1 1			0.01		0.47		23.5		0.36217	0.5346	46.1701152	26.7419
0 6 16			0.01		0.49		23.18		0.36218	0.4825	89.3859051251	7.6515
3 3 15			0.01		0.5		22.87		0.3622	0.3402	73.0835579415	3.8877
4 4 12			-0.01		0.49		23.15		0.36184	1.9475	72.2035773977	130.2426
0 0 16			0.01		0.49		23.03		0.36224	1.3342	64.286058028	116.6634
1 5 9			0.01		0.5		22.79		0.36215	0.4394	58.984264935	17.7365
0 6 6			0.01		0.51		22.55		0.36208	1.0147	60.183190367	40.9583
3 1 11			-0.05		0.47		23.71		0.36215	2.3814	52.0481274199	292.2152
3 1 13			0.01		0.48		23.41		0.36219	0.3869	59.4126405656	11.7895
2 2 0			-0.25		0.23		31.24		0.36219	11.1953	25.0390113278	1035.9387
5 3 1			0.01		0.23		31.03		0.36219	0.5252	53.2386121167	32.835
2 4 6			0.01		0.24		30.78		0.36208	0.785	46.7364348384	64.2552
0 2 8			0.01		0.25		30.41		0.36207	0.1155	35.7619852008	1.7384
4 0 6			-0.09		0.16		33.57		0.36175	5.3963	42.900258124	488.2208
2 2 16			0.01		0.17		33.31		0.36207	1.1693	70.1293332912	108.6018
2 2 10			0.0		0.17		33.16		0.36218	0.6429	46.7739448495	44.8949
4 0 10			0.0		0.18		33.02		0.36228	0.6243	53.7713327333	45.2096
6 0 0			0.01		0.19		32.69		0.36228	0.7256	54.7363985401	55.434
2 6 10			0.0		0.19		32.55		0.36239	0.7069	72.0169435829	44.7171
2 4 10			0.01		0.2		32.26		0.36238	0.607	57.0555982332	12.0937
2 6 4			-0.01		0.19		32.46		0.36236	0.8772	60.3635846112	78.02
4 6 4			0.01		0.2		32.25		0.36237	1.0731	69.291881243	33.3045
0 4 2			-0.02		0.18		32.83		0.36243	3.2657	36.5744795411	137.7475
0 4 16			0.01		0.19		32.53		0.36263	1.5557	75.7704700384	94.8658
0 2 12			0.01		0.2		32.26		0.36256	0.3827	50.6142203783	17.5707
1 3 1			0.0		0.2		32.13		0.36255	0.5324	28.3265170018	42.1271
6 0 12			0.01		0.21		31.8		0.36254	0.5892	74.995462768	0.9301
3 7 3			0.0		0.22		31.71		0.36251	0.8954	72.6346668965	71.6226
4 2 12			0.01		0.23		31.41		0.36248	0.2244	63.468523569	4.7972
2 4 0			0.01		0.23		31.23		0.36248	1.4359	40.0960076051	88.2765
7 1 7			0.01		0.24		30.94		0.36248	0.3505	72.2660298289	5.0526