HKL Value		Reward		TotalReward	Chi Squared	Z Appr. 	Error	Two-Thetas	Sfs2
4 6 0			0.0		0.0		0.0		0.3	0.7863	67.1083315067	59.4729
0 4 14			0.0		0.0		25.66		0.28571	1.2337	67.7597167724	121.3788
6 4 0			1.0		1.0		12.84		0.28571	1.8287	67.0910631577	58.6803
3 3 1			0.48		1.48		8.65		0.2144	0.5106	38.1558496662	33.1617
0 2 14			0.28		1.76		6.75		0.21443	0.2479	58.6982494177	6.3292
9 1 1			-0.03		1.74		6.95		0.21542	0.8793	87.9915459652	19.6393
2 0 14			0.19		1.92		5.86		0.21572	0.2634	58.6945218607	7.3942
7 3 1			0.02		1.94		5.74		0.21649	0.5095	71.5359286583	22.1332
6 0 2			0.13		2.07		5.1		0.21658	0.2214	55.354768557	5.4487
5 5 1			-0.02		2.05		5.18		0.21727	0.5073	65.769247456	23.9531
6 4 2			0.1		2.16		4.69		0.21717	0.2211	67.6401768609	4.8049
3 7 1			0.0		2.16		4.69		0.21769	1.2822	71.5694631273	22.2453
7 1 1			0.07		2.23		4.37		0.21788	0.5207	65.7483230412	25.2044
1 3 9			-0.25		1.98		5.83		0.21004	0.2622	45.3040218183	7.1674
0 6 2			0.06		2.04		5.49		0.21011	0.2356	55.3895592761	6.1752
3 1 9			-0.02		2.02		5.62		0.20797	0.36	45.2950695798	8.7768
5 1 5			-0.12		1.9		6.38		0.20764	1.1901	50.2495039981	127.1383
2 4 2			0.03		1.93		6.22		0.20773	0.3828	40.8766170199	13.2501
0 4 20			-0.03		1.9		6.39		0.21139	1.027	94.1654323607	18.6345
4 2 14			0.05		1.95		6.1		0.21148	1.2576	70.6282605877	19.9713
0 2 20			0.05		1.99		5.82		0.21168	0.4494	86.0769303832	2.8517
4 4 12			-0.33		1.66		8.68		0.21217	1.9475	72.2035773977	130.2426
3 3 9			0.0		1.67		8.67		0.21143	0.3816	52.4524123761	12.0632
1 1 11			-0.58		1.09		20.66		0.20944	2.144	44.8525636461	378.5934
5 1 9			0.04		1.12		19.95		0.20902	0.4583	58.9619928854	19.0838
5 3 9			0.04		1.16		19.15		0.20894	0.4833	65.0662013285	20.8409
0 2 16			0.02		1.18		18.75		0.20898	1.8687	67.2407114996	13.8307
1 5 1			0.04		1.22		18.08		0.20901	0.4978	46.196563203	27.3004
0 6 0			0.02		1.24		17.66		0.20901	1.4277	54.7714555341	59.4019
3 5 9			0.03		1.28		17.07		0.20888	0.4755	65.0802252419	19.5165
6 0 8			0.03		1.31		16.53		0.20878	2.9234	64.163237895	5.3359
4 0 12			-0.14		1.17		19.2		0.20882	2.7435	60.4154589103	161.2613
1 5 7			0.03		1.2		18.64		0.20882	0.6035	54.1236034243	4.2528
2 2 10			0.0		1.2		18.64		0.20996	0.6429	46.7739448495	44.8949
2 4 14			0.03		1.23		18.12		0.21013	0.5221	70.6383718296	19.4111
2 0 16			0.02		1.25		17.8		0.21029	0.5935	67.2372591268	11.8907
0 6 10			0.0		1.25		17.8		0.21199	0.8527	69.1637693973	8.5049
0 0 20			0.01		1.26		17.54		0.21417	0.4542	83.3712939521	4.3689
1 7 1			0.03		1.29		17.1		0.21419	0.5219	65.7901743415	26.2984
4 2 2			0.02		1.31		16.73		0.2142	0.457	40.8620305525	12.2524
0 4 16			-0.05		1.26		17.63		0.21375	1.5557	75.7704700384	94.8658
0 0 16			-0.07		1.2		18.86		0.21321	1.3342	64.286058028	116.6634
1 1 9			-0.02		1.17		19.29		0.21222	0.2216	37.1193146943	1.1702