HKL Value		Reward		TotalReward	Chi Squared	Z Appr. 	Error	Two-Thetas	Sfs2
3 3 15			0.0		0.0		0.0		0.3	0.3402	73.0835579415	3.8877
3 1 7			0.0		0.0		1.41		0.35077	0.257	39.2655360855	5.205
4 6 0			0.94		0.94		0.72		0.35077	0.7863	67.1083315067	59.4729
6 4 0			0.49		1.43		0.49		0.35077	1.8287	67.0910631577	58.6803
0 2 14			0.32		1.75		0.37		0.35067	0.2479	58.6982494177	6.3292
5 1 5			-0.93		0.83		4.98		0.38222	1.1901	50.2495039981	127.1383
2 0 14			0.2		1.03		4.15		0.38223	0.2634	58.6945218607	7.3942
0 6 8			-0.05		0.98		4.36		0.38278	0.7694	64.1950429677	5.6946
6 4 2			0.1		1.08		3.97		0.38283	0.2211	67.6401768609	4.8049
4 0 4			-0.58		0.5		9.37		0.38293	1.2165	39.0343929222	79.1487
0 2 20			0.06		0.56		8.87		0.38454	0.4494	86.0769303832	2.8517
4 6 2			0.08		0.64		8.19		0.38456	0.2349	67.657370766	5.5969
6 0 2			0.09		0.73		7.52		0.38457	0.2214	55.354768557	5.4487
0 6 2			0.08		0.81		6.96		0.38459	0.2356	55.3895592761	6.1752
0 6 10			0.01		0.82		6.87		0.38406	0.8527	69.1637693973	8.5049
2 4 4			-0.23		0.59		8.98		0.38402	0.8182	43.1484985256	64.6996
4 4 10			0.05		0.64		8.58		0.38372	0.6886	66.23802526	47.6672
9 1 1			0.01		0.65		8.47		0.3837	0.8793	87.9915459652	19.6393
6 0 8			0.02		0.67		8.3		0.38389	2.9234	64.163237895	5.3359
7 3 1			0.0		0.67		8.3		0.38387	0.5095	71.5359286583	22.1332
3 7 1			-0.0		0.67		8.3		0.38386	1.2822	71.5694631273	22.2453
2 2 14			-0.3		0.37		11.86		0.38369	1.0835	61.7979105177	101.9829
4 2 2			0.03		0.4		11.54		0.38372	0.457	40.8620305525	12.2524
5 5 1			0.01		0.41		11.39		0.3837	0.5073	65.769247456	23.9531
2 0 16			0.04		0.45		10.99		0.38403	0.5935	67.2372591268	11.8907
2 4 14			0.02		0.46		10.81		0.38425	0.5221	70.6383718296	19.4111
3 3 9			0.02		0.49		10.57		0.38428	0.3816	52.4524123761	12.0632
1 3 1			-0.04		0.45		10.99		0.38426	0.5324	28.3265170018	42.1271
3 1 15			0.04		0.48		10.61		0.38433	0.2871	67.3554895111	7.7692
3 1 9			0.03		0.51		10.31		0.38435	0.36	45.2950695798	8.7768
1 3 9			0.03		0.54		10.0		0.38438	0.2622	45.3040218183	7.1674
0 6 0			0.01		0.55		9.89		0.38438	1.4277	54.7714555341	59.4019
1 5 9			-0.0		0.55		9.91		0.3844	0.4394	58.984264935	17.7365
2 0 12			0.0		0.56		9.87		0.38451	0.8079	50.6101057273	16.6151
2 4 2			0.01		0.57		9.74		0.38453	0.3828	40.8766170199	13.2501
5 1 9			-0.01		0.56		9.79		0.38456	0.4583	58.9619928854	19.0838
1 1 9			-0.01		0.55		9.92		0.38433	0.2216	37.1193146943	1.1702
4 2 10			0.02		0.57		9.7		0.38414	1.1102	57.0442200735	11.3144
7 1 1			-0.01		0.57		9.76		0.38412	0.5207	65.7483230412	25.2044
2 2 12			-0.22		0.35		12.44		0.38478	1.9766	54.0147953295	208.0279
4 2 14			0.01		0.36		12.28		0.38498	1.2576	70.6282605877	19.9713
6 0 10			0.01		0.38		12.12		0.38459	1.0728	69.1331306246	8.9056
4 2 8			0.01		0.39		11.97		0.38477	0.7605	51.4203212226	2.5419
0 2 16			0.02		0.41		11.7		0.38483	1.8687	67.2407114996	13.8307
0 0 16			0.02		0.43		11.53		0.38451	1.3342	64.286058028	116.6634
1 3 13			-0.17		0.26		13.82		0.38447	0.3907	59.4200243294	11.5335
5 1 13			-0.14		0.12		16.12		0.38438	0.4567	71.2764535317	11.3258
5 3 7			0.02		0.14		15.82		0.38407	0.2523	60.5057581853	5.4388
1 1 13			-0.12		0.02		17.94		0.38047	0.3722	52.9310122384	10.9703
2 0 6			0.86		0.88		9.64		0.35647	1.6278	29.1406672869	128.8477
1 7 1			-0.0		0.88		9.66		0.35627	0.5219	65.7901743415	26.2984
1 1 11			-0.24		0.64		12.74		0.35993	2.144	44.8525636461	378.5934
2 0 10			0.0		0.64		12.73		0.35968	0.6169	42.9543880851	20.236
3 3 13			0.02		0.66		12.51		0.36007	0.5636	65.4922780779	9.1158
6 0 6			0.02		0.67		12.31		0.35974	1.0815	60.1501886982	39.9969
0 4 10			-0.01		0.66		12.49		0.36037	0.9893	53.7871001638	44.1425
0 6 16			0.02		0.68		12.27		0.36072	0.4825	89.3859051251	7.6515
1 1 7			0.02		0.69		12.09		0.36074	0.2012	29.7561292971	6.5386
5 3 9			0.01		0.7		12.02		0.36029	0.4833	65.0662013285	20.8409
1 1 15			0.0		0.7		12.0		0.36063	0.656	61.3839959686	20.6242
2 4 8			0.01		0.71		11.84		0.3603	0.1687	51.4325245866	2.4593
0 0 6			-0.35		0.37		18.1		0.35589	7.4326	23.0169618987	709.6598
4 6 6			0.02		0.38		17.83		0.35642	1.1903	71.9781772466	41.9784
0 4 20			0.0		0.39		17.76		0.36055	1.027	94.1654323607	18.6345
0 6 6			0.01		0.4		17.53		0.36043	1.0147	60.183190367	40.9583
0 2 8			0.02		0.41		17.26		0.36042	0.1155	35.7619852008	1.7384
0 0 20			-0.01		0.41		17.37		0.36234	0.4542	83.3712939521	4.3689
6 2 10			-0.0		0.41		17.4		0.36246	0.7103	71.9901825081	43.9921
6 2 8			-0.06		0.35		18.44		0.36268	3.3751	67.1207225085	222.106