HKL Value		Reward		TotalReward	Chi Squared	Z Appr. 	Error	Two-Thetas	Sfs2
3 1 7			0.0		0.0		0.0		0.3	0.257	39.2655360855	5.205
4 6 0			0.0		0.0		0.04		0.33762	0.7863	67.1083315067	59.4729
6 4 0			0.53		0.53		0.03		0.33762	1.8287	67.0910631577	58.6803
0 2 14			-0.9		-0.37		0.26		0.33402	0.2479	58.6982494177	6.3292
2 0 14			-0.05		-0.42		0.28		0.33321	0.2634	58.6945218607	7.3942
0 6 8			-0.29		-0.72		0.39		0.33282	0.7694	64.1950429677	5.6946
0 2 12			-0.96		-1.68		10.9		0.32234	0.3827	50.6142203783	17.5707
6 4 2			0.15		-1.52		9.44		0.32204	0.2211	67.6401768609	4.8049
4 6 2			0.13		-1.4		8.38		0.32174	0.2349	67.657370766	5.5969
2 2 8			-0.35		-1.75		12.92		0.36537	1.8488	40.1384116224	216.1995
6 0 2			0.1		-1.65		11.78		0.36562	0.2214	55.354768557	5.4487
0 6 2			0.08		-1.57		10.87		0.36588	0.2356	55.3895592761	6.1752
9 1 1			0.04		-1.53		10.42		0.36564	0.8793	87.9915459652	19.6393
1 5 1			-0.01		-1.54		10.57		0.36536	0.4978	46.196563203	27.3004
0 6 10			0.04		-1.5		10.15		0.36552	0.8527	69.1637693973	8.5049
3 7 1			0.02		-1.48		9.93		0.36517	1.2822	71.5694631273	22.2453
1 5 5			-0.05		-1.53		10.47		0.38096	1.8923	50.2743192378	127.3636
1 5 3			-0.12		-1.65		11.87		0.38035	0.9511	47.585042181	85.8034
7 3 1			0.02		-1.63		11.65		0.38026	0.5095	71.5359286583	22.1332
3 1 5			-0.15		-1.78		13.77		0.38134	2.8985	34.1781376955	186.2389
5 5 1			0.02		-1.76		13.48		0.38127	0.5073	65.769247456	23.9531
4 2 2			0.03		-1.73		13.09		0.38138	0.457	40.8620305525	12.2524
3 3 9			0.03		-1.7		12.72		0.38157	0.3816	52.4524123761	12.0632
2 4 2			0.02		-1.68		12.43		0.38169	0.3828	40.8766170199	13.2501
0 6 14			-0.01		-1.69		12.59		0.38246	0.9096	81.7552219026	27.2955
2 0 16			0.03		-1.66		12.21		0.38361	0.5935	67.2372591268	11.8907
2 0 6			-0.16		-1.82		14.61		0.38267	1.6278	29.1406672869	128.8477
3 1 9			0.03		-1.79		14.15		0.38277	0.36	45.2950695798	8.7768
3 1 15			0.03		-1.76		13.68		0.38315	0.2871	67.3554895111	7.7692
1 3 9			0.03		-1.72		13.25		0.38321	0.2622	45.3040218183	7.1674
0 6 0			0.02		-1.71		13.03		0.38321	1.4277	54.7714555341	59.4019
6 0 8			0.02		-1.69		12.79		0.38358	2.9234	64.163237895	5.3359
7 1 1			0.0		-1.69		12.77		0.38355	0.5207	65.7483230412	25.2044
5 1 9			0.0		-1.68		12.74		0.38361	0.4583	58.9619928854	19.0838
1 1 9			-0.0		-1.69		12.74		0.38298	0.2216	37.1193146943	1.1702
5 1 13			0.09		-1.59		11.64		0.36159	0.4567	71.2764535317	11.3258
0 2 20			0.03		-1.56		11.33		0.36201	0.4494	86.0769303832	2.8517
1 1 5			-0.19		-1.75		14.02		0.36342	1.9661	22.8949597146	247.5537
0 2 16			0.03		-1.73		13.66		0.36363	1.8687	67.2407114996	13.8307
1 1 7			0.02		-1.71		13.35		0.36366	0.2012	29.7561292971	6.5386
0 4 6			-0.34		-2.05		20.36		0.36199	3.7688	42.9189471786	481.9509
2 0 10			0.01		-2.04		20.18		0.36178	0.6169	42.9543880851	20.236
5 1 1			0.01		-2.03		19.98		0.36171	0.5346	46.1701152	26.7419
1 7 1			0.01		-2.02		19.77		0.36163	0.5219	65.7901743415	26.2984
1 3 13			0.02		-2.0		19.33		0.36198	0.3907	59.4200243294	11.5335
4 2 14			0.02		-1.98		18.94		0.36173	1.2576	70.6282605877	19.9713
4 2 8			0.02		-1.96		18.58		0.36123	0.7605	51.4203212226	2.5419
4 2 4			-0.02		-1.98		19.01		0.3614	0.7624	43.1345383828	64.2766
5 3 9			0.01		-1.97		18.8		0.36064	0.4833	65.0662013285	20.8409
0 4 10			-0.0		-1.97		18.84		0.36153	0.9893	53.7871001638	44.1425
6 0 10			0.02		-1.96		18.55		0.36141	1.0728	69.1331306246	8.9056
4 2 10			0.01		-1.94		18.31		0.36123	1.1102	57.0442200735	11.3144
1 1 13			0.02		-1.92		17.97		0.36162	0.3722	52.9310122384	10.9703
3 3 13			0.02		-1.9		17.63		0.3617	0.5636	65.4922780779	9.1158
0 4 20			0.02		-1.89		17.33		0.36233	1.027	94.1654323607	18.6345
6 0 6			0.01		-1.87		17.07		0.36219	1.0815	60.1501886982	39.9969
1 1 15			0.01		-1.86		16.95		0.36232	0.656	61.3839959686	20.6242
2 2 14			-0.01		-1.87		17.08		0.36193	1.0835	61.7979105177	101.9829
1 5 7			0.02		-1.86		16.81		0.36193	0.6035	54.1236034243	4.2528
4 4 10			-0.01		-1.86		16.91		0.36221	0.6886	66.23802526	47.6672
0 6 16			0.02		-1.84		16.63		0.36221	0.4825	89.3859051251	7.6515
6 2 10			-0.0		-1.85		16.67		0.36245	0.7103	71.9901825081	43.9921
0 0 10			-0.0		-1.85		16.71		0.36268	0.8316	38.8438017949	41.7013
3 5 1			0.0		-1.85		16.66		0.36266	0.5283	53.2544885252	31.9012
2 0 12			0.01		-1.84		16.5		0.3625	0.8079	50.6101057273	16.6151
0 4 0			-0.31		-2.15		24.01		0.3625	6.137	35.7152072575	818.959
0 0 20			0.01		-2.14		23.79		0.36352	0.4542	83.3712939521	4.3689
0 2 8			0.01		-2.13		23.44		0.36351	0.1155	35.7619852008	1.7384
0 0 16			0.01		-2.12		23.22		0.36383	1.3342	64.286058028	116.6634
0 0 22			0.01		-2.1		22.91		0.36382	2.2765	94.0325860765	137.6091
1 5 9			0.01		-2.09		22.68		0.36373	0.4394	58.984264935	17.7365
2 4 12			0.01		-2.08		22.38		0.36371	0.2205	63.4791913795	4.8908
0 6 6			0.01		-2.07		22.14		0.36363	1.0147	60.183190367	40.9583
3 1 13			0.01		-2.05		21.83		0.36363	0.3869	59.4126405656	11.7895
2 4 8			0.01		-2.04		21.6		0.36354	0.1687	51.4325245866	2.4593
2 4 6			0.01		-2.04		21.46		0.36343	0.785	46.7364348384	64.2552
6 0 0			0.01		-2.03		21.24		0.36343	0.7256	54.7363985401	55.434
0 2 10			0.0		-2.02		21.15		0.36341	0.4317	42.9590557724	21.0204
6 0 12			0.01		-2.01		20.88		0.36341	0.5892	74.995462768	0.9301
4 0 10			0.0		-2.01		20.85		0.36353	0.6243	53.7713327333	45.2096
1 5 13			0.01		-2.0		20.59		0.36355	1.1973	71.2966048402	12.6128
2 2 10			0.0		-1.99		20.57		0.36368	0.6429	46.7739448495	44.8949
4 4 12			-0.02		-2.01		20.92		0.36338	1.9475	72.2035773977	130.2426
3 3 15			0.01		-2.0		20.67		0.36338	0.3402	73.0835579415	3.8877
2 6 10			0.0		-2.0		20.64		0.36352	0.7069	72.0169435829	44.7171
1 3 1			0.0		-2.0		20.63		0.3635	0.5324	28.3265170018	42.1271
7 1 7			0.01		-1.99		20.41		0.3635	0.3505	72.2660298289	5.0526
0 4 16			0.01		-1.98		20.2		0.36367	1.5557	75.7704700384	94.8658
5 5 3			-0.0		-1.98		20.25		0.36364	0.8107	66.8760743485	64.1048
2 4 10			0.01		-1.97		20.1		0.36363	0.607	57.0555982332	12.0937
4 6 4			0.0		-1.97		20.02		0.36364	1.0731	69.291881243	33.3045
2 6 4			-0.02		-1.98		20.35		0.36362	0.8772	60.3635846112	78.02
2 4 0			0.0		-1.98		20.28		0.36362	1.4359	40.0960076051	88.2765
3 5 9			0.01		-1.97		20.17		0.36355	0.4755	65.0802252419	19.5165
6 4 6			0.01		-1.96		19.96		0.36354	0.9247	71.9614498967	41.9809
1 3 15			0.01		-1.95		19.77		0.36356	0.2862	67.3623786269	8.1809
4 0 4			-0.02		-1.97		20.11		0.36354	1.2165	39.0343929222	79.1487
2 2 4			-0.02		-1.99		20.42		0.36352	0.7551	29.4672289371	73.6026
2 0 2			-0.0		-1.99		20.48		0.36351	0.6502	19.2320929378	35.9547