HKL Value		Reward		TotalReward	Chi Squared	Z Appr. 	Error	Two-Thetas	Sfs2
1 5 13			0.0		0.0		0.0		0.3	1.1973	71.2966048402	12.6128
3 1 7			0.0		0.0		3.31		0.33137	0.257	39.2655360855	5.205
4 6 0			0.98		0.98		1.68		0.33137	0.7863	67.1083315067	59.4729
6 4 0			0.49		1.47		1.12		0.33137	1.8287	67.0910631577	58.6803
0 2 14			0.28		1.75		0.88		0.33211	0.2479	58.6982494177	6.3292
2 0 14			0.25		2.0		0.7		0.33208	0.2634	58.6945218607	7.3942
4 2 14			-0.64		1.35		1.97		0.33094	1.2576	70.6282605877	19.9713
0 6 8			0.13		1.49		1.73		0.33076	0.7694	64.1950429677	5.6946
0 6 4			-0.68		0.8		5.47		0.33091	0.6675	57.2171401797	42.9768
6 4 2			0.1		0.9		5.0		0.33086	0.2211	67.6401768609	4.8049
6 0 2			0.05		0.95		4.76		0.33084	0.2214	55.354768557	5.4487
4 6 2			0.06		1.01		4.47		0.33077	0.2349	67.657370766	5.5969
9 1 1			0.04		1.05		4.31		0.33071	0.8793	87.9915459652	19.6393
0 6 2			0.02		1.07		4.22		0.33068	0.2356	55.3895592761	6.1752
5 5 1			0.02		1.09		4.15		0.3306	0.5073	65.769247456	23.9531
3 7 1			0.01		1.1		4.12		0.33052	1.2822	71.5694631273	22.2453
5 5 5			-0.47		0.62		7.82		0.33154	1.5862	69.0631626084	104.8873
0 4 10			-0.01		0.61		7.9		0.33007	0.9893	53.7871001638	44.1425
7 3 1			0.03		0.64		7.67		0.32999	0.5095	71.5359286583	22.1332
0 6 10			0.03		0.67		7.45		0.32961	0.8527	69.1637693973	8.5049
0 4 16			-0.05		0.63		7.8		0.32697	1.5557	75.7704700384	94.8658
4 2 2			0.01		0.64		7.73		0.32692	0.457	40.8620305525	12.2524
2 4 2			0.0		0.64		7.69		0.32687	0.3828	40.8766170199	13.2501
1 3 9			-0.1		0.54		8.53		0.32555	0.2622	45.3040218183	7.1674
6 2 8			-0.46		0.08		15.79		0.32617	3.3751	67.1207225085	222.106
3 1 15			0.0		0.09		15.77		0.32375	0.2871	67.3554895111	7.7692
4 0 2			-0.18		-0.09		19.21		0.32388	1.7854	36.5531212028	138.5255
3 3 9			0.02		-0.07		18.85		0.3233	0.3816	52.4524123761	12.0632
1 5 3			-0.0		-0.08		18.86		0.32335	0.9511	47.585042181	85.8034
0 6 0			0.02		-0.05		18.44		0.32335	1.4277	54.7714555341	59.4019
2 0 16			0.03		-0.02		17.82		0.32342	0.5935	67.2372591268	11.8907
3 1 9			0.01		-0.01		17.68		0.32282	0.36	45.2950695798	8.7768
7 1 1			0.02		0.01		17.33		0.32279	0.5207	65.7483230412	25.2044
0 0 12			-0.03		-0.02		17.9		0.32376	3.2426	47.0346015839	274.3783
6 0 8			0.03		0.01		17.39		0.32383	2.9234	64.163237895	5.3359
5 1 9			0.02		0.02		17.11		0.32348	0.4583	58.9619928854	19.0838
3 3 7			-0.01		0.01		17.3		0.32472	0.1558	47.1418707618	3.5073
2 2 12			0.01		0.02		17.19		0.32522	1.9766	54.0147953295	208.0279
5 1 13			0.02		0.04		16.83		0.3258	0.4567	71.2764535317	11.3258
2 0 10			0.01		0.05		16.64		0.32558	0.6169	42.9543880851	20.236
4 0 0			-0.41		-0.36		28.12		0.32558	8.3901	35.6934066618	787.9925
2 2 8			-0.12		-0.48		31.94		0.32574	1.8488	40.1384116224	216.1995
1 1 9			-0.01		-0.48		32.2		0.32472	0.2216	37.1193146943	1.1702