HKL Value		Reward		TotalReward	Chi Squared	Z Appr. 	Error	Two-Thetas	Sfs2
3 1 7			0.0		0.0		0.0		0.3	0.257	39.2655360855	5.205
3 1 3			0.0		0.0		19.93		0.33689	1.2003	30.3814370344	67.5761
0 4 12			0.93		0.93		10.33		0.33553	1.4889	60.4300914167	161.7651
2 2 10			-0.06		0.87		11.03		0.32942	0.6429	46.7739448495	44.8949
2 6 0			-0.86		0.01		77.17		0.32942	4.3567	58.0028534629	558.9791
4 6 0			0.25		0.26		61.74		0.32942	0.7863	67.1083315067	59.4729
6 4 0			0.2		0.46		51.45		0.32942	1.8287	67.0910631577	58.6803
0 2 14			0.16		0.62		44.25		0.33098	0.2479	58.6982494177	6.3292
2 0 14			0.14		0.76		38.73		0.3313	0.2634	58.6945218607	7.3942
0 6 8			0.12		0.89		34.47		0.33108	0.7694	64.1950429677	5.6946
6 4 2			0.11		0.99		31.14		0.33102	0.2211	67.6401768609	4.8049
0 0 6			-0.47		0.52		58.97		0.33141	7.4326	23.0169618987	709.6598
4 6 2			0.09		0.61		54.19		0.33135	0.2349	67.657370766	5.5969
6 0 2			0.08		0.69		50.22		0.33133	0.2214	55.354768557	5.4487
0 6 2			0.07		0.76		46.85		0.33131	0.2356	55.3895592761	6.1752
0 6 10			0.06		0.83		44.0		0.331	0.8527	69.1637693973	8.5049
2 6 10			0.05		0.88		41.8		0.32963	0.7069	72.0169435829	44.7171
9 1 1			0.06		0.94		39.49		0.32957	0.8793	87.9915459652	19.6393
5 5 1			0.05		0.99		37.48		0.32949	0.5073	65.769247456	23.9531
2 2 14			-0.06		0.93		39.9		0.32997	1.0835	61.7979105177	101.9829
0 0 16			0.02		0.95		39.11		0.3261	1.3342	64.286058028	116.6634
7 3 1			0.05		1.0		37.41		0.32604	0.5095	71.5359286583	22.1332
0 2 6			0.03		1.03		36.28		0.32629	1.1672	29.1471999487	131.5155
0 4 0			-0.36		0.67		56.63		0.32629	6.137	35.7152072575	818.959
3 7 1			0.04		0.71		54.41		0.32624	1.2822	71.5694631273	22.2453
4 2 2			0.04		0.75		52.48		0.32618	0.457	40.8620305525	12.2524
3 3 9			0.03		0.78		50.95		0.32523	0.3816	52.4524123761	12.0632
0 6 14			0.03		0.81		49.43		0.32488	0.9096	81.7552219026	27.2955
2 0 16			0.04		0.84		47.67		0.32463	0.5935	67.2372591268	11.8907
3 1 9			0.02		0.87		46.56		0.32376	0.36	45.2950695798	8.7768
1 3 9			0.02		0.89		45.66		0.32271	0.2622	45.3040218183	7.1674
1 1 15			0.03		0.92		44.24		0.32308	0.656	61.3839959686	20.6242
6 0 8			0.03		0.95		42.88		0.32319	2.9234	64.163237895	5.3359
2 0 0			-0.0		0.95		42.99		0.32319	2.02	17.6289686615	175.6782
0 6 0			0.03		0.97		41.92		0.32319	1.4277	54.7714555341	59.4019
2 4 2			0.02		1.0		40.91		0.32316	0.3828	40.8766170199	13.2501
5 1 3			0.01		1.01		40.35		0.3232	0.9592	47.5591860667	88.1873
3 1 15			0.02		1.04		39.43		0.32223	0.2871	67.3554895111	7.7692
1 3 1			0.02		1.05		38.76		0.32219	0.5324	28.3265170018	42.1271
4 2 14			0.02		1.08		37.83		0.32217	1.2576	70.6282605877	19.9713
7 1 1			0.02		1.1		37.04		0.32214	0.5207	65.7483230412	25.2044
5 1 9			0.02		1.12		36.27		0.32184	0.4583	58.9619928854	19.0838
1 1 9			0.01		1.13		36.01		0.32082	0.2216	37.1193146943	1.1702
0 2 16			0.02		1.15		35.2		0.32105	1.8687	67.2407114996	13.8307
0 2 20			0.0		1.15		35.16		0.31911	0.4494	86.0769303832	2.8517
5 1 13			0.0		1.15		35.11		0.32049	0.4567	71.2764535317	11.3258
1 1 7			0.0		1.16		34.98		0.32139	0.2012	29.7561292971	6.5386
1 7 1			0.02		1.17		34.39		0.32138	0.5219	65.7901743415	26.2984
4 2 10			0.02		1.19		33.68		0.32132	1.1102	57.0442200735	11.3144
1 5 13			0.01		1.21		33.3		0.32224	1.1973	71.2966048402	12.6128
1 7 7			0.01		1.22		32.88		0.32277	0.4353	72.3061031614	6.1143
4 2 8			0.01		1.23		32.49		0.32314	0.7605	51.4203212226	2.5419
0 0 14			-0.02		1.22		33.0		0.32312	0.8389	55.4890953336	74.9432
6 0 10			0.02		1.23		32.38		0.32305	1.0728	69.1331306246	8.9056
2 0 10			0.01		1.25		31.9		0.32285	0.6169	42.9543880851	20.236
0 2 22			0.0		1.25		31.8		0.32227	1.8317	96.7387030121	97.213
1 3 13			0.01		1.26		31.47		0.32297	0.3907	59.4200243294	11.5335
1 1 13			0.01		1.27		31.11		0.32362	0.3722	52.9310122384	10.9703
0 4 10			0.02		1.29		30.58		0.32354	0.9893	53.7871001638	44.1425
2 6 8			-0.08		1.21		33.14		0.32364	4.3291	67.1483383839	218.3417
5 3 9			0.02		1.23		32.61		0.32359	0.4833	65.0662013285	20.8409
3 3 13			0.01		1.24		32.29		0.32431	0.5636	65.4922780779	9.1158
1 1 17			-0.08		1.16		34.99		0.32436	2.447	70.2810461715	248.4175
6 0 6			0.02		1.18		34.46		0.32434	1.0815	60.1501886982	39.9969
0 6 16			0.02		1.2		33.92		0.32441	0.4825	89.3859051251	7.6515
0 4 20			0.01		1.21		33.57		0.32441	1.027	94.1654323607	18.6345
6 2 10			0.01		1.22		33.07		0.3243	0.7103	71.9901825081	43.9921
3 3 3			0.01		1.23		32.87		0.32431	0.8081	39.7679129272	70.9373
0 6 6			0.01		1.24		32.4		0.3243	1.0147	60.183190367	40.9583
0 0 10			0.01		1.26		31.95		0.3242	0.8316	38.8438017949	41.7013
3 1 13			0.01		1.27		31.58		0.32458	0.3869	59.4126405656	11.7895
3 5 1			0.01		1.28		31.26		0.32457	0.5283	53.2544885252	31.9012
6 0 12			-0.07		1.21		33.55		0.32192	0.5892	74.995462768	0.9301
0 0 20			0.01		1.22		33.11		0.32191	0.4542	83.3712939521	4.3689
4 4 10			0.01		1.24		32.67		0.32188	0.6886	66.23802526	47.6672
2 0 12			0.0		1.24		32.56		0.32152	0.8079	50.6101057273	16.6151
2 4 6			0.01		1.25		32.14		0.32152	0.785	46.7364348384	64.2552
1 5 5			-0.03		1.23		33.01		0.32156	1.8923	50.2743192378	127.3636
5 1 1			0.01		1.24		32.68		0.32156	0.5346	46.1701152	26.7419
0 0 22			0.01		1.25		32.33		0.32146	2.2765	94.0325860765	137.6091
2 4 8			0.01		1.25		32.13		0.32157	0.1687	51.4325245866	2.4593
6 4 6			0.01		1.26		31.84		0.32153	0.9247	71.9614498967	41.9809
0 2 10			0.01		1.27		31.52		0.32146	0.4317	42.9590557724	21.0204
6 0 0			0.01		1.28		31.2		0.32146	0.7256	54.7363985401	55.434
4 0 10			0.01		1.29		30.83		0.32146	0.6243	53.7713327333	45.2096
1 5 9			0.01		1.3		30.54		0.32137	0.4394	58.984264935	17.7365
2 4 12			-0.01		1.29		30.84		0.32074	0.2205	63.4791913795	4.8908
4 4 0			-0.1		1.19		34.24		0.32074	4.9852	51.3853572345	648.027
0 2 8			-0.01		1.18		34.75		0.32104	0.1155	35.7619852008	1.7384