HKL Value		Reward		TotalReward	Chi Squared	Z Appr. 	Error	Two-Thetas	Sfs2
6 0 6			0.0		0.0		0.0		0.3	1.0815	60.1501886982	39.9969
3 1 7			0.0		0.0		1.36		0.3488	0.257	39.2655360855	5.205
4 6 0			0.94		0.94		0.7		0.3488	0.7863	67.1083315067	59.4729
0 4 4			-0.94		-0.0		12.34		0.33042	0.8482	39.0545896029	78.0016
6 4 0			0.33		0.33		9.26		0.33042	1.8287	67.0910631577	58.6803
0 2 14			0.24		0.57		7.47		0.33196	0.2479	58.6982494177	6.3292
2 0 14			0.2		0.77		6.23		0.33197	0.2634	58.6945218607	7.3942
0 6 8			0.15		0.92		5.41		0.33167	0.7694	64.1950429677	5.6946
4 6 2			0.09		1.01		4.95		0.33159	0.2349	67.657370766	5.5969
6 4 2			0.09		1.1		4.53		0.33152	0.2211	67.6401768609	4.8049
3 1 13			0.09		1.19		4.17		0.3308	0.3869	59.4126405656	11.7895
6 0 2			0.04		1.23		4.03		0.33077	0.2214	55.354768557	5.4487
3 5 9			-0.04		1.18		4.21		0.33044	0.4755	65.0802252419	19.5165
0 6 2			0.02		1.21		4.12		0.33042	0.2356	55.3895592761	6.1752
9 1 1			0.03		1.23		4.01		0.33034	0.8793	87.9915459652	19.6393
4 2 6			0.07		1.3		3.74		0.33034	1.6049	46.7233273538	62.1975
0 6 10			0.0		1.31		3.74		0.32989	0.8527	69.1637693973	8.5049
5 5 1			0.01		1.31		3.71		0.32979	0.5073	65.769247456	23.9531
7 3 1			0.0		1.32		3.7		0.3297	0.5095	71.5359286583	22.1332
3 7 1			0.0		1.32		3.7		0.3296	1.2822	71.5694631273	22.2453
4 2 2			-0.04		1.28		3.83		0.32952	0.457	40.8620305525	12.2524
3 3 9			-0.14		1.14		4.46		0.32844	0.3816	52.4524123761	12.0632
2 0 16			0.01		1.16		4.39		0.32721	0.5935	67.2372591268	11.8907
1 3 15			-0.11		1.05		4.93		0.32414	0.2862	67.3623786269	8.1809
3 1 9			-0.08		0.97		5.33		0.32329	0.36	45.2950695798	8.7768
1 3 9			-0.09		0.88		5.85		0.32231	0.2622	45.3040218183	7.1674