HKL Value		Reward		TotalReward	Chi Squared	Z Appr. 	Error	Two-Thetas	Sfs2
5 3 5			0.0		0.0		0.0		0.3	2.2247	56.9473208346	134.0256
4 6 0			0.0		0.0		14.39		0.39999	0.7863	67.1083315067	59.4729
6 4 0			1.0		1.0		7.2		0.39999	1.8287	67.0910631577	58.6803
1 3 13			0.44		1.44		5.01		0.40532	0.3907	59.4200243294	11.5335
0 2 14			0.32		1.76		3.79		0.40494	0.2479	58.6982494177	6.3292
3 5 5			-0.36		1.39		5.97		0.40472	1.2751	56.9624934876	133.7285
9 1 1			-0.06		1.34		6.32		0.40465	0.8793	87.9915459652	19.6393
6 2 10			-0.27		1.07		8.68		0.4178	0.7103	71.9901825081	43.9921
2 0 14			0.12		1.18		7.76		0.41889	0.2634	58.6945218607	7.3942
7 3 1			-0.04		1.15		8.06		0.41881	0.5095	71.5359286583	22.1332
0 4 20			0.05		1.2		7.67		0.41501	1.027	94.1654323607	18.6345
0 6 2			0.07		1.26		7.19		0.41459	0.2356	55.3895592761	6.1752
0 2 16			-0.01		1.25		7.26		0.41395	1.8687	67.2407114996	13.8307
5 5 1			-0.03		1.22		7.48		0.41386	0.5073	65.769247456	23.9531
6 0 2			0.04		1.27		7.17		0.4135	0.2214	55.354768557	5.4487
3 7 1			-0.03		1.24		7.37		0.41343	1.2822	71.5694631273	22.2453
6 4 2			0.06		1.31		6.92		0.41337	0.2211	67.6401768609	4.8049
5 1 1			-0.07		1.24		7.42		0.41331	0.5346	46.1701152	26.7419
7 1 1			-0.05		1.19		7.78		0.41326	0.5207	65.7483230412	25.2044
2 2 10			0.01		1.2		7.7		0.41622	0.6429	46.7739448495	44.8949
1 3 9			0.04		1.25		7.38		0.41726	0.2622	45.3040218183	7.1674
3 1 9			0.04		1.29		7.1		0.41837	0.36	45.2950695798	8.7768
2 4 2			0.04		1.33		6.81		0.41856	0.3828	40.8766170199	13.2501
4 2 14			0.01		1.34		6.73		0.42009	1.2576	70.6282605877	19.9713
0 2 20			-0.02		1.33		6.83		0.41549	0.4494	86.0769303832	2.8517
7 1 5			0.0		1.33		6.82		0.4153	1.5264	69.0427278305	98.726
5 3 9			-0.02		1.31		6.93		0.41569	0.4833	65.0662013285	20.8409
1 5 1			-0.05		1.27		7.26		0.41567	0.4978	46.196563203	27.3004
5 1 9			0.01		1.27		7.2		0.41606	0.4583	58.9619928854	19.0838
3 3 9			0.02		1.29		7.08		0.41635	0.3816	52.4524123761	12.0632
0 6 0			0.0		1.29		7.07		0.41635	1.4277	54.7714555341	59.4019
3 5 9			-0.0		1.29		7.09		0.41673	0.4755	65.0802252419	19.5165
0 6 10			0.02		1.31		6.97		0.41728	0.8527	69.1637693973	8.5049
1 7 1			-0.03		1.27		7.22		0.41727	0.5219	65.7901743415	26.2984
6 0 8			0.03		1.3		7.02		0.41735	2.9234	64.163237895	5.3359
0 0 20			0.03		1.33		6.82		0.41729	0.4542	83.3712939521	4.3689
4 2 2			0.03		1.36		6.65		0.41732	0.457	40.8620305525	12.2524
0 2 12			-0.2		1.15		8.32		0.41762	0.3827	50.6142203783	17.5707
2 0 12			-0.17		0.98		10.06		0.41886	0.8079	50.6101057273	16.6151
0 4 16			0.15		1.13		8.73		0.43106	1.5557	75.7704700384	94.8658
0 6 18			-0.02		1.12		8.9		0.42902	0.7949	98.0280769063	1.8601
1 1 9			-0.01		1.11		8.96		0.4284	0.2216	37.1193146943	1.1702
0 0 22			-0.18		0.93		10.9		0.4274	2.2765	94.0325860765	137.6091