HKL Value		Reward		TotalReward	Chi Squared	Z Appr. 	Error	Two-Thetas	Sfs2
3 1 7			0.0		0.0		0.0		0.3	0.257	39.2655360855	5.205
4 6 0			0.0		0.0		0.04		0.33762	0.7863	67.1083315067	59.4729
6 4 0			0.53		0.53		0.03		0.33762	1.8287	67.0910631577	58.6803
0 2 14			-0.9		-0.37		0.26		0.33402	0.2479	58.6982494177	6.3292
2 0 14			-0.05		-0.42		0.28		0.33321	0.2634	58.6945218607	7.3942
1 7 3			-0.94		-1.36		4.69		0.33321	0.9932	66.8968211493	90.2271
1 3 13			0.11		-1.26		4.23		0.33219	0.3907	59.4200243294	11.5335
0 6 8			0.14		-1.12		3.71		0.33192	0.7694	64.1950429677	5.6946
6 4 2			0.09		-1.03		3.41		0.33186	0.2211	67.6401768609	4.8049
4 0 0			-0.94		-1.97		55.92		0.33186	8.3901	35.6934066618	787.9925
9 1 1			0.11		-1.86		50.6		0.33178	0.8793	87.9915459652	19.6393
3 3 11			-0.07		-1.93		54.46		0.36239	2.1204	58.6030846927	249.5822
6 0 2			0.09		-1.84		50.07		0.36248	0.2214	55.354768557	5.4487
4 6 2			0.08		-1.77		46.42		0.3625	0.2349	67.657370766	5.5969
2 2 14			0.04		-1.73		44.83		0.36086	1.0835	61.7979105177	101.9829
0 6 2			0.07		-1.66		41.99		0.36094	0.2356	55.3895592761	6.1752
3 7 1			0.06		-1.61		39.77		0.36085	1.2822	71.5694631273	22.2453
5 3 7			0.06		-1.55		37.54		0.36089	0.2523	60.5057581853	5.4388
5 5 1			0.05		-1.5		35.79		0.36079	0.5073	65.769247456	23.9531
7 3 1			0.05		-1.45		34.25		0.3607	0.5095	71.5359286583	22.1332
0 6 10			0.05		-1.41		32.74		0.36046	0.8527	69.1637693973	8.5049
2 4 2			0.04		-1.37		31.56		0.36051	0.3828	40.8766170199	13.2501
4 2 2			0.04		-1.33		30.45		0.36057	0.457	40.8620305525	12.2524
4 2 14			0.04		-1.29		29.17		0.36028	1.2576	70.6282605877	19.9713
3 1 15			0.04		-1.25		28.1		0.36063	0.2871	67.3554895111	7.7692
1 3 9			0.04		-1.21		27.02		0.36019	0.2622	45.3040218183	7.1674
3 3 9			0.04		-1.18		26.07		0.35944	0.3816	52.4524123761	12.0632
0 6 0			0.03		-1.15		25.35		0.35944	1.4277	54.7714555341	59.4019
1 1 9			0.04		-1.11		24.45		0.35939	0.2216	37.1193146943	1.1702
2 0 16			0.03		-1.08		23.7		0.36056	0.5935	67.2372591268	11.8907
2 0 10			0.02		-1.06		23.32		0.36026	0.6169	42.9543880851	20.236
7 1 1			0.02		-1.04		22.9		0.36017	0.5207	65.7483230412	25.2044
3 1 9			0.03		-1.01		22.23		0.35965	0.36	45.2950695798	8.7768
5 1 9			0.03		-0.99		21.65		0.35872	0.4583	58.9619928854	19.0838
2 6 2			-0.08		-1.07		23.5		0.35934	1.2892	58.5985395934	134.3564
6 0 8			0.03		-1.04		22.85		0.35895	2.9234	64.163237895	5.3359
3 3 13			0.03		-1.01		22.25		0.35951	0.5636	65.4922780779	9.1158
4 0 4			-0.03		-1.04		23.02		0.35925	1.2165	39.0343929222	79.1487
2 2 8			-0.09		-1.13		25.23		0.36101	1.8488	40.1384116224	216.1995
1 1 7			0.02		-1.11		24.63		0.36104	0.2012	29.7561292971	6.5386
0 4 10			0.0		-1.1		24.53		0.36168	0.9893	53.7871001638	44.1425
1 7 1			0.01		-1.09		24.2		0.36162	0.5219	65.7901743415	26.2984
0 2 20			0.02		-1.07		23.64		0.36188	0.4494	86.0769303832	2.8517
5 1 13			0.02		-1.04		23.09		0.36209	0.4567	71.2764535317	11.3258
2 6 8			-0.06		-1.1		24.51		0.36288	4.3291	67.1483383839	218.3417
0 2 16			0.02		-1.08		23.98		0.36308	1.8687	67.2407114996	13.8307
6 0 10			0.02		-1.06		23.56		0.36305	1.0728	69.1331306246	8.9056
5 3 9			0.01		-1.05		23.28		0.36281	0.4833	65.0662013285	20.8409
4 2 8			0.02		-1.03		22.86		0.36256	0.7605	51.4203212226	2.5419
1 1 13			0.02		-1.01		22.4		0.36263	0.3722	52.9310122384	10.9703
4 2 10			0.01		-0.99		22.08		0.36258	1.1102	57.0442200735	11.3144
4 4 10			0.0		-0.99		22.08		0.36294	0.6886	66.23802526	47.6672
6 0 6			0.02		-0.98		21.72		0.36276	1.0815	60.1501886982	39.9969
6 2 10			0.0		-0.98		21.66		0.36309	0.7103	71.9901825081	43.9921
0 2 10			0.01		-0.97		21.52		0.36303	0.4317	42.9590557724	21.0204
0 0 10			0.0		-0.97		21.45		0.36335	0.8316	38.8438017949	41.7013
0 4 20			0.02		-0.95		21.07		0.36336	1.027	94.1654323607	18.6345
4 4 12			-0.02		-0.97		21.53		0.3627	1.9475	72.2035773977	130.2426
0 0 8			-0.06		-1.02		22.79		0.36309	2.1948	30.8548203523	183.9052
3 5 1			0.01		-1.02		22.63		0.36307	0.5283	53.2544885252	31.9012
3 5 5			-0.02		-1.03		22.99		0.36338	1.2751	56.9624934876	133.7285
1 1 15			0.01		-1.02		22.76		0.36346	0.656	61.3839959686	20.6242
0 4 16			0.01		-1.01		22.43		0.36375	1.5557	75.7704700384	94.8658
5 3 5			-0.01		-1.02		22.76		0.364	2.2247	56.9473208346	134.0256
6 0 4			-0.0		-1.02		22.76		0.36403	0.7069	57.1830782131	42.6751
0 0 20			0.01		-1.01		22.47		0.36449	0.4542	83.3712939521	4.3689
0 0 22			0.01		-1.0		22.16		0.36446	2.2765	94.0325860765	137.6091
5 1 1			0.01		-0.99		22.01		0.36445	0.5346	46.1701152	26.7419
2 0 12			0.01		-0.98		21.8		0.36438	0.8079	50.6101057273	16.6151
5 3 1			0.0		-0.97		21.69		0.36436	0.5252	53.2386121167	32.835
0 6 16			0.01		-0.96		21.4		0.36422	0.4825	89.3859051251	7.6515
4 6 6			0.01		-0.95		21.11		0.3642	1.1903	71.9781772466	41.9784
3 3 15			0.01		-0.93		20.82		0.36421	0.3402	73.0835579415	3.8877
0 0 16			0.01		-0.92		20.62		0.36446	1.3342	64.286058028	116.6634
4 6 4			0.01		-0.92		20.51		0.36447	1.0731	69.291881243	33.3045
0 4 0			-0.24		-1.16		26.96		0.36447	6.137	35.7152072575	818.959
1 5 9			0.01		-1.15		26.7		0.3644	0.4394	58.984264935	17.7365
2 4 6			0.01		-1.14		26.52		0.36429	0.785	46.7364348384	64.2552
2 0 0			-0.01		-1.15		26.77		0.36429	2.02	17.6289686615	175.6782
1 3 15			0.01		-1.14		26.47		0.36431	0.2862	67.3623786269	8.1809
0 6 6			0.01		-1.13		26.2		0.36424	1.0147	60.183190367	40.9583
3 1 13			0.01		-1.12		25.88		0.36421	0.3869	59.4126405656	11.7895
2 2 10			0.0		-1.11		25.78		0.36433	0.6429	46.7739448495	44.8949
0 2 8			0.01		-1.1		25.48		0.36432	0.1155	35.7619852008	1.7384
4 0 10			0.0		-1.1		25.38		0.36444	0.6243	53.7713327333	45.2096
6 0 0			0.01		-1.09		25.14		0.36444	0.7256	54.7363985401	55.434
2 6 10			0.0		-1.08		25.04		0.36457	0.7069	72.0169435829	44.7171
3 3 5			-0.01		-1.1		25.36		0.36472	1.3995	42.8396693434	151.0913
0 4 12			-0.03		-1.12		26.02		0.36443	1.4889	60.4300914167	161.7651
2 4 8			0.01		-1.11		25.78		0.36434	0.1687	51.4325245866	2.4593
1 1 1			0.0		-1.11		25.77		0.36433	0.5749	13.0194761966	56.7652
2 4 10			0.01		-1.1		25.57		0.36433	0.607	57.0555982332	12.0937
1 3 1			0.0		-1.1		25.51		0.36431	0.5324	28.3265170018	42.1271
0 2 18			0.01		-1.09		25.25		0.36432	0.3755	76.3208597895	3.7538
0 2 12			0.01		-1.08		25.07		0.36426	0.3827	50.6142203783	17.5707
2 6 4			-0.01		-1.09		25.34		0.36424	0.8772	60.3635846112	78.02
4 2 0			0.01		-1.09		25.21		0.36424	0.9287	40.0811891304	86.5118
6 0 12			0.01		-1.08		24.95		0.36424	0.5892	74.995462768	0.9301
4 2 12			0.01		-1.07		24.71		0.36422	0.2244	63.468523569	4.7972
2 0 4			-0.02		-1.09		25.19		0.36424	1.3874	23.4143586184	109.347
2 4 0			0.0		-1.08		25.08		0.36424	1.4359	40.0960076051	88.2765
7 1 7			0.01		-1.07		24.85		0.36425	0.3505	72.2660298289	5.0526