Number of epochs: 300e-01
-4.394551403704781700e-01
-1.107003905398228245e-02
-1.264729119069923358e-01
-4.756492036316359862e-01
-5.223411122429895415e-02
-3.348167393005603842e-01
-4.035111597248418058e-01
-6.543087240893472219e-03
-3.678000521012998458e-01
4.975037300265693907e-01
2.131007260233849787e-02
-3.099698227636596970e-01
6.117765689893468473e-01
-3.080988804706809303e-02
-7.393610208604203815e-02
3.120591434397593667e-03
2.108732079866360368e-02
4.086004542324132849e-02
-3.571543112897593124e-03
-1.538536206859715018e-02
-3.655900545655016431e-02
2.765022643744438277e-02
-1.073932899162782090e-02
8.022965518977251756e-03
2.608139761508532911e-02
1.874227961418256996e-02
2.604983861929374700e-02
-1.332236686902303902e-01
-5.483537280701132176e-04
-2.497810105425448401e-01
2.837873745195755582e-02
-2.656221690237255822e-02
-2.387805180621234702e-01
2.236887330683226538e-02
-1.163731052978087543e-01
-1.714735924044546167e-01
2.335959491767667512e-02
-1.510195278561549392e-01
3.238374935992545389e-02
2.596625720088203276e-02
-1.782644020905842785e-01
2.204268977494529963e-02
-6.746763962489564503e-02
-1.059731861247712736e-01
-1.017391797830927147e-01
-1.257054620474959972e-01
-9.162303946881782124e-02
-1.335228636424735105e-01
-1.631211624361080803e-01
-1.522272063131653030e-01
-2.028615588027801175e-01
-1.020919174252815365e-01
-1.025343998055406880e-01
-7.532191483742842197e-02
-1.067331095159298054e-01
-1.927927860365809959e-02
-1.871272040458721309e-01
2.398245599341184559e-03
-1.559701122418036268e-02
-9.527606171142047331e-02
-2.489002543451186017e-02
-1.755893190125867032e-01
-1.481070030348702327e-01
-2.675345401694796330e-02
-9.595042237055531609e-02
-4.069665088784908680e-02
-2.960840782616295727e-02
-9.523673234686901024e-02
4.337763959618426077e-03
-1.520274573212287593e-03
-2.284347864597477684e-01
-3.454146882654240969e-01
-1.361931526446173990e-01
-9.452639630446421637e-02
-2.511881164773023811e-01
-1.138252346511906821e-01
-1.411257593863217419e-01
-6.365218791160354161e-02
-1.190873884047105730e-01
-1.993570443447608698e-01
-8.735494055829497173e-02
-1.453969726499821646e-01
-1.030348731139826557e-01
-4.662881964112844391e-01
-1.153319059210151376e-01
-4.115673274107308210e-01
8.618706041528213443e-03
-1.396325969028934799e-01
-4.138274320734007805e-01
-2.211544135682608561e-02
-2.769264397440520664e-01
-3.326332866245027553e-01
6.878180909559209431e-03
-2.872312739412046789e-01
-9.267779989060004331e-03
2.034585517120545816e-03
-2.678073207005189915e-01
-3.787920158035257973e-02
-1.752307046684791619e-02
1.737936802787148682e+00
-4.161238586610839507e-02
-9.061007524166489122e-03
-4.691381809207472581e-02
-2.827877253632510302e-02
-8.179819223912453141e-02
-1.243071955293403308e-01
-6.014618351349824976e-02
-6.383382402435998360e-02
-9.471907836984601314e-02
-1.600107752389054727e-01
-4.379339717036052904e-02
-2.867290742704383111e-01
1.732534932933163865e-02
2.083288733878867812e-03
-3.199949360329742976e-01
1.440879226644938178e-02
-1.653464673928205231e-01
-2.875346134508227625e-01
-8.626282244340620960e-04
-2.020779927269762410e-01
2.850890312745695682e-02
-1.646273225537893681e-01
1.730343192024426727e-02
1.913646368566925687e-02
1.807419004410873442e-02
2.295771483300486360e-02
2.151999740197817201e-02
1.420248150998379075e-02
3.939612232155744603e-03
-8.501144314354227086e-03
8.532407650334731045e-03
1.866986308756752103e-02
2.614259895187464808e-03
1.460984270771412477e-02
1.136193744809670461e-02
2.164839594405866541e-03
1.312617707842200603e-02
8.939514513363493176e-03
1.794521474652551601e-02
-2.013345723833631206e-03
1.261039095016866854e-02
2.183410123646250395e-02
3.386742292790022139e-03
-3.046309581940845890e-01
-2.530786995046530041e-01
-1.402196379111407820e-01
-2.528376614142790468e-01
-2.203858869080653760e-01
-2.323000172224847504e-01
-1.796136199450830695e-01
-1.280567692346677722e-01
-1.777608037394155793e-01
5.460046378709899027e-03
-7.535498758364947425e-02
-2.899513533079107162e-03
-1.350403667540203039e-03
-1.156805779883431917e-01
-2.633245223533931586e-03
-1.593366648897474869e-02
-1.129312350527999012e-02
-3.876642328285821726e-04
-1.899395570590641999e-02
1.296922478435689335e-02
1.444165153072879751e-03
1.813939488842140901e-02
1.132929695418029466e-02
2.050532972738670218e-02
-2.643074603522867910e-02
-1.097133720034682014e-01
8.387606392544100231e-02
-2.104038133380601583e-01
2.903522326118231911e-01
-1.618048190390426466e-01
2.328944693925356219e-02
-6.534407134323366728e-02
-2.123471796565381403e-02
-1.517371076905386362e-01
7.899896494985812756e-03
2.298495877996173387e-02
4.748794159484804461e-03
3.166462265803018580e-03
6.726703375885705050e-03
1.980249876593108416e-02
1.468534659746039729e-02
-2.133079595627757064e-02
4.482941213670096209e-03
4.645061685921516442e-03
-2.048858056216535939e-01
-3.869310191369999818e-02
-3.130709557653509750e-02
-4.725634985653232728e-02
-1.822868289833155103e-02
7.701659705097019422e-03
1.750894146408740401e-02
8.533647158051677756e-03
6.034902533890476942e-03
-1.407711464589618822e-01
