Number of epochs: 175e-01
-4.503763997526755158e-01
-2.052788096661820397e-02
-9.858023197767531998e-02
-4.470887238747792702e-01
-6.293222529505995699e-02
-3.101250270137572707e-01
-3.265646760446974106e-01
5.391130582702214659e-03
-3.415636392555136402e-01
4.844700964182448999e-01
1.874460711800844670e-02
-2.733932404818163464e-01
5.013650976402163062e-01
1.553266224024473429e-03
-1.041544416108518278e-01
8.964970626192385328e-03
2.232815719539268592e-02
7.524236674676859638e-02
-5.774517839036649898e-03
3.927557266550149064e-03
-2.553130458165394495e-02
2.582794153373804344e-02
3.007193842600395725e-03
9.461330986230252413e-03
2.701116333603259881e-02
1.896268557728561510e-02
2.883820995424723685e-02
-1.806582371022260880e-01
2.043077043028251015e-03
-3.464324305878299093e-01
2.830786434356765205e-02
-3.571980859371955835e-02
-2.346719891479359943e-01
2.152790715872826208e-02
-7.002260037079907629e-02
-1.705076294896780975e-01
2.219088629585362973e-02
-7.703373619323421184e-02
3.168170582475181296e-02
2.032600161204568129e-02
-1.676538910685377581e-01
-1.774066691851548848e-03
-8.046366315157923998e-02
-8.971548271291254761e-02
-1.036082382697114113e-01
-1.494497825208561947e-01
-8.257223146728209784e-02
-7.976443918787096132e-02
-1.476494257054592474e-01
-2.250334210578100458e-01
-2.342895294007442397e-01
-3.690863448136618569e-02
-1.750704147310778724e-01
-8.448510257020244718e-02
-1.595884218120653120e-01
-2.525559007574919301e-02
-3.157766667284184203e-01
6.069342366517832717e-03
-2.704076422191101659e-03
-1.256866625324684905e-01
-1.851614323218915906e-02
-1.569736792326942854e-01
-1.287976371044501911e-01
-6.369526988254872735e-02
-7.549683985384712803e-02
-4.579552104793797873e-02
-1.378119916258167647e-02
-7.607574359185143020e-02
7.404706807585739216e-03
-1.283163899262783174e-02
-2.629598741277747731e-01
-1.909344790558658578e-01
-1.445000878404259503e-01
-1.116241603681825956e-01
-2.735984979426846486e-01
-8.990336187151863612e-02
-1.399544480929410528e-01
-6.404498035903273545e-02
-1.219939943424824536e-01
-2.522204831441919870e-01
-1.249408265811885882e-01
-1.247024932868774083e-01
-1.329170775705271756e-01
-4.509063058832563087e-01
-1.102485639816686569e-01
-4.123936224712428378e-01
1.118884523543012439e-02
-1.065728503562359819e-01
-3.949701139685187767e-01
-1.130015727948084029e-03
-3.096455636450518578e-01
-2.979745987978196231e-01
1.321075138460861206e-02
-2.988175207021160351e-01
-5.729078676517174173e-03
5.826844345923952971e-03
-2.695478012011230384e-01
-1.029908987185643998e-01
-6.121772881049530879e-02
-2.791436068217818117e-03
-2.306969724917101380e-02
7.416385064108106141e-03
-1.502336276629633212e-02
-1.057610587456390971e-02
-7.179306292727090366e-02
-1.253749556022596134e-01
-2.013977076273988365e-01
-8.535200533403888845e-02
-1.180422052020371898e-01
-2.018777618738673285e-01
-5.060670319039567433e-02
-3.125492341464156110e-01
3.086850747008592494e-02
-5.184484832401909521e-02
-2.714534945168118885e-01
1.392406841898008278e-02
-1.966231961607769751e-01
-2.238615470222687920e-01
-2.578262340908081714e-03
-2.605432674410051441e-01
2.775304873424781077e-02
-2.009808104131920181e-01
1.417530971677034152e-02
1.988701230933705155e-02
1.980208964974232433e-02
2.034578420806676738e-02
1.973750076930498240e-02
1.891320115604396002e-02
4.086888967897951350e-03
-4.848353183105723850e-03
9.783782139894491373e-03
1.517204336413601265e-02
9.452609267372845056e-03
1.008342082177903117e-02
8.807216034105034425e-03
-1.486858653737885847e-03
6.485953969725411113e-03
1.427590929174241303e-02
1.061921639058733408e-02
4.196919392742224503e-03
1.412704042431234264e-02
4.959565096709534458e-03
7.235144733192554189e-03
-3.000744472109262428e-01
-2.627412620697670564e-01
-1.302780999972600606e-01
-3.107583538526602074e-01
-2.056319987625732648e-01
-2.440126862337719804e-01
-1.445971124936538954e-01
-1.396007403788662726e-01
-1.522007325733716609e-01
1.082120934735177238e-02
-8.371789785704163156e-02
7.016552319309837804e-04
7.948212447907622089e-03
-1.481663882483921224e-01
3.863969740207433626e-03
-3.420577260342160322e-04
-2.641304022651352196e-02
-9.671611824610064356e-03
-1.821260947078076967e-02
2.547728848815419833e-02
-7.145116896989472249e-03
7.122801694699021184e-03
-3.193825994926829948e-02
3.716562385910963939e-02
-2.094075096296921928e-02
-1.637939941752051543e-01
8.639667216204136024e-02
-1.173959377478906163e-01
2.877280336407962436e-01
-2.454322214962479931e-01
2.476232455378446495e-02
-9.716060041899390876e-02
-2.549674194335414118e-02
-1.474161576862083323e-01
8.483583179472696523e-03
2.020252976594839184e-02
-1.558262099536082516e-02
6.961842072719702859e-03
1.008782509826551023e-02
1.319917437145810314e-02
1.134092033365336621e-02
-3.102420147449558296e-02
1.285611227959696998e-02
-1.208724989051484589e-03
-1.750854647674464082e-01
-1.391621792183390591e-02
-3.016289515572954938e-02
-4.191325503598866686e-02
-1.188585193097269760e-03
7.820089645678989995e-03
1.706645473915062092e-02
1.127255845235606950e-02
8.782268095576828762e-03
-2.323335184694709232e-01
