Number of epochs: 100e-01
-3.062022601142962985e-01
-1.021248508528365372e-02
-4.102920849161451750e-02
-4.195398296646095648e-01
-2.219844774612654906e-02
-3.045577216356333272e-01
-3.630119503844004836e-01
5.673095403689130262e-03
-3.921025926869518008e-01
4.154708264267514828e-01
1.841200337243316040e-02
-2.602690624271939979e-01
4.748073247130862318e-01
5.876904129180926008e-03
-1.611761234687748845e-01
-5.722811282102854488e-03
2.594146061523084842e-02
1.192802274802693130e-01
-1.082959974810934062e-02
-3.699808651707301582e-03
1.081411490963387657e-02
3.546201235446154454e-02
2.033081573643882520e-02
-5.226384300301914129e-03
3.765418351911661854e-02
1.672413512619945128e-02
3.380419822357750431e-02
-1.636878011276050315e-01
6.268586468833647722e-03
-3.566761315629544682e-01
3.392398382178961336e-02
5.514244881668281528e-03
-2.247654432829459537e-01
1.955207368616197761e-02
-9.794017431761435633e-02
-2.200469070839298213e-01
2.588364889964361523e-02
-7.370564120290012955e-02
4.514465387893624310e-02
2.883159428305681962e-02
-1.137212820766041188e-01
-2.021826586105032741e-02
-6.548991209285699722e-02
-2.788266341230648954e-02
-1.552734841202519922e-01
-1.413150791660878203e-01
-1.483477206317571941e-03
-7.681431148358915106e-02
-1.341651015548736281e-01
-1.412958587070862748e-01
-2.112950788586445972e-01
-2.466107505886020596e-02
-1.470962516422767430e-01
-8.848199642763928188e-03
-9.385925470880766841e-02
5.499883017280431108e-05
-3.762730537642213768e-01
8.319378512873997281e-03
1.275603488018173118e-03
-9.482335733007418721e-02
-2.210395280745121663e-02
-1.515079567615958966e-01
-1.194159132819517105e-01
-9.956368643093974069e-02
-1.315208220709692122e-01
-3.817763498971498554e-02
4.277154605801930347e-03
-3.594319121202047690e-02
-1.196395549739658407e-02
-1.871037881945983999e-02
-1.686437010717064811e-01
-1.438537596939885033e-01
-1.842907492181923290e-01
-1.239520438003695879e-01
-2.792410199534479665e-01
-9.042310692507005143e-02
-1.565803928628152764e-01
-6.413168330541561823e-02
-6.823084792638661744e-02
-2.443686606921000315e-01
-1.378470250592298829e-01
-8.684895200627912315e-02
-1.811737948547844368e-01
-5.004882693221097689e-01
-1.264783017028611178e-01
-3.649120015326008382e-01
1.180946128956773811e-02
-1.339528670037496427e-01
-3.869763478145390456e-01
9.938085279182025736e-03
-2.264053538525801212e-01
-3.141276392851710120e-01
9.198158458597600548e-03
-3.763880752056751877e-01
-1.996783158740307595e-02
1.333779018396576491e-02
-2.770819782869026193e-01
-6.262286634592961754e-02
-1.127736451879032958e-01
-5.139363108791991999e-03
-1.421347460905649229e-01
-2.638563627388945676e-02
-2.794992099447399236e-02
-8.108417985421430274e-02
-4.475799020379908622e-02
-1.683204451337927121e-01
-2.225770507536365961e-01
-1.636822112878438262e-01
-1.707783591258029143e-01
-2.710396335061757700e-01
-8.128088063386346152e-02
-3.329701466488703132e-01
1.823370644616053443e-02
-5.304293687679356023e-02
-2.421933589307623813e-01
1.081049503036741674e-02
-1.125229136139859615e-01
-3.134514279958907634e-01
-1.382555831021990700e-02
-2.201468926947233729e-01
1.029168197342317584e-02
-1.199484052930448047e-01
1.406717002862691371e-02
2.538138352749724075e-02
2.018469568990095137e-02
2.502754089917767072e-02
2.150608870478036908e-02
1.989260338595268129e-02
8.985118960725747492e-03
1.943603480372176062e-02
1.149909160635170097e-02
1.470679943661302308e-02
1.175263838535710315e-02
1.351227358189099545e-02
-2.246999761726406475e-02
1.210512411750230659e-02
2.207148246854634746e-03
-9.354851494154745734e-03
1.198358050411795286e-02
-2.614102075423799243e-03
1.059081983057264323e-02
1.649128026421513640e-02
1.163044528243593022e-02
-2.389941670583927702e-01
-3.503478626070964941e-01
-1.860388089403653133e-01
-2.992323511883666631e-01
-1.204476950154345499e-01
-3.458385312211452178e-01
-7.865061823247364303e-02
-1.491324456755423467e-01
-1.125899766152942821e-01
1.449724278170145750e-02
-4.300782307343390537e-02
2.963844475207211455e-03
1.248291283670840447e-02
-4.753751226474637291e-03
7.151866929368107424e-03
-5.023310301147675128e-02
-5.819700162150177880e-02
-3.370719082103849212e-02
-3.466722394519121137e-03
-2.036983986052507030e-03
-2.867207105979548490e-02
-5.588327200392183454e-03
-5.442476685869788999e-02
-1.106490926537381445e-03
-3.360158374154229716e-02
-1.545377757211047476e-01
7.467534702203140751e-02
-1.548967117268261473e-01
3.256038971176088981e-01
-2.460480160643739034e-01
2.438781692409551505e-02
-1.024826468001468760e-01
-3.099602059652567174e-02
-2.369714184508343036e-01
7.325439607316098882e-03
3.814798181690991219e-02
-2.835703481113706348e-02
8.708662824011703316e-03
1.388328813865835967e-02
1.250981016739850793e-02
2.046639763282744745e-02
-4.009814112332342473e-02
1.845399088383178204e-02
-5.578748762930922991e-03
-7.989209827577602174e-02
-2.511940483335613206e-02
-6.230485366786189805e-02
-3.518383786104783278e-02
-8.575682311477273551e-05
9.270919154091870201e-03
1.668644560146625294e-02
1.885481054686760985e-02
1.048984336889901767e-02
-3.199301372792381359e-01
