Number of epochs: 350e-01
-4.602720035266213983e-01
9.009205381463895792e-04
-1.447799857569536941e-01
-4.639334147853284573e-01
-5.994559319358922639e-02
-3.041301750364154843e-01
-3.944648544222850162e-01
-5.781014037525396103e-03
-3.874978075936514332e-01
4.853419233353694628e-01
2.099884500616271826e-02
-3.438914038969513309e-01
6.607605616492446821e-01
-2.929781381682777797e-02
-6.882473010081965881e-02
6.711364056402138213e-03
1.928158694000969495e-02
2.810449890015811331e-02
-1.262584057612486368e-03
-1.633167737721095275e-02
-4.145797949612577138e-02
2.474234965020795721e-02
-8.958609256424315131e-03
7.782138883136071293e-03
2.513434999602243494e-02
1.614300687362653364e-02
2.529643192590110001e-02
-1.251028715374116751e-01
-1.064528169586838498e-02
-2.549191233807958645e-01
2.785130399766024348e-02
-4.122466215170639270e-02
-2.730143339363440003e-01
2.212908906132895689e-02
-1.066571011688815795e-01
-1.586009640473549087e-01
2.224629582780218023e-02
-1.486678256411638477e-01
3.186537394357689262e-02
2.708212267207436158e-02
-1.691972631297302965e-01
2.922404887076465729e-02
-7.898761882687353741e-02
-1.010554646044185823e-01
-9.357908102608718248e-02
-1.321450495886240528e-01
-9.443795564317396252e-02
-1.251957294462061054e-01
-1.430410354302276976e-01
-1.344806307549056557e-01
-1.770509580958563034e-01
-9.573560236067377160e-02
-1.174638800600751182e-01
-8.436583357127785954e-02
-8.106484704175664913e-02
-2.232650923415243835e-02
-1.899818941673178385e-01
-9.406096831122080087e-03
-3.660249953569937043e-02
-8.978733355955545448e-02
-2.784720320569764040e-02
-1.710238369513617795e-01
-1.460411254878225262e-01
-2.646581530295371784e-02
-9.942236189716038841e-02
-3.805067211337529592e-02
-2.550381307137301531e-02
-8.812653093184158459e-02
-4.219388264986825149e-03
-5.530153688251162984e-04
-2.178764790915463101e-01
-3.543090610679309194e-01
-1.489174513318890503e-01
-9.261666883107898263e-02
-2.454329027079634740e-01
-1.320039592978821674e-01
-1.396472671064991622e-01
-5.907168895390506325e-02
-1.311967823690247947e-01
-1.905960146556376911e-01
-9.431823051747999231e-02
-1.427754116343806778e-01
-9.477305161428715985e-02
-4.663548429504513759e-01
-1.021201675384027507e-01
-3.938975210512795089e-01
9.839677675787639188e-03
-1.326664159989834058e-01
-3.993011165600676704e-01
-2.160952227396120348e-02
-3.079774768580298416e-01
-3.357077972015816147e-01
3.771701487682234573e-03
-2.681728219632733001e-01
-9.960522429913807110e-03
3.756690616263584030e-03
-2.625130851425456213e-01
-4.758877907120349221e-02
-1.437781109062265771e-02
1.692135214836774537e+00
-2.828597378803728024e-02
-6.399457200783570214e-03
-4.165356320005501878e-02
-4.279375818540383930e-02
-6.356795617580958402e-02
-1.025961661414220571e-01
-5.090593716118908124e-02
-5.721205725088802235e-02
-7.618892654941505915e-02
-1.891443856423171976e-01
-3.328431335621676035e-02
-2.712425970364157335e-01
1.867469903703479484e-02
3.231552528660439592e-03
-2.921053881233239280e-01
1.423348498566870228e-02
-1.507618137139278280e-01
-2.658238480571167295e-01
1.269728348194808622e-03
-2.071009939988564252e-01
3.122196186434942136e-02
-1.540823973793341295e-01
1.704643329783580782e-02
1.956044517237560260e-02
1.845283270973912745e-02
2.212085835657260496e-02
2.162766523804590668e-02
1.454862256678733819e-02
4.666017074415428414e-03
-8.254759033138806337e-03
8.047330074341026498e-03
1.703462429408854686e-02
2.137136741984550607e-03
1.495551325585557471e-02
2.423691458062936059e-03
2.859812968481042529e-03
1.334706787817166104e-02
7.704324110801507967e-03
1.532426568507488408e-02
1.057785453270662754e-04
1.054004100035564606e-02
2.376653098900681840e-02
1.554572715747318452e-04
-3.144150229802809005e-01
-2.476178545586431301e-01
-1.334462026125713408e-01
-2.457229957215554816e-01
-2.404174269314761914e-01
-2.439553120243432294e-01
-1.648679409464451351e-01
-1.214485112472463019e-01
-1.988340249769024459e-01
7.310342262548058002e-03
-8.025568127208923541e-02
-2.321107072912398112e-03
-1.093467850438823406e-03
-1.131280292211828409e-01
-4.653134804110227798e-03
-1.558618076641493481e-02
-1.073707930857004458e-02
4.456960979794218243e-03
-1.752966463419612653e-02
1.569352010093288258e-02
3.897809111713661234e-03
1.556887326153154685e-02
1.381490634586619512e-02
1.762962842729595692e-02
-1.951056030716916134e-02
-9.109596688076662674e-02
8.923196289459794928e-02
-1.943236647412487916e-01
2.260477220373665608e-01
-1.336035175956197252e-01
1.928066926520658267e-02
-6.344862294046285656e-02
-1.998198364733816401e-02
-1.486069381965440805e-01
7.907758415329901522e-03
2.202584046478157920e-02
7.474362170500750474e-04
6.334968628752167367e-03
5.597660504900062693e-03
2.024021668936464013e-02
1.520037646539923459e-02
-1.455792245366673704e-02
-9.046636770216970541e-04
6.195556711362247386e-03
-1.998130909435243407e-01
-2.821785014265395380e-02
-2.649968716353208811e-02
-4.552604330059726451e-02
-2.138989558031813287e-02
6.834030615121790796e-03
1.588548793485824312e-02
8.700475986411916607e-03
5.345811020194192464e-03
-1.228861698482749953e-01
