Number of epochs: 475e-01
-4.708227705627407444e-01
4.119123215454059683e-03
-1.188559302200927620e-01
-4.741791540599147869e-01
-5.199778250704800708e-02
-3.133105354440124390e-01
-4.036141773809787670e-01
-4.523196910814470881e-03
-3.561442057734052202e-01
4.628406379551083250e-01
2.074882114943972511e-02
-3.606608888843982896e-01
6.640821253525783785e-01
-4.232428511542683097e-02
-5.839366262917447536e-02
6.778964642317293274e-03
1.586866821265136077e-02
2.879311957665682195e-02
4.693085932453132554e-03
-1.819565703338886509e-02
-4.178673848860792184e-02
2.549373883074932193e-02
-7.312960763677025557e-03
7.239753255180465114e-03
2.294122101905123057e-02
1.502451812362331877e-02
2.487178900359822420e-02
-1.184551428346825586e-01
-9.753746653081053417e-03
-2.209978337472875976e-01
3.344224464560730664e-02
-5.299140958929041134e-02
-2.881262406129024845e-01
2.367237921606378873e-02
-1.028255131232681668e-01
-1.623601611922439458e-01
2.008933587621756015e-02
-1.906366415011988835e-01
3.610732120410602847e-02
3.335074439327814083e-02
-2.259039553550922508e-01
3.476215811530818101e-02
-8.788550311954604344e-02
-8.046855270593344933e-02
-1.117782789831488627e-01
-1.063506977887748450e-01
-9.085018632535474259e-02
-9.083376977295425092e-02
-1.010823533471355423e-01
-1.162096356824913607e-01
-1.401945149127849788e-01
-9.777164576659316819e-02
-1.315940179746629135e-01
-7.662934248358491129e-02
-5.510679375036896255e-02
-2.339600557749656889e-02
-2.391536133574048983e-01
-1.392758645740158757e-02
-7.644198376703294218e-02
-7.739123026053114363e-02
-5.822777126405573322e-02
-1.584477525597207948e-01
-1.431951607306098939e-01
-4.483144248267374038e-02
-1.066232687350460728e-01
-3.817996730252692927e-02
-2.927496602370716072e-02
-1.001831340581228885e-01
-1.852950052414569296e-02
-3.792566657452096490e-03
-2.223267026599712592e-01
-3.315738438850882042e-01
-1.509760842540318060e-01
-9.677851890847917471e-02
-2.502989193295855341e-01
-1.475139626246761981e-01
-1.095507539315358769e-01
-4.195954428102462164e-02
-1.217033271231637293e-01
-1.733007070771140634e-01
-9.088204469266264462e-02
-1.304077889638077803e-01
-4.365776012466275613e-02
-4.555269271770176487e-01
-9.943915879036276106e-02
-3.802580559487574452e-01
1.162508323474468162e-02
-1.014535007127367605e-01
-3.817752120021646323e-01
-1.725571109953231638e-02
-3.012104981777588564e-01
-2.948049449588520110e-01
2.885312959195382963e-03
-2.907664282836195380e-01
3.806151382794235784e-03
8.203989961731552108e-03
-2.395809044502306695e-01
-3.728085996999656870e-02
9.948401194022358021e-03
1.555035750520936233e+00
-1.492300954427652933e-02
-2.392296531246669838e-03
-2.960259791935117638e-02
-1.920759238769666200e-02
-4.248033101576607906e-02
-6.112315136186245029e-02
-3.595371035448776537e-02
-3.641892550451401867e-02
-3.638900605950674827e-02
-1.967874943269492249e-01
-5.462684950422346669e-02
-2.601390068902911801e-01
2.264158528715938187e-02
5.932435651580096961e-03
-2.546349116626593911e-01
1.452174939889745720e-02
-1.780966004721390994e-01
-2.948432324738091692e-01
9.114890935429042010e-03
-1.948295125261351179e-01
3.656659489588649781e-02
-1.488380613996895807e-01
1.651560102569653993e-02
2.071564583563957271e-02
1.811730485485597147e-02
2.062605578038722090e-02
2.116433882870161903e-02
9.732999899279913547e-03
-9.117796249846216042e-04
-4.732385573094081282e-03
2.386437779318782183e-03
1.311031035771013410e-02
3.991657941462213761e-03
1.484841247307364630e-02
3.824219022597986645e-03
-1.073108851742359286e-03
1.592167743540138375e-02
7.411747603031673855e-03
1.262962166075106904e-02
-7.841444424784979259e-03
7.216488851780982622e-03
2.852083620209494227e-02
3.493890588554971182e-03
-3.259898335824791826e-01
-2.418583582003421828e-01
-1.392521411670038511e-01
-2.399913767885472338e-01
-2.320526608867060359e-01
-2.214601174882754320e-01
-1.469119764523200145e-01
-1.238941783067147723e-01
-1.872462864796690940e-01
6.431469303493852867e-03
-6.400210783707188655e-02
-3.905261984650256011e-03
-9.366403649938702392e-03
-1.046140053370220868e-01
-1.112197832388686289e-02
-2.041387889995914529e-02
2.057370931631182995e-03
-1.449915099536270473e-03
-5.041922341324413942e-02
1.305411619119854760e-02
6.187690691357670796e-03
1.428206171700359579e-02
1.330195212057878017e-02
1.219645509617752095e-02
-2.942497908248632721e-02
-7.447301864385871828e-02
9.971385002290857058e-02
-1.621340857278727454e-01
1.509128794982133870e-01
-1.385040735767164577e-01
1.556244981847298633e-02
-1.079856471102685483e-01
-2.728596493881181584e-02
-1.179566431455659897e-01
9.339893997157544189e-03
2.115030511425184528e-02
-1.223059231794494661e-02
-6.278812527827263386e-04
6.136360942714831970e-03
2.305172612808637986e-02
1.403060625485306329e-02
-2.619875564037561430e-02
-6.376111179116121519e-03
1.020567587320418343e-02
-1.766470760804914886e-01
-7.550093221810073689e-03
-2.214532778019539724e-02
-5.108367534468737092e-02
-2.385975990347483089e-02
7.492799793431204058e-03
1.637912259557998754e-02
8.996477110749571959e-03
6.276014932630098915e-03
-9.074352033526635053e-02
