HKL Value		Reward		TotalReward	Chi Squared	Z Appr. 	Error	Two-Thetas	Sfs2
4 2 10			0.0		0.0		0.0		0.3	1.1102	57.0442200735	11.3144
4 6 0			0.0		0.0		0.04		0.38048	0.7863	67.1083315067	59.4729
6 4 0			0.53		0.53		0.03		0.38048	1.8287	67.0910631577	58.6803
0 6 6			-0.98		-0.45		1.4		0.35022	1.0147	60.183190367	40.9583
6 0 6			0.33		-0.13		1.06		0.3506	1.0815	60.1501886982	39.9969
5 5 7			0.03		-0.09		1.02		0.35	0.6639	72.2860687267	4.3062
0 6 8			0.04		-0.06		0.99		0.35217	0.7694	64.1950429677	5.6946
0 2 18			0.16		0.1		0.85		0.35281	0.3755	76.3208597895	3.7538
2 0 14			0.13		0.23		0.75		0.35267	0.2634	58.6945218607	7.3942
2 4 14			-0.05		0.18		0.8		0.35315	0.5221	70.6383718296	19.4111
6 0 8			0.08		0.26		0.73		0.35339	2.9234	64.163237895	5.3359
4 6 2			-0.2		0.07		0.92		0.35336	0.2349	67.657370766	5.5969
0 6 2			-0.14		-0.08		1.07		0.35344	0.2356	55.3895592761	6.1752
6 4 2			-0.08		-0.15		1.16		0.35342	0.2211	67.6401768609	4.8049
0 2 4			-0.82		-0.98		6.53		0.35417	1.326	23.4223631322	110.0283