HKL Value		Reward		TotalReward	Chi Squared	Z Appr. 	Error	Two-Thetas	Sfs2
4 4 6			0.0		0.0		0.0		0.3	4.3817	57.0116572758	400.3855
4 2 10			0.0		0.0		154.97		0.33027	1.1102	57.0442200735	11.3144
0 0 22			0.9		0.9		81.66		0.32122	2.2765	94.0325860765	137.6091
6 0 10			0.5		1.4		54.44		0.32127	1.0728	69.1331306246	8.9056
2 0 12			0.23		1.62		44.4		0.31819	0.8079	50.6101057273	16.6151
4 6 0			0.25		1.87		35.53		0.31819	0.7863	67.1083315067	59.4729
0 6 6			0.2		2.07		29.62		0.31816	1.0147	60.183190367	40.9583
6 0 6			0.17		2.24		25.41		0.3181	1.0815	60.1501886982	39.9969
0 2 18			0.11		2.35		22.92		0.31652	0.3755	76.3208597895	3.7538
6 4 0			0.12		2.47		20.38		0.31652	1.8287	67.0910631577	58.6803
0 6 8			0.1		2.57		18.59		0.31658	0.7694	64.1950429677	5.6946
2 4 2			0.07		2.63		17.44		0.31656	0.3828	40.8766170199	13.2501
2 0 14			0.07		2.7		16.32		0.31624	0.2634	58.6945218607	7.3942
2 2 6			-0.6		2.1		40.9		0.31698	8.3224	34.2684003079	615.2447
2 4 14			0.07		2.17		38.2		0.3171	0.5221	70.6383718296	19.4111
0 2 14			0.06		2.23		36.09		0.31675	0.2479	58.6982494177	6.3292
6 2 4			0.03		2.26		34.97		0.31651	0.8727	60.3342977717	77.9073
4 6 2			0.06		2.32		32.96		0.31649	0.2349	67.657370766	5.5969
5 1 11			-0.19		2.13		40.65		0.31644	3.2753	64.7131722767	203.727
0 6 2			0.05		2.19		38.64		0.31642	0.2356	55.3895592761	6.1752
6 0 8			0.05		2.24		36.85		0.31649	2.9234	64.163237895	5.3359
6 4 2			0.05		2.28		35.12		0.31648	0.2211	67.6401768609	4.8049
3 1 15			0.05		2.33		33.55		0.31665	0.2871	67.3554895111	7.7692
2 4 10			0.04		2.38		32.12		0.31678	0.607	57.0555982332	12.0937
0 6 10			0.04		2.41		30.92		0.31711	0.8527	69.1637693973	8.5049
2 0 10			0.04		2.45		29.73		0.31699	0.6169	42.9543880851	20.236
5 1 5			-0.08		2.37		32.47		0.31707	1.1901	50.2495039981	127.1383
9 1 1			0.04		2.41		31.33		0.31705	0.8793	87.9915459652	19.6393
1 3 15			0.04		2.44		30.23		0.31717	0.2862	67.3623786269	8.1809
3 3 15			0.04		2.48		29.2		0.31702	0.3402	73.0835579415	3.8877
0 2 8			-0.07		2.41		31.43		0.31765	0.1155	35.7619852008	1.7384
1 1 9			0.02		2.43		30.77		0.31715	0.2216	37.1193146943	1.1702
3 3 9			0.03		2.46		29.85		0.31702	0.3816	52.4524123761	12.0632
5 1 9			0.03		2.49		28.97		0.31693	0.4583	58.9619928854	19.0838
2 0 16			0.02		2.51		28.45		0.31736	0.5935	67.2372591268	11.8907
3 7 1			0.03		2.54		27.71		0.31735	1.2822	71.5694631273	22.2453
1 5 7			-0.02		2.52		28.23		0.31833	0.6035	54.1236034243	4.2528
6 0 2			0.03		2.54		27.52		0.31833	0.2214	55.354768557	5.4487
1 1 15			0.02		2.56		27.01		0.31851	0.656	61.3839959686	20.6242
7 1 3			0.0		2.56		26.95		0.31853	1.4031	66.8553232335	91.2915
0 0 20			0.03		2.59		26.29		0.31848	0.4542	83.3712939521	4.3689
4 2 2			0.02		2.61		25.78		0.31847	0.457	40.8620305525	12.2524
2 6 10			0.02		2.63		25.2		0.31858	0.7069	72.0169435829	44.7171
1 3 9			0.02		2.65		24.8		0.31835	0.2622	45.3040218183	7.1674
6 2 6			-0.09		2.55		27.34		0.31856	3.9921	63.2107357729	344.5633
2 4 6			0.02		2.58		26.76		0.31859	0.785	46.7364348384	64.2552
6 2 10			0.02		2.6		26.21		0.31869	0.7103	71.9901825081	43.9921
7 3 1			0.02		2.62		25.71		0.31869	0.5095	71.5359286583	22.1332
0 6 12			-0.01		2.6		26.09		0.3175	0.3425	75.0250979777	1.887
0 4 16			0.02		2.62		25.61		0.31761	1.5557	75.7704700384	94.8658
3 1 9			0.02		2.64		25.17		0.31749	0.36	45.2950695798	8.7768
6 4 6			0.02		2.65		24.8		0.31741	0.9247	71.9614498967	41.9809
2 4 4			-0.02		2.63		25.3		0.31741	0.8182	43.1484985256	64.6996
2 6 2			-0.05		2.58		26.76		0.31743	1.2892	58.5985395934	134.3564
0 2 12			0.02		2.59		26.36		0.3172	0.3827	50.6142203783	17.5707
4 6 4			0.0		2.6		26.32		0.3172	1.0731	69.291881243	33.3045
4 4 10			0.02		2.61		25.88		0.31729	0.6886	66.23802526	47.6672
6 2 0			-0.15		2.46		30.37		0.31729	4.3933	57.9728440251	566.5186
4 0 10			0.02		2.48		29.89		0.31739	0.6243	53.7713327333	45.2096
3 3 11			-0.09		2.39		32.94		0.31739	2.1204	58.6030846927	249.5822
4 6 6			0.01		2.4		32.49		0.31732	1.1903	71.9781772466	41.9784
4 2 14			0.01		2.42		32.01		0.31736	1.2576	70.6282605877	19.9713
5 1 1			0.01		2.43		31.61		0.31735	0.5346	46.1701152	26.7419
2 4 8			0.0		2.43		31.47		0.31745	0.1687	51.4325245866	2.4593
5 3 9			0.02		2.45		30.98		0.31747	0.4833	65.0662013285	20.8409
1 7 1			0.01		2.46		30.61		0.31746	0.5219	65.7901743415	26.2984
6 0 0			0.01		2.48		30.21		0.31746	0.7256	54.7363985401	55.434
2 6 0			-0.11		2.37		33.87		0.31746	4.3567	58.0028534629	558.9791
3 5 9			0.01		2.38		33.38		0.31746	0.4755	65.0802252419	19.5165
0 2 16			0.01		2.39		32.99		0.31763	1.8687	67.2407114996	13.8307
2 4 12			0.0		2.4		32.84		0.31707	0.2205	63.4791913795	4.8908
4 2 12			0.01		2.4		32.66		0.31657	0.2244	63.468523569	4.7972
2 2 10			0.01		2.42		32.25		0.31667	0.6429	46.7739448495	44.8949
5 1 13			-0.01		2.41		32.6		0.31735	0.4567	71.2764535317	11.3258
4 2 8			0.0		2.41		32.46		0.31744	0.7605	51.4203212226	2.5419
6 2 2			-0.03		2.38		33.4		0.31745	3.3001	58.5687226088	135.1206
2 2 16			0.01		2.4		32.97		0.31747	1.1693	70.1293332912	108.6018
1 3 13			-0.01		2.39		33.16		0.31804	0.3907	59.4200243294	11.5335
1 3 7			-0.0		2.39		33.29		0.31842	0.1893	39.2755843192	5.3372
1 5 1			0.01		2.4		32.96		0.31842	0.4978	46.196563203	27.3004
5 5 1			0.01		2.41		32.58		0.31841	0.5073	65.769247456	23.9531
3 1 13			-0.0		2.4		32.66		0.31886	0.3869	59.4126405656	11.7895
1 7 5			-0.02		2.39		33.18		0.31888	1.0841	69.0835930101	99.7513
3 3 1			0.01		2.4		32.88		0.31887	0.5106	38.1558496662	33.1617
0 2 20			0.0		2.4		32.73		0.31844	0.4494	86.0769303832	2.8517
0 6 14			0.01		2.41		32.45		0.31846	0.9096	81.7552219026	27.2955
0 0 10			0.01		2.42		32.09		0.31851	0.8316	38.8438017949	41.7013
0 4 10			0.01		2.43		31.74		0.31855	0.9893	53.7871001638	44.1425
0 2 22			0.0		2.44		31.59		0.31854	1.8317	96.7387030121	97.213
3 3 13			-0.01		2.43		31.86		0.31902	0.5636	65.4922780779	9.1158
4 2 0			0.01		2.44		31.65		0.31902	0.9287	40.0811891304	86.5118
2 2 4			0.0		2.44		31.55		0.31899	0.7551	29.4672289371	73.6026
0 2 10			0.01		2.45		31.24		0.31895	0.4317	42.9590557724	21.0204
0 0 16			0.01		2.46		30.91		0.31893	1.3342	64.286058028	116.6634
1 1 11			-0.09		2.37		33.98		0.31893	2.144	44.8525636461	378.5934
1 1 3			0.01		2.38		33.76		0.31894	0.4514	16.9416048235	36.8187
3 7 5			-0.01		2.37		34.07		0.31896	1.0548	74.7470539899	89.5814
4 4 12			0.01		2.38		33.73		0.31901	1.9475	72.2035773977	130.2426
0 0 18			0.01		2.38		33.51		0.31875	0.6609	73.530655613	37.988
1 5 9			0.01		2.39		33.21		0.31871	0.4394	58.984264935	17.7365
6 4 4			0.0		2.4		33.12		0.31871	0.6669	69.2748711385	33.991
5 3 1			0.01		2.4		32.88		0.31871	0.5252	53.2386121167	32.835