HKL Value		Reward		TotalReward	Chi Squared	Z Appr. 	Error	Two-Thetas	Sfs2
4 2 10			0.0		0.0		0.0		0.3	1.1102	57.0442200735	11.3144
1 7 1			0.0		0.0		0.39		0.21975	0.5219	65.7901743415	26.2984
0 4 18			-0.93		-0.93		5.89		0.18728	0.8369	84.5238780681	17.4513
5 1 9			-0.21		-1.14		7.45		0.18789	0.4583	58.9619928854	19.0838
2 6 6			-0.83		-1.97		42.92		0.18592	5.383	63.2392339525	346.2148
4 6 0			0.25		-1.72		34.34		0.18592	0.7863	67.1083315067	59.4729
0 2 18			0.2		-1.52		28.63		0.18603	0.3755	76.3208597895	3.7538
4 2 0			0.09		-1.43		26.37		0.18603	0.9287	40.0811891304	86.5118
6 0 6			0.14		-1.29		23.08		0.18599	1.0815	60.1501886982	39.9969
1 7 5			0.09		-1.2		21.21		0.18617	1.0841	69.0835930101	99.7513
0 6 6			0.11		-1.09		19.1		0.18612	1.0147	60.183190367	40.9583
5 1 1			0.08		-1.01		17.69		0.18619	0.5346	46.1701152	26.7419
0 6 8			0.07		-0.94		16.45		0.18615	0.7694	64.1950429677	5.6946
0 2 12			0.08		-0.86		15.2		0.18633	0.3827	50.6142203783	17.5707
6 4 0			0.08		-0.78		14.12		0.18633	1.8287	67.0910631577	58.6803
2 0 14			0.07		-0.71		13.24		0.18664	0.2634	58.6945218607	7.3942
4 2 2			0.04		-0.67		12.73		0.18668	0.457	40.8620305525	12.2524
2 4 14			0.03		-0.64		12.32		0.18632	0.5221	70.6383718296	19.4111
6 2 0			-0.55		-1.19		27.31		0.18632	4.3933	57.9728440251	566.5186
0 6 2			0.05		-1.14		26.0		0.18634	0.2356	55.3895592761	6.1752
4 6 2			0.05		-1.09		24.72		0.18636	0.2349	67.657370766	5.5969
6 4 2			0.05		-1.04		23.56		0.18638	0.2211	67.6401768609	4.8049
2 4 10			0.04		-1.0		22.64		0.18596	0.607	57.0555982332	12.0937
6 0 8			0.04		-0.96		21.8		0.18593	2.9234	64.163237895	5.3359
9 1 1			0.01		-0.95		21.64		0.18606	0.8793	87.9915459652	19.6393
1 1 7			0.03		-0.92		20.96		0.1865	0.2012	29.7561292971	6.5386
7 3 3			-0.05		-0.97		22.16		0.18646	1.9283	72.601334037	69.5466
2 6 4			0.01		-0.96		21.91		0.18677	0.8772	60.3635846112	78.02
3 5 3			-0.07		-1.03		23.57		0.18673	0.9259	54.5093201099	87.7589
2 2 6			-0.32		-1.35		34.63		0.18581	8.3224	34.2684003079	615.2447
6 4 6			0.03		-1.32		33.59		0.18599	0.9247	71.9614498967	41.9809
0 6 16			0.0		-1.32		33.49		0.1854	0.4825	89.3859051251	7.6515
0 6 10			0.03		-1.29		32.67		0.18482	0.8527	69.1637693973	8.5049
3 1 15			0.03		-1.26		31.68		0.18484	0.2871	67.3554895111	7.7692
6 2 8			-0.13		-1.39		36.3		0.1848	3.3751	67.1207225085	222.106
2 0 10			0.03		-1.36		35.28		0.18487	0.6169	42.9543880851	20.236
6 0 10			0.02		-1.34		34.45		0.1845	1.0728	69.1331306246	8.9056
1 7 7			0.03		-1.31		33.6		0.1847	0.4353	72.3061031614	6.1143
0 0 6			-0.21		-1.52		42.37		0.18416	7.4326	23.0169618987	709.6598
6 2 2			-0.04		-1.55		43.94		0.18412	3.3001	58.5687226088	135.1206
1 1 9			0.03		-1.53		42.85		0.18416	0.2216	37.1193146943	1.1702
3 3 9			0.02		-1.51		41.98		0.18416	0.3816	52.4524123761	12.0632
2 4 0			0.02		-1.49		41.31		0.18415	1.4359	40.0960076051	88.2765
3 3 15			0.02		-1.47		40.36		0.184	0.3402	73.0835579415	3.8877
3 7 1			0.01		-1.45		39.77		0.18406	1.2822	71.5694631273	22.2453
2 0 16			0.01		-1.44		39.19		0.18374	0.5935	67.2372591268	11.8907
1 3 15			0.02		-1.42		38.35		0.18382	0.2862	67.3623786269	8.1809
6 0 2			0.02		-1.39		37.58		0.18382	0.2214	55.354768557	5.4487
0 0 20			0.02		-1.37		36.8		0.18376	0.4542	83.3712939521	4.3689
0 4 16			0.02		-1.35		36.13		0.18364	1.5557	75.7704700384	94.8658
1 3 9			0.02		-1.34		35.48		0.18362	0.2622	45.3040218183	7.1674
0 6 12			0.01		-1.33		35.23		0.18448	0.3425	75.0250979777	1.887
3 5 9			0.01		-1.32		34.8		0.18449	0.4755	65.0802252419	19.5165
6 2 10			0.02		-1.3		34.26		0.18429	0.7103	71.9901825081	43.9921
4 0 10			0.02		-1.29		33.71		0.18412	0.6243	53.7713327333	45.2096
1 1 15			0.01		-1.27		33.27		0.18427	0.656	61.3839959686	20.6242
1 5 9			0.01		-1.26		32.88		0.18429	0.4394	58.984264935	17.7365
0 2 14			0.02		-1.24		32.38		0.18443	0.2479	58.6982494177	6.3292
5 5 7			0.01		-1.23		32.0		0.18467	0.6639	72.2860687267	4.3062
4 4 10			0.02		-1.22		31.51		0.18453	0.6886	66.23802526	47.6672
7 3 1			0.01		-1.21		31.22		0.18457	0.5095	71.5359286583	22.1332
2 4 2			0.01		-1.19		30.81		0.18457	0.3828	40.8766170199	13.2501
0 6 18			0.02		-1.18		30.32		0.18467	0.7949	98.0280769063	1.8601
2 4 8			0.0		-1.18		30.25		0.1846	0.1687	51.4325245866	2.4593
2 0 12			0.01		-1.16		29.81		0.18473	0.8079	50.6101057273	16.6151
3 1 9			0.01		-1.15		29.42		0.18472	0.36	45.2950695798	8.7768
1 3 7			0.01		-1.14		29.07		0.18487	0.1893	39.2755843192	5.3372
4 6 6			0.01		-1.12		28.7		0.18493	1.1903	71.9781772466	41.9784
0 0 4			0.01		-1.12		28.5		0.185	0.8482	15.2869714585	59.1035
0 2 16			0.01		-1.11		28.25		0.18488	1.8687	67.2407114996	13.8307
4 4 8			-0.07		-1.18		30.54		0.18487	3.9407	61.1479986878	218.5721
4 2 14			0.01		-1.17		30.17		0.1848	1.2576	70.6282605877	19.9713
5 3 9			0.01		-1.16		29.95		0.18481	0.4833	65.0662013285	20.8409
1 3 13			0.01		-1.15		29.62		0.18478	0.3907	59.4200243294	11.5335
5 1 13			0.01		-1.14		29.29		0.18475	0.4567	71.2764535317	11.3258
2 2 10			0.01		-1.13		28.97		0.1846	0.6429	46.7739448495	44.8949
2 4 12			0.01		-1.12		28.73		0.18495	0.2205	63.4791913795	4.8908
2 2 16			0.01		-1.11		28.37		0.18492	1.1693	70.1293332912	108.6018
4 2 8			0.0		-1.11		28.32		0.18486	0.7605	51.4203212226	2.5419
3 3 1			0.01		-1.09		28.0		0.18487	0.5106	38.1558496662	33.1617
6 0 0			0.01		-1.08		27.71		0.18487	0.7256	54.7363985401	55.434
0 0 10			0.01		-1.07		27.45		0.18472	0.8316	38.8438017949	41.7013
7 1 1			0.01		-1.06		27.18		0.18473	0.5207	65.7483230412	25.2044
3 1 13			0.01		-1.06		26.92		0.18471	0.3869	59.4126405656	11.7895
1 5 1			0.01		-1.04		26.64		0.18472	0.4978	46.196563203	27.3004
0 6 14			0.01		-1.04		26.46		0.18465	0.9096	81.7552219026	27.2955
2 6 2			-0.03		-1.07		27.36		0.18463	1.2892	58.5985395934	134.3564
0 4 10			0.01		-1.06		27.11		0.18448	0.9893	53.7871001638	44.1425
2 0 0			-0.01		-1.07		27.33		0.18448	2.02	17.6289686615	175.6782
2 4 6			0.01		-1.06		27.05		0.18446	0.785	46.7364348384	64.2552
3 3 13			0.01		-1.05		26.79		0.18443	0.5636	65.4922780779	9.1158
0 2 20			0.01		-1.04		26.52		0.18461	0.4494	86.0769303832	2.8517
2 6 10			0.01		-1.03		26.3		0.18448	0.7069	72.0169435829	44.7171
4 6 4			0.0		-1.03		26.28		0.18449	1.0731	69.291881243	33.3045
5 1 11			-0.01		-1.04		26.64		0.18444	3.2753	64.7131722767	203.727
6 4 4			0.0		-1.04		26.62		0.18444	0.6669	69.2748711385	33.991
0 2 22			0.0		-1.04		26.56		0.18431	1.8317	96.7387030121	97.213
0 4 6			-0.08		-1.12		28.94		0.18417	3.7688	42.9189471786	481.9509
3 7 5			0.01		-1.11		28.65		0.18418	1.0548	74.7470539899	89.5814
3 1 1			0.01		-1.1		28.37		0.18418	0.5239	28.3131072915	41.7464
4 4 12			0.01		-1.1		28.15		0.18406	1.9475	72.2035773977	130.2426
4 0 6			-0.08		-1.17		30.46		0.18392	5.3963	42.900258124	488.2208