HKL Value		Reward		TotalReward	Chi Squared	Z Appr. 	Error	Two-Thetas	Sfs2
2 4 0			0.0		0.0		0.0		0.3	1.4359	40.0960076051	88.2765
4 6 0			0.0		0.0		13.85		0.3	0.7863	67.1083315067	59.4729
2 0 14			1.0		1.0		6.93		0.28012	0.2634	58.6945218607	7.3942
4 2 0			-0.22		0.78		8.89		0.28012	0.9287	40.0811891304	86.5118
4 2 10			0.33		1.11		6.67		0.28037	1.1102	57.0442200735	11.3144
0 6 6			-0.35		0.77		10.21		0.28307	1.0147	60.183190367	40.9583
9 1 1			0.2		0.96		8.51		0.28302	0.8793	87.9915459652	19.6393
6 0 6			-0.17		0.8		10.21		0.28914	1.0815	60.1501886982	39.9969
6 4 6			1.21		2.01		4.62		0.31399	0.9247	71.9614498967	41.9809
0 2 18			0.12		2.13		4.11		0.31383	0.3755	76.3208597895	3.7538
6 4 0			0.11		2.25		3.7		0.31383	1.8287	67.0910631577	58.6803
0 2 0			-0.52		1.73		7.68		0.31383	1.4407	17.6394681947	177.2483
0 6 8			0.05		1.78		7.28		0.3139	0.7694	64.1950429677	5.6946
6 4 4			-0.15		1.63		8.61		0.31382	0.6669	69.2748711385	33.991
2 4 14			0.03		1.66		8.36		0.31456	0.5221	70.6383718296	19.4111
6 0 8			0.04		1.7		8.02		0.31468	2.9234	64.163237895	5.3359
4 6 2			0.06		1.76		7.56		0.31464	0.2349	67.657370766	5.5969
0 6 2			0.04		1.8		7.25		0.31459	0.2356	55.3895592761	6.1752
6 4 2			0.06		1.86		6.86		0.31456	0.2211	67.6401768609	4.8049
3 1 15			0.04		1.9		6.61		0.31514	0.2871	67.3554895111	7.7692
3 3 15			0.05		1.95		6.28		0.31525	0.3402	73.0835579415	3.8877
5 1 13			-0.28		1.67		8.76		0.31812	0.4567	71.2764535317	11.3258
2 4 10			0.05		1.71		8.37		0.31816	0.607	57.0555982332	12.0937
0 6 10			0.04		1.75		8.08		0.31834	0.8527	69.1637693973	8.5049
6 0 10			0.04		1.79		7.8		0.31848	1.0728	69.1331306246	8.9056
3 3 9			0.03		1.81		7.59		0.31833	0.3816	52.4524123761	12.0632
1 3 15			0.04		1.85		7.3		0.31835	0.2862	67.3623786269	8.1809
3 3 11			-0.51		1.35		14.81		0.31835	2.1204	58.6030846927	249.5822
1 1 9			0.0		1.35		14.75		0.31788	0.2216	37.1193146943	1.1702
7 1 1			0.02		1.37		14.44		0.31786	0.5207	65.7483230412	25.2044
3 1 9			0.02		1.4		14.09		0.31766	0.36	45.2950695798	8.7768
2 0 10			0.03		1.43		13.69		0.31756	0.6169	42.9543880851	20.236
0 2 14			0.01		1.44		13.49		0.31734	0.2479	58.6982494177	6.3292
6 0 2			0.03		1.47		13.14		0.31734	0.2214	55.354768557	5.4487
0 0 16			0.03		1.5		12.75		0.31734	1.3342	64.286058028	116.6634
3 7 1			0.02		1.52		12.46		0.31732	1.2822	71.5694631273	22.2453
4 0 4			-0.02		1.5		12.68		0.31717	1.2165	39.0343929222	79.1487
1 3 11			-0.34		1.16		19.21		0.31714	2.4293	52.0561920156	298.4303
1 1 17			-0.19		0.98		23.66		0.31642	2.447	70.2810461715	248.4175