HKL Value		Reward		TotalReward	Chi Squared	Z Appr. 	Error	Two-Thetas	Sfs2
4 2 10			0.0		0.0		0.0		0.3	1.1102	57.0442200735	11.3144
4 6 0			0.0		0.0		0.04		0.38048	0.7863	67.1083315067	59.4729
0 4 6			-1.0		-1.0		119.86		0.33098	3.7688	42.9189471786	481.9509
0 2 18			0.39		-0.61		86.39		0.31666	0.3755	76.3208597895	3.7538
6 0 6			0.33		-0.28		64.8		0.31664	1.0815	60.1501886982	39.9969
0 6 6			0.25		-0.03		51.84		0.31664	1.0147	60.183190367	40.9583
0 6 8			0.19		0.16		43.6		0.31673	0.7694	64.1950429677	5.6946
6 4 0			0.17		0.33		37.38		0.31673	1.8287	67.0910631577	58.6803
1 1 5			-0.34		-0.02		56.9		0.31704	1.9661	22.8949597146	247.5537
2 0 14			0.11		0.1		51.07		0.31655	0.2634	58.6945218607	7.3942
2 2 12			0.03		0.13		49.66		0.31812	1.9766	54.0147953295	208.0279
2 4 14			0.09		0.22		45.38		0.31822	0.5221	70.6383718296	19.4111
0 6 2			0.09		0.31		41.82		0.31822	0.2356	55.3895592761	6.1752
4 6 2			0.08		0.39		38.66		0.31819	0.2349	67.657370766	5.5969
2 4 10			0.08		0.46		35.9		0.31824	0.607	57.0555982332	12.0937
6 4 2			0.07		0.53		33.54		0.31824	0.2211	67.6401768609	4.8049
9 1 1			0.06		0.6		31.55		0.31821	0.8793	87.9915459652	19.6393
6 0 8			0.06		0.65		29.83		0.31829	2.9234	64.163237895	5.3359
1 7 7			0.01		0.66		29.6		0.31931	0.4353	72.3061031614	6.1143
0 6 10			0.05		0.72		28.08		0.31944	0.8527	69.1637693973	8.5049
3 3 9			0.05		0.76		26.86		0.31923	0.3816	52.4524123761	12.0632
3 1 15			0.05		0.81		25.59		0.31915	0.2871	67.3554895111	7.7692
2 0 10			0.04		0.85		24.55		0.31901	0.6169	42.9543880851	20.236
6 0 10			0.04		0.9		23.52		0.31912	1.0728	69.1331306246	8.9056
1 1 9			0.01		0.91		23.19		0.31857	0.2216	37.1193146943	1.1702
5 1 9			0.04		0.95		22.33		0.31845	0.4583	58.9619928854	19.0838
3 7 1			0.04		0.99		21.57		0.31844	1.2822	71.5694631273	22.2453
6 2 2			-0.12		0.86		24.59		0.31848	3.3001	58.5687226088	135.1206
6 2 8			-0.19		0.67		30.42		0.31854	3.3751	67.1207225085	222.106
3 3 15			0.03		0.7		29.45		0.31826	0.3402	73.0835579415	3.8877
2 0 16			0.03		0.73		28.73		0.31859	0.5935	67.2372591268	11.8907
1 1 1			0.01		0.74		28.35		0.31857	0.5749	13.0194761966	56.7652
1 3 15			0.03		0.78		27.47		0.31857	0.2862	67.3623786269	8.1809
6 0 2			0.03		0.8		26.7		0.31857	0.2214	55.354768557	5.4487
3 7 3			0.01		0.81		26.47		0.31859	0.8954	72.6346668965	71.6226
0 6 12			-0.02		0.8		26.91		0.31723	0.3425	75.0250979777	1.887
2 6 10			0.03		0.82		26.24		0.31738	0.7069	72.0169435829	44.7171
6 2 10			0.02		0.85		25.61		0.31753	0.7103	71.9901825081	43.9921
0 4 16			0.02		0.87		25.0		0.31765	1.5557	75.7704700384	94.8658
4 0 10			0.02		0.89		24.41		0.31776	0.6243	53.7713327333	45.2096
0 0 20			0.03		0.92		23.81		0.31773	0.4542	83.3712939521	4.3689
4 4 10			0.02		0.94		23.25		0.3178	0.6886	66.23802526	47.6672
1 1 15			0.01		0.96		22.91		0.31794	0.656	61.3839959686	20.6242
0 2 14			0.02		0.97		22.56		0.31781	0.2479	58.6982494177	6.3292
0 4 20			0.02		0.99		22.17		0.31766	1.027	94.1654323607	18.6345
7 3 1			0.02		1.01		21.73		0.31766	0.5095	71.5359286583	22.1332
4 2 2			0.02		1.03		21.38		0.31765	0.457	40.8620305525	12.2524
1 3 9			0.02		1.04		21.06		0.31747	0.2622	45.3040218183	7.1674
5 5 7			-0.04		1.01		21.84		0.31823	0.6639	72.2860687267	4.3062
2 2 8			-0.13		0.87		25.22		0.31824	1.8488	40.1384116224	216.1995
2 0 12			0.01		0.89		24.89		0.31797	0.8079	50.6101057273	16.6151
2 4 2			0.01		0.9		24.52		0.31796	0.3828	40.8766170199	13.2501
6 4 6			0.01		0.92		24.17		0.3179	0.9247	71.9614498967	41.9809
3 5 5			-0.06		0.86		25.66		0.31794	1.2751	56.9624934876	133.7285
3 1 9			0.02		0.87		25.26		0.31783	0.36	45.2950695798	8.7768
4 6 6			0.01		0.89		24.91		0.31776	1.1903	71.9781772466	41.9784
0 2 12			0.01		0.9		24.58		0.31755	0.3827	50.6142203783	17.5707
2 2 0			-0.31		0.59		35.54		0.31755	11.1953	25.0390113278	1035.9387
0 2 16			0.01		0.61		35.05		0.31771	1.8687	67.2407114996	13.8307
4 0 8			-0.08		0.53		38.0		0.31773	2.9483	47.8850437629	244.3799
2 2 14			-0.02		0.51		38.78		0.31773	1.0835	61.7979105177	101.9829
5 3 9			0.02		0.53		38.14		0.31774	0.4833	65.0662013285	20.8409
4 2 14			0.02		0.54		37.58		0.31777	1.2576	70.6282605877	19.9713
2 4 8			0.01		0.55		37.34		0.31788	0.1687	51.4325245866	2.4593
1 3 13			-0.0		0.55		37.45		0.31851	0.3907	59.4200243294	11.5335
0 0 10			0.02		0.56		36.89		0.31858	0.8316	38.8438017949	41.7013
5 1 13			-0.0		0.56		36.95		0.31914	0.4567	71.2764535317	11.3258
2 2 10			0.01		0.57		36.4		0.31917	0.6429	46.7739448495	44.8949
3 5 9			0.01		0.59		35.87		0.31916	0.4755	65.0802252419	19.5165
2 4 12			0.0		0.59		35.86		0.31864	0.2205	63.4791913795	4.8908
2 2 16			0.01		0.6		35.35		0.31864	1.1693	70.1293332912	108.6018
5 3 1			0.01		0.61		34.97		0.31864	0.5252	53.2386121167	32.835
5 1 1			0.01		0.63		34.58		0.31863	0.5346	46.1701152	26.7419
3 3 1			0.01		0.64		34.22		0.31862	0.5106	38.1558496662	33.1617
0 0 18			0.01		0.65		33.9		0.31831	0.6609	73.530655613	37.988
0 2 22			0.01		0.65		33.69		0.3183	1.8317	96.7387030121	97.213
4 2 8			0.0		0.66		33.52		0.31838	0.7605	51.4203212226	2.5419
4 0 6			-0.08		0.58		36.41		0.31849	5.3963	42.900258124	488.2208
2 4 6			0.01		0.59		35.96		0.3185	0.785	46.7364348384	64.2552
4 6 4			0.0		0.59		35.81		0.3185	1.0731	69.291881243	33.3045
3 1 13			-0.0		0.59		35.85		0.3189	0.3869	59.4126405656	11.7895
7 1 7			0.0		0.59		35.8		0.31914	0.3505	72.2660298289	5.0526
6 0 0			0.01		0.61		35.42		0.31914	0.7256	54.7363985401	55.434
4 2 0			0.01		0.61		35.14		0.31914	0.9287	40.0811891304	86.5118
1 5 1			0.01		0.62		34.81		0.31914	0.4978	46.196563203	27.3004
0 6 14			0.01		0.63		34.51		0.31915	0.9096	81.7552219026	27.2955
0 4 10			0.01		0.64		34.12		0.31919	0.9893	53.7871001638	44.1425
0 4 0			-0.14		0.51		39.53		0.31919	6.137	35.7152072575	818.959
3 3 13			-0.0		0.5		39.64		0.31962	0.5636	65.4922780779	9.1158
0 2 20			0.0		0.51		39.5		0.31924	0.4494	86.0769303832	2.8517
0 2 6			0.01		0.51		39.25		0.31927	1.1672	29.1471999487	131.5155
1 7 1			0.01		0.52		38.89		0.31927	0.5219	65.7901743415	26.2984
0 2 4			-0.01		0.51		39.46		0.31928	1.326	23.4223631322	110.0283
1 7 3			0.0		0.51		39.29		0.31928	0.9932	66.8968211493	90.2271
7 1 1			0.01		0.52		38.94		0.31928	0.5207	65.7483230412	25.2044
6 4 4			0.0		0.53		38.79		0.31928	0.6669	69.2748711385	33.991
3 7 5			-0.01		0.52		39.03		0.3193	1.0548	74.7470539899	89.5814
3 1 1			0.01		0.53		38.77		0.3193	0.5239	28.3131072915	41.7464
1 1 3			0.01		0.53		38.51		0.3193	0.4514	16.9416048235	36.8187
2 2 4			0.0		0.54		38.35		0.31926	0.7551	29.4672289371	73.6026
2 6 8			-0.04		0.5		39.81		0.31928	4.3291	67.1483383839	218.3417
0 2 10			0.01		0.51		39.44		0.31925	0.4317	42.9590557724	21.0204