HKL Value		Reward		TotalReward	Chi Squared	Z Appr. 	Error	Two-Thetas	Sfs2
4 2 10			0.0		0.0		0.0		0.3	1.1102	57.0442200735	11.3144
4 6 0			0.0		0.0		0.04		0.38048	0.7863	67.1083315067	59.4729
6 0 6			-0.98		-0.98		2.11		0.35067	1.0815	60.1501886982	39.9969
0 6 6			0.5		-0.48		1.41		0.35059	1.0147	60.183190367	40.9583
2 4 8			0.25		-0.23		1.12		0.35164	0.1687	51.4325245866	2.4593
0 2 18			0.22		-0.01		0.92		0.35267	0.3755	76.3208597895	3.7538
7 1 1			-0.61		-0.62		2.35		0.35253	0.5207	65.7483230412	25.2044
6 4 0			0.17		-0.45		2.02		0.35253	1.8287	67.0910631577	58.6803
4 0 2			-0.85		-1.3		13.34		0.35341	1.7854	36.5531212028	138.5255
0 4 4			-0.22		-1.53		17.14		0.35265	0.8482	39.0545896029	78.0016
6 0 4			-0.05		-1.57		17.97		0.35312	0.7069	57.1830782131	42.6751
0 6 8			0.1		-1.47		16.36		0.3535	0.7694	64.1950429677	5.6946
0 4 14			-0.05		-1.52		17.24		0.35529	1.2337	67.7597167724	121.3788
0 0 2			-0.2		-1.73		21.58		0.35577	1.161	7.62646333295	98.931
2 0 14			0.08		-1.65		20.07		0.35562	0.2634	58.6945218607	7.3942
2 4 14			0.07		-1.58		18.77		0.35577	0.5221	70.6383718296	19.4111
4 6 2			0.06		-1.52		17.77		0.35576	0.2349	67.657370766	5.5969
0 6 2			0.05		-1.47		16.88		0.35585	0.2356	55.3895592761	6.1752
6 4 2			0.05		-1.42		16.07		0.35585	0.2211	67.6401768609	4.8049
6 0 8			0.06		-1.37		15.22		0.35577	2.9234	64.163237895	5.3359
2 2 0			-0.68		-2.04		46.95		0.35577	11.1953	25.0390113278	1035.9387
2 4 10			0.04		-2.0		44.96		0.35548	0.607	57.0555982332	12.0937
3 1 15			0.04		-1.95		43.1		0.3551	0.2871	67.3554895111	7.7692
2 0 10			0.03		-1.92		41.69		0.35473	0.6169	42.9543880851	20.236
0 6 10			0.04		-1.88		40.08		0.35452	0.8527	69.1637693973	8.5049
2 6 6			-0.1		-1.98		44.43		0.35235	5.383	63.2392339525	346.2148
3 1 11			-0.07		-2.05		47.81		0.35535	2.3814	52.0481274199	292.2152
9 1 1			0.03		-2.01		46.21		0.35528	0.8793	87.9915459652	19.6393
6 0 10			0.03		-1.98		44.67		0.35512	1.0728	69.1331306246	8.9056
4 2 0			0.03		-1.95		43.57		0.35512	0.9287	40.0811891304	86.5118
3 3 11			-0.04		-1.99		45.22		0.35727	2.1204	58.6030846927	249.5822
0 2 0			-0.0		-1.99		45.29		0.35727	1.4407	17.6394681947	177.2483
0 0 4			0.0		-1.99		45.14		0.35709	0.8482	15.2869714585	59.1035
1 3 15			0.03		-1.96		43.91		0.35715	0.2862	67.3623786269	8.1809
3 5 1			0.02		-1.94		43.0		0.35705	0.5283	53.2544885252	31.9012
1 1 9			0.03		-1.91		41.77		0.35719	0.2216	37.1193146943	1.1702
3 3 9			0.03		-1.88		40.64		0.35686	0.3816	52.4524123761	12.0632
2 2 14			0.01		-1.87		40.1		0.35692	1.0835	61.7979105177	101.9829
3 3 15			0.03		-1.84		39.09		0.3569	0.3402	73.0835579415	3.8877
3 7 1			0.02		-1.82		38.24		0.35684	1.2822	71.5694631273	22.2453
5 1 9			0.02		-1.8		37.32		0.35649	0.4583	58.9619928854	19.0838
0 6 16			0.02		-1.77		36.5		0.35679	0.4825	89.3859051251	7.6515
4 6 4			0.01		-1.76		35.96		0.35695	1.0731	69.291881243	33.3045
3 7 3			0.01		-1.75		35.62		0.35676	0.8954	72.6346668965	71.6226
2 0 16			0.02		-1.73		34.94		0.35731	0.5935	67.2372591268	11.8907
4 0 10			0.01		-1.72		34.72		0.3578	0.6243	53.7713327333	45.2096
6 0 2			0.02		-1.7		34.0		0.35785	0.2214	55.354768557	5.4487
2 0 6			0.0		-1.7		33.85		0.35676	1.6278	29.1406672869	128.8477
3 1 13			0.02		-1.68		33.23		0.35731	0.3869	59.4126405656	11.7895
0 2 14			0.02		-1.66		32.57		0.35733	0.2479	58.6982494177	6.3292
1 1 15			0.01		-1.65		32.18		0.35779	0.656	61.3839959686	20.6242
6 2 2			-0.03		-1.68		33.23		0.35825	3.3001	58.5687226088	135.1206
6 2 10			0.01		-1.67		33.03		0.35882	0.7103	71.9901825081	43.9921
0 2 12			0.02		-1.65		32.46		0.35806	0.3827	50.6142203783	17.5707
6 2 6			-0.07		-1.72		34.77		0.35563	3.9921	63.2107357729	344.5633
4 2 2			0.01		-1.71		34.27		0.35564	0.457	40.8620305525	12.2524
7 3 1			0.01		-1.69		33.76		0.35558	0.5095	71.5359286583	22.1332
2 0 0			-0.01		-1.7		33.98		0.35558	2.02	17.6289686615	175.6782
0 6 12			0.02		-1.68		33.42		0.35643	0.3425	75.0250979777	1.887
0 4 16			0.01		-1.67		33.22		0.35886	1.5557	75.7704700384	94.8658
5 5 7			0.02		-1.66		32.68		0.35886	0.6639	72.2860687267	4.3062
5 5 5			0.0		-1.65		32.54		0.3595	1.5862	69.0631626084	104.8873
1 3 9			0.02		-1.64		32.02		0.35934	0.2622	45.3040218183	7.1674
2 4 2			0.01		-1.63		31.64		0.35936	0.3828	40.8766170199	13.2501
7 1 3			0.0		-1.62		31.59		0.3592	1.4031	66.8553232335	91.2915
3 1 9			0.02		-1.61		31.12		0.35898	0.36	45.2950695798	8.7768
4 4 10			0.0		-1.61		31.04		0.35938	0.6886	66.23802526	47.6672
2 0 12			0.01		-1.59		30.62		0.35894	0.8079	50.6101057273	16.6151
6 4 6			0.01		-1.58		30.18		0.35904	0.9247	71.9614498967	41.9809
4 6 6			0.01		-1.56		29.74		0.35914	1.1903	71.9781772466	41.9784
0 0 20			-0.0		-1.56		29.75		0.36238	0.4542	83.3712939521	4.3689
4 2 14			0.01		-1.55		29.36		0.36231	1.2576	70.6282605877	19.9713
5 3 9			0.01		-1.54		29.08		0.3622	0.4833	65.0662013285	20.8409
6 0 0			0.01		-1.53		28.75		0.3622	0.7256	54.7363985401	55.434
3 5 9			0.01		-1.52		28.48		0.36209	0.4755	65.0802252419	19.5165
0 2 16			0.01		-1.51		28.11		0.36222	1.8687	67.2407114996	13.8307
5 1 13			0.01		-1.49		27.75		0.36227	0.4567	71.2764535317	11.3258
2 4 12			0.01		-1.48		27.4		0.36222	0.2205	63.4791913795	4.8908
2 2 10			0.0		-1.48		27.32		0.36236	0.6429	46.7739448495	44.8949
4 2 8			0.01		-1.47		27.01		0.36226	0.7605	51.4203212226	2.5419
4 2 12			0.01		-1.45		26.69		0.36222	0.2244	63.468523569	4.7972
5 1 1			0.01		-1.45		26.51		0.36221	0.5346	46.1701152	26.7419
2 2 16			0.01		-1.44		26.3		0.3626	1.1693	70.1293332912	108.6018
1 3 13			0.01		-1.43		25.98		0.36264	0.3907	59.4200243294	11.5335
1 7 1			0.01		-1.42		25.81		0.36263	0.5219	65.7901743415	26.2984
1 7 3			-0.0		-1.42		25.84		0.36258	0.9932	66.8968211493	90.2271
3 3 1			0.01		-1.42		25.7		0.36258	0.5106	38.1558496662	33.1617
6 2 8			-0.03		-1.44		26.42		0.3628	3.3751	67.1207225085	222.106
0 2 20			0.01		-1.43		26.12		0.36284	0.4494	86.0769303832	2.8517
0 6 14			0.01		-1.42		25.87		0.36276	0.9096	81.7552219026	27.2955
1 5 1			0.01		-1.42		25.71		0.36276	0.4978	46.196563203	27.3004
2 4 4			-0.01		-1.42		25.86		0.36277	0.8182	43.1484985256	64.6996
0 2 22			0.0		-1.42		25.78		0.36284	1.8317	96.7387030121	97.213
0 0 10			0.0		-1.42		25.7		0.36295	0.8316	38.8438017949	41.7013
0 4 10			0.0		-1.41		25.63		0.36308	0.9893	53.7871001638	44.1425
0 0 8			-0.03		-1.44		26.35		0.36325	2.1948	30.8548203523	183.9052
3 1 5			-0.02		-1.46		26.9		0.36343	2.8985	34.1781376955	186.2389
2 2 2			-0.02		-1.48		27.5		0.36348	1.1162	26.2109248846	125.5642