HKL Value		Reward		TotalReward	Chi Squared	Z Appr. 	Error	Two-Thetas	Sfs2
4 2 10			0.0		0.0		0.0		0.3	1.1102	57.0442200735	11.3144
4 6 0			0.0		0.0		0.04		0.38048	0.7863	67.1083315067	59.4729
6 4 0			0.53		0.53		0.03		0.38048	1.8287	67.0910631577	58.6803
0 2 18			-0.99		-0.46		1.95		0.37005	0.3755	76.3208597895	3.7538
6 2 10			-0.37		-0.83		3.11		0.37154	0.7103	71.9901825081	43.9921
6 0 6			-0.33		-1.16		4.65		0.37074	1.0815	60.1501886982	39.9969
1 5 11			-0.69		-1.85		14.78		0.36726	1.8219	64.7342781598	204.7444
0 6 6			0.09		-1.76		13.51		0.36311	1.0147	60.183190367	40.9583
0 6 8			0.12		-1.64		12.06		0.36113	0.7694	64.1950429677	5.6946
2 0 14			0.12		-1.51		10.73		0.36142	0.2634	58.6945218607	7.3942
2 4 14			0.1		-1.41		9.76		0.36072	0.5221	70.6383718296	19.4111
6 0 8			0.09		-1.33		8.98		0.35977	2.9234	64.163237895	5.3359
0 2 6			-0.16		-1.49		10.71		0.3568	1.1672	29.1471999487	131.5155
0 2 8			0.08		-1.41		9.9		0.35698	0.1155	35.7619852008	1.7384
4 6 2			0.05		-1.35		9.39		0.35698	0.2349	67.657370766	5.5969
0 6 2			0.05		-1.3		8.93		0.35709	0.2356	55.3895592761	6.1752
0 4 12			-0.17		-1.47		10.82		0.3519	1.4889	60.4300914167	161.7651
6 4 2			0.05		-1.43		10.31		0.3519	0.2211	67.6401768609	4.8049
3 1 15			0.05		-1.38		9.84		0.35143	0.2871	67.3554895111	7.7692
3 3 15			0.06		-1.32		9.33		0.35135	0.3402	73.0835579415	3.8877
2 4 10			0.03		-1.3		9.1		0.35132	0.607	57.0555982332	12.0937
0 6 10			0.04		-1.26		8.79		0.35131	0.8527	69.1637693973	8.5049
3 3 9			0.05		-1.22		8.41		0.35148	0.3816	52.4524123761	12.0632
6 0 10			0.03		-1.19		8.17		0.35145	1.0728	69.1331306246	8.9056
1 3 15			0.03		-1.15		7.9		0.35114	0.2862	67.3623786269	8.1809
9 1 1			0.02		-1.13		7.75		0.35111	0.8793	87.9915459652	19.6393
0 6 12			-0.03		-1.16		7.96		0.35324	0.3425	75.0250979777	1.887
1 1 9			0.03		-1.13		7.76		0.35373	0.2216	37.1193146943	1.1702
0 2 14			0.03		-1.1		7.5		0.35363	0.2479	58.6982494177	6.3292
2 0 10			-0.01		-1.11		7.6		0.35356	0.6169	42.9543880851	20.236
2 2 14			-0.06		-1.17		8.1		0.354	1.0835	61.7979105177	101.9829
7 1 5			-0.1		-1.28		9.04		0.35463	1.5264	69.0427278305	98.726