HKL Value		Reward		TotalReward	Chi Squared	Z Appr. 	Error	Two-Thetas	Sfs2
2 0 2			0.0		0.0		0.0		0.3	0.6502	19.2320929378	35.9547
4 2 10			0.0		0.0		26.25		0.11933	1.1102	57.0442200735	11.3144
4 6 0			1.0		1.0		13.15		0.11933	0.7863	67.1083315067	59.4729
0 6 6			0.37		1.36		9.63		0.15158	1.0147	60.183190367	40.9583
3 3 5			-0.2		1.16		12.04		0.1842	1.3995	42.8396693434	151.0913
0 2 18			0.24		1.4		9.73		0.1855	0.3755	76.3208597895	3.7538
6 0 6			0.2		1.6		8.11		0.18547	1.0815	60.1501886982	39.9969
0 2 12			0.16		1.75		7.02		0.186	0.3827	50.6142203783	17.5707
0 6 8			0.08		1.83		6.5		0.18593	0.7694	64.1950429677	5.6946
6 4 0			0.12		1.96		5.78		0.18593	1.8287	67.0910631577	58.6803
0 6 2			0.06		2.02		5.44		0.18597	0.2356	55.3895592761	6.1752
2 4 14			0.01		2.03		5.4		0.18542	0.5221	70.6383718296	19.4111
1 3 7			0.01		2.04		5.33		0.18626	0.1893	39.2755843192	5.3372
4 6 2			0.07		2.12		4.96		0.1863	0.2349	67.657370766	5.5969
9 1 1			-0.16		1.96		5.87		0.18658	0.8793	87.9915459652	19.6393
0 4 12			-0.22		1.74		7.58		0.18459	1.4889	60.4300914167	161.7651
2 4 10			0.05		1.79		7.19		0.18429	0.607	57.0555982332	12.0937
0 0 16			0.06		1.85		6.78		0.18424	1.3342	64.286058028	116.6634
2 0 14			0.03		1.88		6.57		0.18458	0.2634	58.6945218607	7.3942
0 6 10			0.01		1.89		6.52		0.18402	0.8527	69.1637693973	8.5049
2 0 10			0.05		1.94		6.23		0.18413	0.6169	42.9543880851	20.236
6 4 2			0.05		1.98		5.95		0.18414	0.2211	67.6401768609	4.8049
3 1 15			0.05		2.03		5.68		0.18424	0.2871	67.3554895111	7.7692
6 0 8			0.02		2.05		5.57		0.18418	2.9234	64.163237895	5.3359
0 6 12			-0.08		1.97		6.04		0.18557	0.3425	75.0250979777	1.887
0 2 4			-0.36		1.61		9.47		0.18557	1.326	23.4223631322	110.0283
6 0 10			0.01		1.62		9.37		0.18516	1.0728	69.1331306246	8.9056
3 7 1			-0.02		1.6		9.54		0.18523	1.2822	71.5694631273	22.2453
1 3 15			0.04		1.64		9.2		0.18523	0.2862	67.3623786269	8.1809
1 1 11			-0.37		1.27		14.51		0.18499	2.144	44.8525636461	378.5934
1 1 9			0.03		1.31		14.02		0.18501	0.2216	37.1193146943	1.1702
5 1 9			0.01		1.31		13.95		0.18506	0.4583	58.9619928854	19.0838
1 5 9			0.01		1.32		13.85		0.18512	0.4394	58.984264935	17.7365
4 2 2			0.02		1.34		13.59		0.18513	0.457	40.8620305525	12.2524
0 4 16			0.02		1.36		13.34		0.185	1.5557	75.7704700384	94.8658
4 4 2			-0.16		1.2		15.86		0.18497	1.2125	52.0311030722	128.6454
1 5 7			0.02		1.22		15.58		0.18522	0.6035	54.1236034243	4.2528
4 0 10			0.02		1.24		15.33		0.18493	0.6243	53.7713327333	45.2096
2 0 16			-0.0		1.23		15.34		0.18465	0.5935	67.2372591268	11.8907
0 6 4			-0.03		1.21		15.76		0.18467	0.6675	57.2171401797	42.9768
4 0 12			-0.02		1.19		16.03		0.18412	2.7435	60.4154589103	161.2613