HKL Value		Reward		TotalReward	Chi Squared	Z Appr. 	Error	Two-Thetas	Sfs2
4 2 10			0.0		0.0		0.0		0.3	1.1102	57.0442200735	11.3144
4 6 0			0.0		0.0		0.04		0.38048	0.7863	67.1083315067	59.4729
0 2 18			-0.99		-0.99		2.91		0.37005	0.3755	76.3208597895	3.7538
2 0 4			-0.89		-1.87		25.58		0.37023	1.3874	23.4143586184	109.347
0 2 22			0.04		-1.83		24.64		0.36403	1.8317	96.7387030121	97.213
0 6 6			0.19		-1.64		20.63		0.363	1.0147	60.183190367	40.9583
2 0 0			-0.17		-1.81		24.92		0.363	2.02	17.6289686615	175.6782
6 0 6			0.14		-1.67		21.87		0.36219	1.0815	60.1501886982	39.9969
0 6 8			0.13		-1.54		19.36		0.36156	0.7694	64.1950429677	5.6946
5 3 11			-0.16		-1.7		23.0		0.3621	1.8677	70.5420870211	204.0714
6 4 0			0.11		-1.59		20.7		0.36209	1.8287	67.0910631577	58.6803
0 6 2			0.09		-1.5		19.02		0.36215	0.2356	55.3895592761	6.1752
2 4 14			0.08		-1.42		17.54		0.36183	0.5221	70.6383718296	19.4111
2 4 10			0.05		-1.37		16.72		0.36167	0.607	57.0555982332	12.0937
4 6 2			0.06		-1.3		15.72		0.36168	0.2349	67.657370766	5.5969
0 4 4			-0.13		-1.43		18.04		0.36149	0.8482	39.0545896029	78.0016
7 3 1			0.04		-1.39		17.32		0.36143	0.5095	71.5359286583	22.1332
9 1 1			0.04		-1.35		16.6		0.36137	0.8793	87.9915459652	19.6393
0 6 10			0.04		-1.3		15.92		0.36122	0.8527	69.1637693973	8.5049
2 0 10			0.01		-1.29		15.75		0.36099	0.6169	42.9543880851	20.236
2 0 14			0.05		-1.24		14.96		0.36107	0.2634	58.6945218607	7.3942
3 1 15			0.04		-1.2		14.4		0.36131	0.2871	67.3554895111	7.7692
6 0 0			0.03		-1.17		13.96		0.36131	0.7256	54.7363985401	55.434
0 6 12			0.04		-1.13		13.36		0.36119	0.3425	75.0250979777	1.887
6 4 2			0.04		-1.09		12.9		0.36119	0.2211	67.6401768609	4.8049
6 0 8			0.04		-1.05		12.45		0.36079	2.9234	64.163237895	5.3359
0 6 16			0.04		-1.02		11.99		0.36114	0.4825	89.3859051251	7.6515
4 0 10			-0.03		-1.04		12.33		0.36177	0.6243	53.7713327333	45.2096
1 7 7			0.03		-1.01		11.97		0.3618	0.4353	72.3061031614	6.1143
6 2 6			-0.31		-1.32		17.37		0.35999	3.9921	63.2107357729	344.5633
6 0 10			0.03		-1.3		16.94		0.35984	1.0728	69.1331306246	8.9056
6 2 10			-0.01		-1.31		17.09		0.36048	0.7103	71.9901825081	43.9921
0 0 20			0.0		-1.3		17.01		0.36363	0.4542	83.3712939521	4.3689
0 2 20			0.03		-1.27		16.49		0.36359	0.4494	86.0769303832	2.8517
1 3 15			0.03		-1.25		16.09		0.36363	0.2862	67.3623786269	8.1809
3 7 1			0.02		-1.23		15.82		0.36363	1.2822	71.5694631273	22.2453
0 2 14			0.03		-1.2		15.38		0.36363	0.2479	58.6982494177	6.3292
4 4 10			-0.01		-1.21		15.52		0.36388	0.6886	66.23802526	47.6672
4 4 12			-0.05		-1.26		16.4		0.36331	1.9475	72.2035773977	130.2426
0 4 16			0.02		-1.24		16.04		0.36362	1.5557	75.7704700384	94.8658
1 1 9			0.03		-1.22		15.65		0.36362	0.2216	37.1193146943	1.1702
2 0 16			0.02		-1.19		15.27		0.36362	0.5935	67.2372591268	11.8907
1 3 9			0.02		-1.17		14.96		0.36356	0.2622	45.3040218183	7.1674
3 3 15			0.02		-1.15		14.63		0.36358	0.3402	73.0835579415	3.8877
3 3 9			0.02		-1.13		14.41		0.36349	0.3816	52.4524123761	12.0632
6 4 4			0.0		-1.13		14.38		0.36351	0.6669	69.2748711385	33.991
5 1 9			0.01		-1.12		14.22		0.36338	0.4583	58.9619928854	19.0838
1 1 15			0.01		-1.11		14.12		0.36345	0.656	61.3839959686	20.6242
4 2 14			0.02		-1.09		13.87		0.36334	1.2576	70.6282605877	19.9713
0 0 18			0.01		-1.08		13.7		0.36344	0.6609	73.530655613	37.988
4 2 2			0.01		-1.07		13.57		0.36345	0.457	40.8620305525	12.2524
3 1 11			-0.13		-1.2		15.51		0.36346	2.3814	52.0481274199	292.2152
7 1 3			-0.02		-1.22		15.79		0.3634	1.4031	66.8553232335	91.2915
2 0 12			0.01		-1.2		15.62		0.36328	0.8079	50.6101057273	16.6151
6 0 2			0.02		-1.19		15.37		0.36329	0.2214	55.354768557	5.4487
1 1 3			-0.0		-1.19		15.38		0.36326	0.4514	16.9416048235	36.8187
0 6 18			0.02		-1.17		15.11		0.36326	0.7949	98.0280769063	1.8601
3 1 9			0.01		-1.16		14.9		0.36319	0.36	45.2950695798	8.7768
3 5 9			0.01		-1.15		14.81		0.36307	0.4755	65.0802252419	19.5165
2 4 8			0.01		-1.14		14.63		0.36295	0.1687	51.4325245866	2.4593
0 4 20			0.02		-1.12		14.38		0.36302	1.027	94.1654323607	18.6345
0 0 10			-0.0		-1.13		14.45		0.36317	0.8316	38.8438017949	41.7013
0 0 2			-0.06		-1.19		15.36		0.36321	1.161	7.62646333295	98.931
2 4 2			0.01		-1.18		15.24		0.36321	0.3828	40.8766170199	13.2501
0 2 16			0.02		-1.16		15.01		0.3633	1.8687	67.2407114996	13.8307
0 2 12			0.01		-1.15		14.89		0.36319	0.3827	50.6142203783	17.5707
6 4 6			0.02		-1.14		14.67		0.36319	0.9247	71.9614498967	41.9809
5 3 9			0.0		-1.13		14.61		0.36308	0.4833	65.0662013285	20.8409
3 1 13			0.01		-1.12		14.39		0.36311	0.3869	59.4126405656	11.7895
4 6 6			0.01		-1.11		14.18		0.36309	1.1903	71.9781772466	41.9784
1 3 13			0.01		-1.09		13.98		0.36311	0.3907	59.4200243294	11.5335
2 2 16			0.01		-1.08		13.89		0.36341	1.1693	70.1293332912	108.6018
0 2 10			-0.0		-1.08		13.89		0.36339	0.4317	42.9590557724	21.0204
6 2 0			-0.21		-1.29		17.56		0.36339	4.3933	57.9728440251	566.5186
3 7 5			0.0		-1.29		17.51		0.3635	1.0548	74.7470539899	89.5814
1 7 5			-0.01		-1.3		17.61		0.36363	1.0841	69.0835930101	99.7513
2 4 0			0.0		-1.29		17.56		0.36363	1.4359	40.0960076051	88.2765
5 1 13			0.01		-1.28		17.33		0.36361	0.4567	71.2764535317	11.3258
0 0 16			0.01		-1.27		17.21		0.3639	1.3342	64.286058028	116.6634
6 0 4			-0.0		-1.28		17.28		0.36391	0.7069	57.1830782131	42.6751
2 2 10			-0.0		-1.28		17.3		0.36404	0.6429	46.7739448495	44.8949
5 3 1			0.0		-1.28		17.26		0.36404	0.5252	53.2386121167	32.835
3 3 1			0.0		-1.27		17.22		0.36402	0.5106	38.1558496662	33.1617
3 5 1			0.0		-1.27		17.18		0.36401	0.5283	53.2544885252	31.9012
2 4 12			0.01		-1.26		17.0		0.36399	0.2205	63.4791913795	4.8908
5 1 1			0.0		-1.26		16.94		0.36398	0.5346	46.1701152	26.7419
4 6 4			0.0		-1.25		16.88		0.364	1.0731	69.291881243	33.3045
3 3 13			0.01		-1.24		16.7		0.36391	0.5636	65.4922780779	9.1158
0 4 0			-0.25		-1.49		22.24		0.36391	6.137	35.7152072575	818.959
1 5 11			-0.02		-1.51		22.67		0.36391	1.8219	64.7342781598	204.7444
4 2 0			0.0		-1.51		22.56		0.36391	0.9287	40.0811891304	86.5118
2 4 6			0.01		-1.5		22.44		0.3638	0.785	46.7364348384	64.2552
0 4 18			0.01		-1.49		22.2		0.36381	0.8369	84.5238780681	17.4513
0 4 10			0.0		-1.49		22.15		0.36393	0.9893	53.7871001638	44.1425
0 6 14			0.01		-1.48		21.96		0.36385	0.9096	81.7552219026	27.2955
1 1 1			-0.0		-1.48		21.99		0.36384	0.5749	13.0194761966	56.7652
1 7 1			0.01		-1.47		21.88		0.36383	0.5219	65.7901743415	26.2984
1 5 1			0.0		-1.47		21.78		0.36382	0.4978	46.196563203	27.3004
3 1 1			0.0		-1.47		21.76		0.36381	0.5239	28.3131072915	41.7464
4 2 8			0.01		-1.46		21.58		0.36373	0.7605	51.4203212226	2.5419
0 4 12			-0.03		-1.49		22.17		0.36343	1.4889	60.4300914167	161.7651
0 2 2			-0.0		-1.49		22.21		0.36343	0.4614	19.2417464495	36.8131