HKL Value		Reward		TotalReward	Chi Squared	Z Appr. 	Error	Two-Thetas	Sfs2
4 2 10			0.0		0.0		0.0		0.3	1.1102	57.0442200735	11.3144
0 2 18			0.0		0.0		23.69		0.29545	0.3755	76.3208597895	3.7538
3 7 1			0.93		0.93		12.3		0.29539	1.2822	71.5694631273	22.2453
4 6 0			0.5		1.42		8.21		0.29539	0.7863	67.1083315067	59.4729
6 0 6			-0.06		1.36		8.73		0.29701	1.0815	60.1501886982	39.9969
0 0 20			-0.65		0.71		25.29		0.28964	0.4542	83.3712939521	4.3689
0 6 6			0.06		0.76		23.96		0.28974	1.0147	60.183190367	40.9583
0 6 12			0.17		0.93		20.56		0.28974	0.3425	75.0250979777	1.887
4 0 2			-0.36		0.57		32.07		0.28976	1.7854	36.5531212028	138.5255
0 6 8			0.12		0.69		28.67		0.28979	0.7694	64.1950429677	5.6946
2 4 10			0.07		0.76		26.71		0.28961	0.607	57.0555982332	12.0937
0 6 2			0.1		0.86		24.38		0.28961	0.2356	55.3895592761	6.1752
6 4 0			0.09		0.95		22.35		0.2896	1.8287	67.0910631577	58.6803
2 2 4			0.08		1.03		20.74		0.28957	0.7551	29.4672289371	73.6026
2 0 10			0.07		1.1		19.3		0.28953	0.6169	42.9543880851	20.236
0 6 14			0.06		1.16		18.18		0.28949	0.9096	81.7552219026	27.2955
4 0 10			0.01		1.17		18.08		0.28924	0.6243	53.7713327333	45.2096
0 4 18			-0.18		0.99		21.98		0.29118	0.8369	84.5238780681	17.4513
9 1 1			0.06		1.05		20.77		0.29118	0.8793	87.9915459652	19.6393
0 0 14			0.01		1.06		20.56		0.29106	0.8389	55.4890953336	74.9432
1 5 9			0.02		1.08		20.11		0.29106	0.4394	58.984264935	17.7365
0 6 10			-0.01		1.07		20.32		0.29082	0.8527	69.1637693973	8.5049
4 4 10			0.01		1.08		20.12		0.29067	0.6886	66.23802526	47.6672
4 6 2			0.05		1.13		19.25		0.29066	0.2349	67.657370766	5.5969
6 2 10			-0.01		1.12		19.36		0.29046	0.7103	71.9901825081	43.9921
2 4 14			0.04		1.16		18.64		0.29044	0.5221	70.6383718296	19.4111
0 2 20			0.04		1.2		17.96		0.29044	0.4494	86.0769303832	2.8517
6 0 8			0.04		1.23		17.34		0.29046	2.9234	64.163237895	5.3359
3 1 15			0.03		1.26		16.87		0.29046	0.2871	67.3554895111	7.7692
7 3 1			0.03		1.3		16.31		0.29046	0.5095	71.5359286583	22.1332
6 4 2			0.03		1.33		15.77		0.29046	0.2211	67.6401768609	4.8049
6 0 10			-0.01		1.32		15.93		0.29024	1.0728	69.1331306246	8.9056
1 7 7			-0.35		0.97		24.35		0.29062	0.4353	72.3061031614	6.1143
2 0 14			0.03		1.01		23.61		0.29062	0.2634	58.6945218607	7.3942
5 3 7			-0.28		0.72		32.86		0.29117	0.2523	60.5057581853	5.4388
0 4 16			-0.0		0.72		32.98		0.29152	1.5557	75.7704700384	94.8658
5 1 9			0.02		0.74		32.42		0.29152	0.4583	58.9619928854	19.0838
2 0 16			0.02		0.76		31.74		0.29152	0.5935	67.2372591268	11.8907
1 3 15			0.02		0.78		31.02		0.29156	0.2862	67.3623786269	8.1809
4 0 14			-0.0		0.78		31.09		0.29134	1.986	67.7459682929	124.3248
1 1 15			0.02		0.8		30.63		0.29139	0.656	61.3839959686	20.6242
5 1 3			-0.0		0.79		30.68		0.29146	0.9592	47.5591860667	88.1873
3 1 7			-0.2		0.59		38.58		0.29241	0.257	39.2655360855	5.205
1 3 9			0.02		0.61		37.76		0.29238	0.2622	45.3040218183	7.1674
3 3 9			0.02		0.63		37.06		0.29235	0.3816	52.4524123761	12.0632
1 1 9			0.02		0.65		36.27		0.29244	0.2216	37.1193146943	1.1702
2 0 12			0.02		0.67		35.71		0.29244	0.8079	50.6101057273	16.6151
4 2 2			0.02		0.69		35.02		0.29244	0.457	40.8620305525	12.2524
4 2 14			0.02		0.71		34.34		0.29234	1.2576	70.6282605877	19.9713
0 2 16			0.02		0.72		33.81		0.29238	1.8687	67.2407114996	13.8307
2 4 8			0.02		0.74		33.16		0.2923	0.1687	51.4325245866	2.4593
3 3 15			0.02		0.76		32.54		0.29232	0.3402	73.0835579415	3.8877
1 3 13			0.01		0.77		32.1		0.29183	0.3907	59.4200243294	11.5335
2 4 0			0.01		0.79		31.76		0.29183	1.4359	40.0960076051	88.2765
4 4 6			-0.11		0.67		35.74		0.29221	4.3817	57.0116572758	400.3855
1 5 1			0.02		0.69		35.17		0.2922	0.4978	46.196563203	27.3004
6 0 2			0.02		0.71		34.56		0.2922	0.2214	55.354768557	5.4487
3 5 9			0.01		0.72		34.18		0.29218	0.4755	65.0802252419	19.5165
0 0 10			0.0		0.72		34.01		0.29188	0.8316	38.8438017949	41.7013
6 0 0			0.01		0.74		33.52		0.29188	0.7256	54.7363985401	55.434
3 1 9			0.01		0.75		33.03		0.29186	0.36	45.2950695798	8.7768
5 1 13			0.01		0.77		32.64		0.29146	0.4567	71.2764535317	11.3258
1 3 1			0.01		0.78		32.25		0.29145	0.5324	28.3265170018	42.1271
2 4 2			0.01		0.79		31.8		0.29144	0.3828	40.8766170199	13.2501
5 3 9			0.01		0.8		31.52		0.29143	0.4833	65.0662013285	20.8409
3 3 1			0.01		0.81		31.11		0.29141	0.5106	38.1558496662	33.1617
0 4 4			0.01		0.83		30.65		0.29138	0.8482	39.0545896029	78.0016
3 3 3			0.0		0.83		30.65		0.29142	0.8081	39.7679129272	70.9373
0 2 22			-0.02		0.81		31.38		0.2914	1.8317	96.7387030121	97.213
0 2 14			0.01		0.82		30.92		0.2914	0.2479	58.6982494177	6.3292
2 2 10			0.0		0.82		30.77		0.29119	0.6429	46.7739448495	44.8949
2 4 12			0.01		0.84		30.36		0.29119	0.2205	63.4791913795	4.8908
0 6 16			0.01		0.85		30.0		0.29118	0.4825	89.3859051251	7.6515
4 2 8			0.01		0.86		29.59		0.29114	0.7605	51.4203212226	2.5419
1 1 5			-0.07		0.79		31.87		0.29111	1.9661	22.8949597146	247.5537
1 1 3			0.01		0.8		31.7		0.29113	0.4514	16.9416048235	36.8187
6 4 6			0.01		0.81		31.38		0.29122	0.9247	71.9614498967	41.9809
4 6 4			0.01		0.81		31.19		0.29118	1.0731	69.291881243	33.3045
1 7 3			-0.0		0.81		31.25		0.29122	0.9932	66.8968211493	90.2271
4 6 6			0.01		0.82		30.94		0.29131	1.1903	71.9781772466	41.9784
4 4 12			-0.01		0.81		31.4		0.29131	1.9475	72.2035773977	130.2426
5 3 1			0.01		0.82		31.08		0.2913	0.5252	53.2386121167	32.835
2 6 10			0.0		0.82		30.97		0.29105	0.7069	72.0169435829	44.7171
1 1 7			-0.11		0.71		34.86		0.29176	0.2012	29.7561292971	6.5386
3 1 1			0.01		0.72		34.55		0.29176	0.5239	28.3131072915	41.7464
1 3 3			0.0		0.72		34.49		0.29182	0.7045	30.3940112777	66.1614
0 2 12			0.01		0.73		34.22		0.29182	0.3827	50.6142203783	17.5707
3 5 1			0.01		0.74		33.88		0.29182	0.5283	53.2544885252	31.9012
5 1 1			0.01		0.75		33.54		0.29181	0.5346	46.1701152	26.7419
0 4 14			0.0		0.75		33.52		0.29155	1.2337	67.7597167724	121.3788
3 5 7			-0.09		0.66		36.72		0.2925	0.2309	60.5203777188	5.6046
3 1 13			0.01		0.67		36.43		0.29197	0.3869	59.4126405656	11.7895
4 2 12			0.01		0.68		36.06		0.29197	0.2244	63.468523569	4.7972
0 4 10			0.0		0.68		35.93		0.29165	0.9893	53.7871001638	44.1425
7 3 5			-0.01		0.68		36.24		0.29163	1.0496	74.7140851895	88.0788
0 2 2			0.01		0.68		36.02		0.29162	0.4614	19.2417464495	36.8131
2 6 4			0.01		0.69		35.65		0.29159	0.8772	60.3635846112	78.02
6 0 4			0.0		0.7		35.51		0.29153	0.7069	57.1830782131	42.6751
2 4 6			0.0		0.7		35.41		0.29166	0.785	46.7364348384	64.2552
2 2 16			-0.0		0.7		35.51		0.29217	1.1693	70.1293332912	108.6018
4 2 0			0.01		0.7		35.28		0.29217	0.9287	40.0811891304	86.5118
7 1 1			0.01		0.71		34.96		0.29217	0.5207	65.7483230412	25.2044