HKL Value		Reward		TotalReward	Chi Squared	Z Appr. 	Error	Two-Thetas	Sfs2
4 2 10			0.0		0.0		0.0		0.3	1.1102	57.0442200735	11.3144
5 1 11			0.0		0.0		59.55		0.18126	3.2753	64.7131722767	203.727
1 1 3			0.7		0.7		35.03		0.18103	0.4514	16.9416048235	36.8187
9 1 1			0.17		0.87		30.01		0.18181	0.8793	87.9915459652	19.6393
4 6 0			0.33		1.2		22.52		0.18181	0.7863	67.1083315067	59.4729
0 6 6			0.25		1.45		18.03		0.18193	1.0147	60.183190367	40.9583
0 2 18			0.16		1.61		15.56		0.18435	0.3755	76.3208597895	3.7538
3 7 5			0.15		1.76		13.49		0.18445	1.0548	74.7470539899	89.5814
6 0 6			0.14		1.9		11.81		0.18446	1.0815	60.1501886982	39.9969
0 6 8			0.09		2.0		10.79		0.18436	0.7694	64.1950429677	5.6946
6 4 0			0.11		2.11		9.71		0.18436	1.8287	67.0910631577	58.6803
0 6 2			0.07		2.18		9.05		0.18439	0.2356	55.3895592761	6.1752
0 0 20			0.09		2.27		8.33		0.18402	0.4542	83.3712939521	4.3689
2 4 10			0.07		2.34		7.77		0.1838	0.607	57.0555982332	12.0937
3 1 9			0.03		2.37		7.55		0.18376	0.36	45.2950695798	8.7768
1 7 5			0.0		2.37		7.53		0.1839	1.0841	69.0835930101	99.7513
2 0 10			0.06		2.43		7.1		0.18403	0.6169	42.9543880851	20.236
1 3 7			-0.0		2.43		7.11		0.18454	0.1893	39.2755843192	5.3372
1 3 1			0.06		2.49		6.73		0.18455	0.5324	28.3265170018	42.1271
3 3 11			-0.38		2.11		10.81		0.18432	2.1204	58.6030846927	249.5822
0 6 12			-0.03		2.09		11.09		0.18555	0.3425	75.0250979777	1.887
4 6 2			0.05		2.13		10.59		0.18555	0.2349	67.657370766	5.5969
4 0 10			0.02		2.15		10.42		0.18523	0.6243	53.7713327333	45.2096
6 0 2			0.04		2.18		10.05		0.18524	0.2214	55.354768557	5.4487
2 4 14			0.02		2.21		9.83		0.18511	0.5221	70.6383718296	19.4111
2 4 0			-0.02		2.19		9.99		0.18511	1.4359	40.0960076051	88.2765
4 4 10			0.02		2.22		9.76		0.18488	0.6886	66.23802526	47.6672
0 6 10			0.01		2.23		9.64		0.18457	0.8527	69.1637693973	8.5049
6 2 10			0.01		2.24		9.51		0.1843	0.7103	71.9901825081	43.9921
2 0 14			0.02		2.26		9.29		0.18445	0.2634	58.6945218607	7.3942
3 1 15			0.03		2.3		8.98		0.18448	0.2871	67.3554895111	7.7692
6 0 8			0.02		2.32		8.8		0.18446	2.9234	64.163237895	5.3359
6 4 2			0.03		2.35		8.53		0.18446	0.2211	67.6401768609	4.8049
3 7 1			-0.02		2.33		8.7		0.18451	1.2822	71.5694631273	22.2453
0 6 16			-0.06		2.27		9.23		0.18406	0.4825	89.3859051251	7.6515
0 4 12			-0.05		2.23		9.68		0.18355	1.4889	60.4300914167	161.7651