HKL Value		Reward		TotalReward	Chi Squared	Z Appr. 	Error	Two-Thetas	Sfs2
4 2 10			0.0		0.0		0.0		0.3	1.1102	57.0442200735	11.3144
4 6 0			0.0		0.0		0.04		0.38048	0.7863	67.1083315067	59.4729
6 0 0			-0.98		-0.98		2.35		0.38048	0.7256	54.7363985401	55.434
5 1 3			-0.82		-1.8		13.21		0.3768	0.9592	47.5591860667	88.1873
0 2 18			0.32		-1.49		10.02		0.36855	0.3755	76.3208597895	3.7538
0 6 6			0.57		-0.92		6.39		0.35222	1.0147	60.183190367	40.9583
6 0 6			0.2		-0.72		5.33		0.35216	1.0815	60.1501886982	39.9969
0 6 8			0.15		-0.57		4.64		0.35248	0.7694	64.1950429677	5.6946
6 4 0			0.14		-0.43		4.06		0.35248	1.8287	67.0910631577	58.6803
6 2 6			-0.79		-1.22		19.52		0.35062	3.9921	63.2107357729	344.5633
0 6 2			0.09		-1.13		17.85		0.35066	0.2356	55.3895592761	6.1752
5 1 13			0.06		-1.06		16.81		0.35074	0.4567	71.2764535317	11.3258
2 4 10			0.06		-1.0		15.79		0.35072	0.607	57.0555982332	12.0937
2 6 6			-0.38		-1.38		25.49		0.34969	5.383	63.2392339525	346.2148
2 0 10			0.05		-1.33		24.39		0.34969	0.6169	42.9543880851	20.236
0 0 20			-0.35		-1.69		37.74		0.3424	0.4542	83.3712939521	4.3689
0 6 12			-0.12		-1.81		42.97		0.34545	0.3425	75.0250979777	1.887
9 1 1			0.06		-1.75		40.66		0.34545	0.8793	87.9915459652	19.6393
4 6 2			0.06		-1.7		38.54		0.34545	0.2349	67.657370766	5.5969
2 4 14			0.04		-1.65		36.89		0.34576	0.5221	70.6383718296	19.4111
6 2 4			-0.01		-1.66		37.21		0.3456	0.8727	60.3342977717	77.9073
0 6 10			0.05		-1.62		35.57		0.34561	0.8527	69.1637693973	8.5049
4 0 10			0.01		-1.6		35.16		0.34553	0.6243	53.7713327333	45.2096
6 2 10			0.01		-1.59		34.74		0.34542	0.7103	71.9901825081	43.9921
0 4 4			-0.01		-1.6		35.11		0.34526	0.8482	39.0545896029	78.0016
2 0 14			0.04		-1.56		33.79		0.34539	0.2634	58.6945218607	7.3942
3 1 15			0.04		-1.53		32.58		0.34592	0.2871	67.3554895111	7.7692
6 0 8			0.04		-1.49		31.45		0.34599	2.9234	64.163237895	5.3359
6 4 2			0.03		-1.46		30.4		0.34599	0.2211	67.6401768609	4.8049
4 4 10			0.0		-1.45		30.35		0.34589	0.6886	66.23802526	47.6672
6 0 10			0.03		-1.42		29.44		0.34589	1.0728	69.1331306246	8.9056
4 4 12			0.03		-1.39		28.5		0.34582	1.9475	72.2035773977	130.2426
4 2 14			0.02		-1.37		27.83		0.34616	1.2576	70.6282605877	19.9713
0 4 12			0.02		-1.35		27.31		0.34557	1.4889	60.4300914167	161.7651
3 7 1			0.02		-1.32		26.66		0.34555	1.2822	71.5694631273	22.2453
1 3 15			0.03		-1.29		25.95		0.34586	0.2862	67.3623786269	8.1809
0 4 16			-0.03		-1.33		26.79		0.34605	1.5557	75.7704700384	94.8658
1 1 15			0.02		-1.3		26.19		0.34574	0.656	61.3839959686	20.6242
2 0 16			0.02		-1.28		25.61		0.34571	0.5935	67.2372591268	11.8907
1 1 3			0.01		-1.27		25.28		0.34567	0.4514	16.9416048235	36.8187
5 1 9			0.02		-1.25		24.75		0.34588	0.4583	58.9619928854	19.0838
0 0 14			-0.0		-1.25		24.85		0.34664	0.8389	55.4890953336	74.9432
0 0 4			-0.01		-1.26		25.15		0.34654	0.8482	15.2869714585	59.1035
3 3 9			0.02		-1.24		24.66		0.34699	0.3816	52.4524123761	12.0632
1 3 9			0.27		-0.97		19.41		0.36153	0.2622	45.3040218183	7.1674
2 6 4			-0.03		-1.01		20.09		0.36148	0.8772	60.3635846112	78.02
1 1 9			0.02		-0.98		19.66		0.36147	0.2216	37.1193146943	1.1702
3 3 15			0.02		-0.96		19.26		0.3615	0.3402	73.0835579415	3.8877
7 3 1			0.01		-0.95		18.99		0.3615	0.5095	71.5359286583	22.1332
4 2 2			0.01		-0.94		18.75		0.3615	0.457	40.8620305525	12.2524
2 0 12			0.01		-0.92		18.48		0.36134	0.8079	50.6101057273	16.6151
2 6 8			-0.07		-0.99		19.84		0.36173	4.3291	67.1483383839	218.3417
6 0 2			0.02		-0.97		19.49		0.36173	0.2214	55.354768557	5.4487
3 1 9			0.02		-0.96		19.17		0.36166	0.36	45.2950695798	8.7768
3 5 9			0.01		-0.94		18.96		0.3615	0.4755	65.0802252419	19.5165
2 4 8			0.02		-0.93		18.67		0.36138	0.1687	51.4325245866	2.4593
4 2 8			0.02		-0.91		18.38		0.36126	0.7605	51.4203212226	2.5419
5 3 3			-0.02		-0.93		18.69		0.36119	0.9351	54.4936931553	89.9375
2 2 10			-0.0		-0.93		18.74		0.36137	0.6429	46.7739448495	44.8949
0 0 10			-0.0		-0.93		18.77		0.36155	0.8316	38.8438017949	41.7013