HKL Value		Reward		TotalReward	Chi Squared	Z Appr. 	Error	Two-Thetas	Sfs2
0 0 6			0.0		0.0		0.0		0.3	7.4326	23.0169618987	709.6598
2 0 4			0.0		0.0		406.06		0.49995	1.3874	23.4143586184	109.347
4 2 10			0.88		0.88		216.13		0.49995	1.1102	57.0442200735	11.3144
4 6 0			0.5		1.38		144.1		0.49995	0.7863	67.1083315067	59.4729
0 2 18			-0.3		1.08		206.64		0.49995	0.3755	76.3208597895	3.7538
0 6 6			0.25		1.32		165.68		0.49995	1.0147	60.183190367	40.9583
5 3 3			0.11		1.43		149.57		0.49995	0.9351	54.4936931553	89.9375
6 0 6			0.16		1.59		128.52		0.49995	1.0815	60.1501886982	39.9969
6 4 0			0.14		1.74		112.46		0.49995	1.8287	67.0910631577	58.6803
0 6 8			0.11		1.85		100.94		0.49995	0.7694	64.1950429677	5.6946
1 5 3			0.03		1.88		97.7		0.49995	0.9511	47.585042181	85.8034
2 0 14			0.1		1.98		88.86		0.49995	0.2634	58.6945218607	7.3942
2 4 14			0.09		2.07		81.5		0.49995	0.5221	70.6383718296	19.4111
0 4 16			0.08		2.15		75.71		0.49995	1.5557	75.7704700384	94.8658
4 6 2			0.06		2.21		71.6		0.49995	0.2349	67.657370766	5.5969
0 6 2			0.03		2.24		69.5		0.49995	0.2356	55.3895592761	6.1752
3 3 5			-0.04		2.19		72.77		0.49995	1.3995	42.8396693434	151.0913
6 0 8			0.05		2.25		69.07		0.49995	2.9234	64.163237895	5.3359
6 4 2			0.04		2.29		66.48		0.49995	0.2211	67.6401768609	4.8049
0 4 2			0.03		2.32		64.28		0.49995	3.2657	36.5744795411	137.7475
3 1 15			0.05		2.37		61.17		0.49995	0.2871	67.3554895111	7.7692
2 4 10			0.03		2.4		59.36		0.49995	0.607	57.0555982332	12.0937
0 6 10			0.01		2.41		58.65		0.49995	0.8527	69.1637693973	8.5049
7 3 3			0.01		2.42		58.31		0.49995	1.9283	72.601334037	69.5466
3 3 15			0.04		2.46		55.9		0.49995	0.3402	73.0835579415	3.8877
2 0 10			0.04		2.5		53.86		0.49995	0.6169	42.9543880851	20.236
6 0 10			0.01		2.51		53.36		0.49995	1.0728	69.1331306246	8.9056
9 1 1			0.03		2.54		51.77		0.49995	0.8793	87.9915459652	19.6393
1 3 15			0.04		2.58		50.01		0.49995	0.2862	67.3623786269	8.1809
3 3 9			0.03		2.61		48.43		0.49995	0.3816	52.4524123761	12.0632
1 1 9			0.02		2.63		47.38		0.49995	0.2216	37.1193146943	1.1702
5 1 9			0.03		2.66		46.22		0.49995	0.4583	58.9619928854	19.0838
3 7 1			0.02		2.68		45.16		0.49995	1.2822	71.5694631273	22.2453
1 3 1			0.01		2.69		44.62		0.49995	0.5324	28.3265170018	42.1271
2 0 16			0.02		2.71		43.85		0.49995	0.5935	67.2372591268	11.8907
6 0 2			-0.0		2.71		43.93		0.49995	0.2214	55.354768557	5.4487
7 1 1			0.02		2.73		43.15		0.49995	0.5207	65.7483230412	25.2044
0 2 14			0.03		2.75		42.02		0.49995	0.2479	58.6982494177	6.3292
1 1 15			0.02		2.77		41.14		0.49995	0.656	61.3839959686	20.6242
4 2 2			0.02		2.8		40.22		0.49995	0.457	40.8620305525	12.2524
1 3 9			0.03		2.82		39.24		0.49995	0.2622	45.3040218183	7.1674
7 3 1			0.02		2.84		38.58		0.49995	0.5095	71.5359286583	22.1332
0 4 4			0.02		2.86		37.78		0.49995	0.8482	39.0545896029	78.0016
6 2 10			-0.0		2.86		37.8		0.49995	0.7103	71.9901825081	43.9921
2 0 12			-0.02		2.84		38.65		0.49995	0.8079	50.6101057273	16.6151
5 1 13			0.02		2.86		37.94		0.49995	0.4567	71.2764535317	11.3258
3 1 9			0.02		2.88		37.15		0.49995	0.36	45.2950695798	8.7768
2 4 2			0.02		2.9		36.45		0.49995	0.3828	40.8766170199	13.2501
0 6 12			-0.12		2.78		41.25		0.49995	0.3425	75.0250979777	1.887
6 4 6			0.01		2.79		40.71		0.49995	0.9247	71.9614498967	41.9809
0 2 12			-0.01		2.78		41.27		0.49995	0.3827	50.6142203783	17.5707
4 0 6			-0.09		2.69		45.14		0.49995	5.3963	42.900258124	488.2208
1 1 13			0.02		2.71		44.4		0.49995	0.3722	52.9310122384	10.9703
4 0 10			0.0		2.71		44.23		0.49995	0.6243	53.7713327333	45.2096
4 6 6			0.01		2.73		43.68		0.49995	1.1903	71.9781772466	41.9784
0 0 20			-0.1		2.63		48.62		0.49995	0.4542	83.3712939521	4.3689
5 1 5			-0.02		2.61		49.61		0.49995	1.1901	50.2495039981	127.1383
4 4 10			0.01		2.61		49.25		0.49995	0.6886	66.23802526	47.6672
4 2 14			0.02		2.63		48.41		0.49995	1.2576	70.6282605877	19.9713
4 6 4			0.02		2.65		47.68		0.49995	1.0731	69.291881243	33.3045
0 2 20			0.02		2.66		46.91		0.49995	0.4494	86.0769303832	2.8517
5 3 9			0.01		2.67		46.32		0.49995	0.4833	65.0662013285	20.8409
2 2 16			0.02		2.69		45.6		0.49995	1.1693	70.1293332912	108.6018
2 4 8			0.01		2.7		45.07		0.49995	0.1687	51.4325245866	2.4593
3 5 9			0.01		2.71		44.52		0.49995	0.4755	65.0802252419	19.5165
6 0 0			0.01		2.73		43.91		0.49995	0.7256	54.7363985401	55.434
4 4 8			-0.01		2.72		44.47		0.49995	3.9407	61.1479986878	218.5721
0 2 16			0.01		2.73		44.01		0.49995	1.8687	67.2407114996	13.8307
2 4 12			-0.04		2.69		45.9		0.49995	0.2205	63.4791913795	4.8908
4 2 12			-0.04		2.65		47.77		0.49995	0.2244	63.468523569	4.7972
4 0 2			0.01		2.65		47.45		0.49995	1.7854	36.5531212028	138.5255
4 2 8			0.01		2.66		46.95		0.49995	0.7605	51.4203212226	2.5419
2 2 10			0.0		2.67		46.76		0.49995	0.6429	46.7739448495	44.8949
1 3 5			-0.03		2.64		48.26		0.49995	3.1323	34.189462707	190.138
6 2 4			0.01		2.65		47.69		0.49995	0.8727	60.3342977717	77.9073
5 1 1			0.01		2.66		47.28		0.49995	0.5346	46.1701152	26.7419
3 1 13			0.01		2.67		46.75		0.49995	0.3869	59.4126405656	11.7895
1 1 17			-0.04		2.63		48.74		0.49995	2.447	70.2810461715	248.4175
1 3 13			0.01		2.64		48.2		0.49995	0.3907	59.4200243294	11.5335
3 3 1			0.01		2.65		47.85		0.49995	0.5106	38.1558496662	33.1617
2 6 6			-0.02		2.63		48.8		0.49995	5.383	63.2392339525	346.2148
0 6 14			0.01		2.64		48.22		0.49995	0.9096	81.7552219026	27.2955
1 5 1			0.01		2.65		47.84		0.49995	0.4978	46.196563203	27.3004
0 0 10			0.0		2.65		47.71		0.49995	0.8316	38.8438017949	41.7013
0 4 10			0.0		2.65		47.59		0.49995	0.9893	53.7871001638	44.1425
1 1 11			-0.06		2.59		50.8		0.49995	2.144	44.8525636461	378.5934
2 4 6			0.01		2.6		50.21		0.49995	0.785	46.7364348384	64.2552
6 0 4			0.01		2.61		49.72		0.49995	0.7069	57.1830782131	42.6751
2 6 4			0.01		2.62		49.22		0.49995	0.8772	60.3635846112	78.02
0 0 22			0.01		2.63		48.69		0.49995	2.2765	94.0325860765	137.6091
2 6 10			0.0		2.63		48.55		0.49995	0.7069	72.0169435829	44.7171
3 5 1			0.01		2.64		48.24		0.49995	0.5283	53.2544885252	31.9012
3 3 13			0.01		2.65		47.77		0.49995	0.5636	65.4922780779	9.1158
0 2 22			0.01		2.66		47.46		0.49995	1.8317	96.7387030121	97.213
0 2 4			-0.0		2.65		47.7		0.49995	1.326	23.4223631322	110.0283
4 2 0			0.01		2.66		47.33		0.49995	0.9287	40.0811891304	86.5118
1 7 1			0.01		2.67		47.01		0.49995	0.5219	65.7901743415	26.2984
2 2 4			0.01		2.68		46.56		0.49995	0.7551	29.4672289371	73.6026
0 2 10			0.01		2.69		46.13		0.49995	0.4317	42.9590557724	21.0204
1 5 9			0.01		2.69		45.76		0.49995	0.4394	58.984264935	17.7365
0 0 16			0.01		2.7		45.31		0.49995	1.3342	64.286058028	116.6634
0 2 8			0.01		2.71		44.89		0.49995	0.1155	35.7619852008	1.7384