HKL Value		Reward		TotalReward	Chi Squared	Z Appr. 	Error	Two-Thetas	Sfs2
4 2 10			0.0		0.0		0.0		0.3	1.1102	57.0442200735	11.3144
4 6 0			0.0		0.0		0.04		0.38048	0.7863	67.1083315067	59.4729
0 0 12			-1.0		-1.0		10.28		0.41795	3.2426	47.0346015839	274.3783
6 4 0			0.5		-0.5		6.86		0.41795	1.8287	67.0910631577	58.6803
0 6 6			-0.46		-0.96		12.78		0.41795	1.0147	60.183190367	40.9583
0 4 6			-0.86		-1.82		92.32		0.41814	3.7688	42.9189471786	481.9509
2 0 8			0.17		-1.65		78.86		0.41375	0.1665	35.7565424018	1.5727
1 3 5			0.06		-1.59		74.59		0.41285	3.1323	34.189462707	190.138
0 6 8			0.14		-1.46		65.52		0.41315	0.7694	64.1950429677	5.6946
0 2 18			0.12		-1.33		58.36		0.41294	0.3755	76.3208597895	3.7538
6 0 6			0.05		-1.28		55.5		0.41294	1.0815	60.1501886982	39.9969
2 0 14			0.09		-1.19		50.81		0.41315	0.2634	58.6945218607	7.3942
2 4 14			0.07		-1.12		47.47		0.41463	0.5221	70.6383718296	19.4111
2 6 4			0.02		-1.1		46.55		0.41571	0.8772	60.3635846112	78.02
6 0 8			0.08		-1.02		43.29		0.41602	2.9234	64.163237895	5.3359
4 6 2			0.07		-0.95		40.41		0.41598	0.2349	67.657370766	5.5969
0 6 2			0.06		-0.89		38.05		0.41569	0.2356	55.3895592761	6.1752
5 1 13			0.05		-0.84		36.14		0.41522	0.4567	71.2764535317	11.3258
6 4 2			0.06		-0.78		34.15		0.41511	0.2211	67.6401768609	4.8049
1 1 15			0.05		-0.73		32.67		0.41182	0.656	61.3839959686	20.6242
3 3 15			0.05		-0.69		31.25		0.41529	0.3402	73.0835579415	3.8877
3 1 15			0.05		-0.64		29.77		0.41521	0.2871	67.3554895111	7.7692
3 3 9			0.04		-0.6		28.61		0.41552	0.3816	52.4524123761	12.0632
0 6 10			0.04		-0.56		27.58		0.41645	0.8527	69.1637693973	8.5049
2 4 10			0.04		-0.52		26.46		0.41672	0.607	57.0555982332	12.0937
6 0 10			0.04		-0.48		25.52		0.41731	1.0728	69.1331306246	8.9056
1 3 15			0.04		-0.44		24.58		0.41701	0.2862	67.3623786269	8.1809
1 1 9			0.04		-0.41		23.67		0.41703	0.2216	37.1193146943	1.1702
9 1 1			0.02		-0.38		23.14		0.41702	0.8793	87.9915459652	19.6393
3 1 9			0.03		-0.35		22.41		0.41722	0.36	45.2950695798	8.7768
0 2 14			0.03		-0.32		21.7		0.41743	0.2479	58.6982494177	6.3292
2 2 16			-0.02		-0.34		22.22		0.41956	1.1693	70.1293332912	108.6018
6 0 2			0.02		-0.32		21.68		0.41938	0.2214	55.354768557	5.4487
2 0 10			0.03		-0.29		21.11		0.41895	0.6169	42.9543880851	20.236
4 6 6			-0.01		-0.3		21.36		0.41896	1.1903	71.9781772466	41.9784
3 7 1			0.01		-0.29		21.05		0.41895	1.2822	71.5694631273	22.2453
7 1 5			0.02		-0.27		20.7		0.41869	1.5264	69.0427278305	98.726
6 4 6			-0.01		-0.28		20.94		0.41869	0.9247	71.9614498967	41.9809
5 1 9			0.02		-0.26		20.47		0.41908	0.4583	58.9619928854	19.0838
1 3 9			0.03		-0.23		19.95		0.4192	0.2622	45.3040218183	7.1674
2 0 16			0.02		-0.21		19.61		0.41957	0.5935	67.2372591268	11.8907
4 2 2			0.02		-0.19		19.14		0.41961	0.457	40.8620305525	12.2524
0 0 14			-0.0		-0.19		19.22		0.4207	0.8389	55.4890953336	74.9432
7 3 1			0.01		-0.18		19.02		0.42069	0.5095	71.5359286583	22.1332
2 4 0			0.01		-0.18		18.9		0.42069	1.4359	40.0960076051	88.2765
0 2 20			-0.0		-0.18		18.99		0.41765	0.4494	86.0769303832	2.8517
0 6 12			-0.18		-0.36		23.1		0.42875	0.3425	75.0250979777	1.887
0 2 12			0.0		-0.35		22.98		0.42949	0.3827	50.6142203783	17.5707
4 2 14			0.02		-0.33		22.52		0.42949	1.2576	70.6282605877	19.9713
2 0 12			0.0		-0.33		22.41		0.43005	0.8079	50.6101057273	16.6151
2 4 2			0.02		-0.31		21.96		0.43005	0.3828	40.8766170199	13.2501
2 4 8			0.0		-0.31		21.91		0.42987	0.1687	51.4325245866	2.4593
1 7 1			0.01		-0.3		21.78		0.42987	0.5219	65.7901743415	26.2984
5 3 9			0.02		-0.28		21.37		0.42986	0.4833	65.0662013285	20.8409
0 4 16			0.02		-0.26		20.98		0.42981	1.5557	75.7704700384	94.8658
6 0 0			0.01		-0.25		20.68		0.42981	0.7256	54.7363985401	55.434
4 2 8			0.0		-0.25		20.64		0.42961	0.7605	51.4203212226	2.5419
0 2 16			0.02		-0.23		20.3		0.42946	1.8687	67.2407114996	13.8307
6 2 10			0.01		-0.22		20.07		0.42928	0.7103	71.9901825081	43.9921
4 4 10			0.01		-0.21		19.89		0.42908	0.6886	66.23802526	47.6672
2 4 12			-0.02		-0.23		20.37		0.43018	0.2205	63.4791913795	4.8908
3 1 13			0.01		-0.22		20.14		0.43022	0.3869	59.4126405656	11.7895
0 0 20			0.02		-0.2		19.83		0.43026	0.4542	83.3712939521	4.3689
4 0 10			0.01		-0.2		19.66		0.43011	0.6243	53.7713327333	45.2096
2 2 0			-0.33		-0.53		29.5		0.43011	11.1953	25.0390113278	1035.9387
0 6 14			0.01		-0.52		29.08		0.43009	0.9096	81.7552219026	27.2955
2 4 4			-0.01		-0.53		29.41		0.43009	0.8182	43.1484985256	64.6996
3 3 1			0.01		-0.52		29.26		0.43009	0.5106	38.1558496662	33.1617
1 3 13			0.01		-0.51		28.92		0.43012	0.3907	59.4200243294	11.5335
0 6 0			0.01		-0.5		28.59		0.43012	1.4277	54.7714555341	59.4019
2 2 6			-0.19		-0.69		35.46		0.43024	8.3224	34.2684003079	615.2447
1 5 9			0.01		-0.68		35.0		0.43014	0.4394	58.984264935	17.7365
4 4 8			-0.06		-0.74		37.11		0.43011	3.9407	61.1479986878	218.5721
4 4 2			-0.0		-0.74		37.19		0.43015	1.2125	52.0311030722	128.6454
0 0 18			0.01		-0.73		36.84		0.4296	0.6609	73.530655613	37.988
1 5 1			0.01		-0.72		36.57		0.4296	0.4978	46.196563203	27.3004
0 0 10			0.01		-0.71		36.19		0.42947	0.8316	38.8438017949	41.7013
3 3 13			0.01		-0.7		35.78		0.42949	0.5636	65.4922780779	9.1158
0 0 22			-0.02		-0.72		36.52		0.42932	2.2765	94.0325860765	137.6091
5 1 1			0.01		-0.71		36.26		0.42931	0.5346	46.1701152	26.7419
0 4 10			0.01		-0.7		35.9		0.42917	0.9893	53.7871001638	44.1425
2 0 0			-0.0		-0.71		36.03		0.42917	2.02	17.6289686615	175.6782
4 2 6			-0.0		-0.71		36.16		0.42918	1.6049	46.7233273538	62.1975
3 5 9			0.01		-0.7		35.73		0.42918	0.4755	65.0802252419	19.5165
0 0 6			-0.15		-0.85		42.02		0.42932	7.4326	23.0169618987	709.6598
5 3 7			-0.08		-0.93		45.71		0.42944	0.2523	60.5057581853	5.4388
3 7 5			0.01		-0.92		45.26		0.42937	1.0548	74.7470539899	89.5814
4 2 0			0.01		-0.91		44.88		0.42937	0.9287	40.0811891304	86.5118
2 2 10			0.01		-0.9		44.47		0.4292	0.6429	46.7739448495	44.8949
2 6 10			0.01		-0.89		44.05		0.42903	0.7069	72.0169435829	44.7171
1 1 13			0.01		-0.88		43.62		0.42903	0.3722	52.9310122384	10.9703
4 6 4			0.0		-0.88		43.41		0.42903	1.0731	69.291881243	33.3045
0 2 8			-0.01		-0.88		43.77		0.42833	0.1155	35.7619852008	1.7384
0 6 16			0.01		-0.87		43.34		0.42799	0.4825	89.3859051251	7.6515
2 4 6			-0.0		-0.88		43.41		0.428	0.785	46.7364348384	64.2552
4 2 12			-0.0		-0.88		43.59		0.42931	0.2244	63.468523569	4.7972
0 0 16			0.01		-0.87		43.15		0.42942	1.3342	64.286058028	116.6634
4 4 12			0.01		-0.86		42.71		0.42939	1.9475	72.2035773977	130.2426
5 3 1			0.01		-0.85		42.47		0.42939	0.5252	53.2386121167	32.835
7 1 1			0.01		-0.85		42.19		0.42939	0.5207	65.7483230412	25.2044
2 2 4			0.0		-0.84		42.02		0.42946	0.7551	29.4672289371	73.6026
1 1 3			0.0		-0.84		41.85		0.42946	0.4514	16.9416048235	36.8187