HKL Value		Reward		TotalReward	Chi Squared	Z Appr. 	Error	Two-Thetas	Sfs2
4 2 10			0.0		0.0		0.0		0.3	1.1102	57.0442200735	11.3144
5 3 3			0.0		0.0		31.75		0.32047	0.9351	54.4936931553	89.9375
4 6 0			1.0		1.0		15.9		0.32047	0.7863	67.1083315067	59.4729
0 2 18			0.32		1.32		12.01		0.31544	0.3755	76.3208597895	3.7538
2 4 2			0.15		1.47		10.48		0.31537	0.3828	40.8766170199	13.2501
5 3 1			0.04		1.51		10.05		0.31528	0.5252	53.2386121167	32.835
6 0 6			0.2		1.71		8.38		0.31528	1.0815	60.1501886982	39.9969
5 3 11			-0.73		0.98		31.19		0.31491	1.8677	70.5420870211	204.0714
0 6 6			0.14		1.12		27.29		0.31497	1.0147	60.183190367	40.9583
4 0 8			-0.43		0.69		47.61		0.3151	2.9483	47.8850437629	244.3799
2 4 6			0.11		0.8		43.08		0.31543	0.785	46.7364348384	64.2552
6 4 0			0.1		0.9		39.16		0.31543	1.8287	67.0910631577	58.6803
0 6 8			0.08		0.98		36.12		0.31556	0.7694	64.1950429677	5.6946
2 0 14			0.08		1.06		33.54		0.31469	0.2634	58.6945218607	7.3942
6 0 4			0.0		1.07		33.37		0.31449	0.7069	57.1830782131	42.6751
2 4 14			0.06		1.13		31.45		0.31515	0.5221	70.6383718296	19.4111
4 6 2			0.07		1.19		29.52		0.31512	0.2349	67.657370766	5.5969
0 6 2			0.06		1.25		27.93		0.31508	0.2356	55.3895592761	6.1752
6 0 8			0.05		1.3		26.55		0.31521	2.9234	64.163237895	5.3359
6 4 2			0.05		1.36		25.17		0.31518	0.2211	67.6401768609	4.8049
3 1 15			0.05		1.4		23.99		0.31571	0.2871	67.3554895111	7.7692
2 4 10			0.05		1.45		22.9		0.31611	0.607	57.0555982332	12.0937
3 3 15			0.05		1.5		21.86		0.31604	0.3402	73.0835579415	3.8877
0 6 10			0.04		1.54		21.1		0.31661	0.8527	69.1637693973	8.5049
6 0 10			0.04		1.57		20.36		0.31698	1.0728	69.1331306246	8.9056
9 1 1			0.04		1.61		19.6		0.31696	0.8793	87.9915459652	19.6393
2 0 10			0.04		1.65		18.89		0.31682	0.6169	42.9543880851	20.236
1 3 15			0.04		1.69		18.22		0.31697	0.2862	67.3623786269	8.1809
1 1 9			0.02		1.7		17.88		0.31639	0.2216	37.1193146943	1.1702
0 2 2			-0.0		1.7		17.93		0.31634	0.4614	19.2417464495	36.8131
3 3 9			0.03		1.73		17.37		0.31621	0.3816	52.4524123761	12.0632
3 5 5			-0.14		1.6		20.15		0.3163	1.2751	56.9624934876	133.7285
5 1 9			0.03		1.63		19.53		0.31621	0.4583	58.9619928854	19.0838
3 7 1			0.03		1.65		19.02		0.31619	1.2822	71.5694631273	22.2453
6 0 2			0.03		1.68		18.52		0.31618	0.2214	55.354768557	5.4487
2 0 16			0.01		1.69		18.36		0.31671	0.5935	67.2372591268	11.8907
3 3 11			-0.22		1.47		23.68		0.31666	2.1204	58.6030846927	249.5822
4 0 2			-0.09		1.38		25.94		0.31672	1.7854	36.5531212028	138.5255
0 2 14			0.02		1.4		25.41		0.3164	0.2479	58.6982494177	6.3292
1 1 15			0.01		1.41		25.04		0.31668	0.656	61.3839959686	20.6242
1 3 9			0.02		1.44		24.53		0.31634	0.2622	45.3040218183	7.1674
4 2 2			0.02		1.45		24.06		0.31632	0.457	40.8620305525	12.2524
7 3 1			0.02		1.48		23.54		0.3163	0.5095	71.5359286583	22.1332
3 1 9			0.02		1.5		23.05		0.31607	0.36	45.2950695798	8.7768
2 0 12			0.02		1.52		22.59		0.31563	0.8079	50.6101057273	16.6151
3 1 11			-0.18		1.34		27.6		0.31552	2.3814	52.0481274199	292.2152
6 2 10			0.02		1.35		27.12		0.31597	0.7103	71.9901825081	43.9921
6 4 6			0.02		1.37		26.65		0.31581	0.9247	71.9614498967	41.9809
0 4 16			0.02		1.39		26.18		0.31602	1.5557	75.7704700384	94.8658
0 2 12			0.02		1.41		25.69		0.31571	0.3827	50.6142203783	17.5707
0 6 12			0.01		1.42		25.51		0.31438	0.3425	75.0250979777	1.887
4 6 6			0.02		1.43		25.08		0.31423	1.1903	71.9781772466	41.9784
4 0 10			0.01		1.45		24.74		0.31464	0.6243	53.7713327333	45.2096
4 2 14			0.02		1.46		24.37		0.31479	1.2576	70.6282605877	19.9713
4 4 10			0.02		1.48		23.99		0.31505	0.6886	66.23802526	47.6672
2 4 8			-0.0		1.48		24.02		0.31517	0.1687	51.4325245866	2.4593
0 0 20			0.02		1.49		23.61		0.3154	0.4542	83.3712939521	4.3689
0 2 6			0.0		1.5		23.55		0.31553	1.1672	29.1471999487	131.5155
0 2 20			0.02		1.51		23.19		0.31526	0.4494	86.0769303832	2.8517
6 2 8			-0.11		1.4		25.99		0.31527	3.3751	67.1207225085	222.106
5 3 9			0.02		1.42		25.57		0.31532	0.4833	65.0662013285	20.8409
6 0 0			0.01		1.43		25.23		0.31532	0.7256	54.7363985401	55.434
0 2 16			0.01		1.44		24.99		0.31548	1.8687	67.2407114996	13.8307
2 4 12			0.01		1.45		24.77		0.31503	0.2205	63.4791913795	4.8908
5 1 13			-0.03		1.42		25.52		0.31594	0.4567	71.2764535317	11.3258
1 1 11			-0.15		1.27		30.03		0.3159	2.144	44.8525636461	378.5934
0 6 0			0.01		1.29		29.68		0.3159	1.4277	54.7714555341	59.4019
4 2 8			0.0		1.29		29.59		0.31598	0.7605	51.4203212226	2.5419
4 2 12			0.01		1.3		29.36		0.31553	0.2244	63.468523569	4.7972
3 1 13			-0.02		1.28		29.85		0.31629	0.3869	59.4126405656	11.7895
1 3 13			-0.01		1.27		30.26		0.31697	0.3907	59.4200243294	11.5335
2 2 10			0.01		1.28		29.87		0.31705	0.6429	46.7739448495	44.8949
5 1 1			0.01		1.29		29.55		0.31705	0.5346	46.1701152	26.7419
2 2 16			0.01		1.3		29.15		0.31707	1.1693	70.1293332912	108.6018
0 6 14			0.01		1.31		28.89		0.31711	0.9096	81.7552219026	27.2955
3 3 1			0.01		1.32		28.62		0.31711	0.5106	38.1558496662	33.1617
0 4 4			0.0		1.33		28.49		0.31704	0.8482	39.0545896029	78.0016
3 5 9			0.01		1.34		28.12		0.31704	0.4755	65.0802252419	19.5165
1 7 1			0.01		1.35		27.85		0.31704	0.5219	65.7901743415	26.2984
0 0 18			0.01		1.36		27.54		0.31686	0.6609	73.530655613	37.988
0 0 14			-0.01		1.35		27.94		0.31687	0.8389	55.4890953336	74.9432
1 5 1			0.01		1.36		27.68		0.31687	0.4978	46.196563203	27.3004
6 2 6			-0.05		1.31		29.04		0.31699	3.9921	63.2107357729	344.5633
0 0 10			0.01		1.32		28.73		0.31707	0.8316	38.8438017949	41.7013
3 3 13			-0.02		1.3		29.24		0.31771	0.5636	65.4922780779	9.1158
0 4 10			0.01		1.31		28.93		0.31777	0.9893	53.7871001638	44.1425
0 0 22			0.01		1.32		28.62		0.31778	2.2765	94.0325860765	137.6091
4 2 0			0.01		1.33		28.44		0.31778	0.9287	40.0811891304	86.5118
2 6 10			0.01		1.34		28.14		0.31784	0.7069	72.0169435829	44.7171
0 0 16			0.01		1.35		27.82		0.31784	1.3342	64.286058028	116.6634
1 7 7			-0.0		1.35		27.84		0.31806	0.4353	72.3061031614	6.1143
2 2 4			0.0		1.35		27.78		0.31802	0.7551	29.4672289371	73.6026
4 6 4			0.0		1.36		27.74		0.31802	1.0731	69.291881243	33.3045
0 2 10			0.01		1.37		27.47		0.31799	0.4317	42.9590557724	21.0204
0 2 22			0.0		1.37		27.37		0.31799	1.8317	96.7387030121	97.213
0 2 0			-0.01		1.36		27.58		0.31799	1.4407	17.6394681947	177.2483
1 5 9			0.01		1.37		27.32		0.31795	0.4394	58.984264935	17.7365
1 1 3			0.01		1.38		27.17		0.31795	0.4514	16.9416048235	36.8187
3 7 3			0.0		1.38		27.09		0.31797	0.8954	72.6346668965	71.6226
1 1 13			-0.01		1.37		27.29		0.31835	0.3722	52.9310122384	10.9703
3 7 5			-0.01		1.36		27.65		0.31837	1.0548	74.7470539899	89.5814
4 4 2			-0.03		1.33		28.37		0.31838	1.2125	52.0311030722	128.6454