HKL Value		Reward		TotalReward	Chi Squared	Z Appr. 	Error	Two-Thetas	Sfs2
4 2 10			0.0		0.0		0.0		0.3	1.1102	57.0442200735	11.3144
4 6 0			0.0		0.0		0.04		0.38048	0.7863	67.1083315067	59.4729
1 5 5			-1.0		-1.0		11.82		0.38337	1.8923	50.2743192378	127.3636
6 0 6			-0.21		-1.21		14.95		0.38041	1.0815	60.1501886982	39.9969
0 2 18			0.15		-1.06		13.0		0.37054	0.3755	76.3208597895	3.7538
0 6 6			0.05		-1.01		12.42		0.36869	1.0147	60.183190367	40.9583
6 4 0			0.2		-0.81		10.35		0.36869	1.8287	67.0910631577	58.6803
5 3 7			0.15		-0.66		9.03		0.36916	0.2523	60.5057581853	5.4388
0 6 8			0.09		-0.57		8.25		0.35938	0.7694	64.1950429677	5.6946
2 0 14			0.12		-0.45		7.37		0.36018	0.2634	58.6945218607	7.3942
2 4 14			0.1		-0.35		6.7		0.35925	0.5221	70.6383718296	19.4111
0 4 16			0.03		-0.32		6.52		0.36406	1.5557	75.7704700384	94.8658
2 0 2			-0.2		-0.52		8.15		0.364	0.6502	19.2320929378	35.9547
1 7 7			0.06		-0.46		7.7		0.36408	0.4353	72.3061031614	6.1143
0 4 0			-0.82		-1.28		43.19		0.36408	6.137	35.7152072575	818.959
6 0 8			0.07		-1.22		40.54		0.36328	2.9234	64.163237895	5.3359
4 6 2			0.06		-1.16		38.17		0.3633	0.2349	67.657370766	5.5969
0 6 2			0.06		-1.1		36.05		0.36339	0.2356	55.3895592761	6.1752
6 4 2			0.06		-1.04		34.17		0.36341	0.2211	67.6401768609	4.8049
3 1 15			0.05		-0.99		32.5		0.36364	0.2871	67.3554895111	7.7692
3 3 15			0.05		-0.94		30.91		0.36376	0.3402	73.0835579415	3.8877
2 4 10			0.04		-0.9		29.78		0.36365	0.607	57.0555982332	12.0937
0 4 12			-0.06		-0.96		31.58		0.35279	1.4889	60.4300914167	161.7651
3 5 3			0.0		-0.96		31.58		0.35242	0.9259	54.5093201099	87.7589
0 6 10			0.04		-0.92		30.37		0.35234	0.8527	69.1637693973	8.5049
1 5 11			-0.05		-0.97		31.93		0.35954	1.8219	64.7342781598	204.7444
3 3 9			0.04		-0.93		30.78		0.35862	0.3816	52.4524123761	12.0632
2 2 14			0.01		-0.92		30.42		0.35806	1.0835	61.7979105177	101.9829
6 0 10			0.03		-0.89		29.47		0.3578	1.0728	69.1331306246	8.9056
9 1 1			0.03		-0.86		28.62		0.3577	0.8793	87.9915459652	19.6393
0 6 4			0.0		-0.85		28.48		0.35797	0.6675	57.2171401797	42.9768
1 3 15			0.03		-0.82		27.7		0.3582	0.2862	67.3623786269	8.1809
1 1 9			0.03		-0.79		26.83		0.35824	0.2216	37.1193146943	1.1702
2 0 10			0.02		-0.77		26.37		0.35788	0.6169	42.9543880851	20.236
0 2 14			0.03		-0.75		25.63		0.35797	0.2479	58.6982494177	6.3292
6 0 2			0.03		-0.72		24.95		0.35805	0.2214	55.354768557	5.4487
3 7 1			0.02		-0.7		24.43		0.35795	1.2822	71.5694631273	22.2453
2 0 16			0.02		-0.67		23.89		0.35928	0.5935	67.2372591268	11.8907
6 4 6			0.03		-0.65		23.27		0.35948	0.9247	71.9614498967	41.9809
5 1 9			0.02		-0.63		22.75		0.35866	0.4583	58.9619928854	19.0838
2 0 12			0.02		-0.6		22.24		0.35758	0.8079	50.6101057273	16.6151
1 3 9			0.02		-0.58		21.69		0.35742	0.2622	45.3040218183	7.1674
1 1 15			0.01		-0.57		21.49		0.35801	0.656	61.3839959686	20.6242
3 1 9			0.02		-0.54		21.0		0.35765	0.36	45.2950695798	8.7768
5 1 3			-0.0		-0.55		21.07		0.35728	0.9592	47.5591860667	88.1873
4 2 2			0.01		-0.53		20.77		0.35728	0.457	40.8620305525	12.2524
7 3 1			0.02		-0.52		20.45		0.35721	0.5095	71.5359286583	22.1332
4 6 6			0.02		-0.5		20.03		0.35757	1.1903	71.9781772466	41.9784
0 2 20			0.02		-0.48		19.63		0.35723	0.4494	86.0769303832	2.8517
0 2 12			0.02		-0.46		19.26		0.35652	0.3827	50.6142203783	17.5707
4 2 14			0.02		-0.44		18.88		0.35652	1.2576	70.6282605877	19.9713
0 6 12			0.02		-0.42		18.53		0.35701	0.3425	75.0250979777	1.887
1 3 11			-0.1		-0.52		20.58		0.35839	2.4293	52.0561920156	298.4303
2 4 2			0.01		-0.51		20.34		0.35841	0.3828	40.8766170199	13.2501
0 0 16			-0.0		-0.51		20.41		0.36087	1.3342	64.286058028	116.6634
6 2 10			-0.0		-0.51		20.41		0.36134	0.7103	71.9901825081	43.9921
2 4 8			0.02		-0.49		20.09		0.36104	0.1687	51.4325245866	2.4593
4 0 10			-0.0		-0.49		20.11		0.36149	0.6243	53.7713327333	45.2096
5 3 9			0.01		-0.48		19.92		0.36111	0.4833	65.0662013285	20.8409
0 0 20			0.0		-0.48		19.83		0.36333	0.4542	83.3712939521	4.3689
4 4 10			-0.0		-0.48		19.85		0.36354	0.6886	66.23802526	47.6672
6 0 0			0.01		-0.47		19.6		0.36354	0.7256	54.7363985401	55.434
0 2 16			0.02		-0.45		19.29		0.36361	1.8687	67.2407114996	13.8307
2 4 12			0.01		-0.44		19.01		0.36357	0.2205	63.4791913795	4.8908
3 3 1			0.0		-0.43		18.93		0.36355	0.5106	38.1558496662	33.1617
4 2 12			0.01		-0.42		18.66		0.36352	0.2244	63.468523569	4.7972
4 2 8			0.01		-0.41		18.44		0.36338	0.7605	51.4203212226	2.5419
3 1 13			0.02		-0.39		18.17		0.36338	0.3869	59.4126405656	11.7895
1 3 13			0.01		-0.38		17.9		0.36339	0.3907	59.4200243294	11.5335
5 1 13			0.01		-0.36		17.64		0.36339	0.4567	71.2764535317	11.3258
3 3 11			-0.05		-0.41		18.57		0.3634	2.1204	58.6030846927	249.5822
2 6 10			0.0		-0.41		18.57		0.36356	0.7069	72.0169435829	44.7171
0 6 14			0.01		-0.4		18.37		0.36345	0.9096	81.7552219026	27.2955
5 1 1			0.0		-0.4		18.28		0.36344	0.5346	46.1701152	26.7419
0 2 22			-0.0		-0.4		18.28		0.36346	1.8317	96.7387030121	97.213
2 2 4			-0.02		-0.42		18.71		0.36344	0.7551	29.4672289371	73.6026
3 5 9			0.01		-0.41		18.59		0.36335	0.4755	65.0802252419	19.5165
1 3 3			-0.0		-0.42		18.67		0.36331	0.7045	30.3940112777	66.1614
0 6 16			0.01		-0.4		18.44		0.36325	0.4825	89.3859051251	7.6515
1 5 9			0.01		-0.4		18.28		0.36316	0.4394	58.984264935	17.7365
7 3 5			0.0		-0.39		18.21		0.36326	1.0496	74.7140851895	88.0788
2 2 16			0.01		-0.38		18.07		0.36353	1.1693	70.1293332912	108.6018
0 0 18			0.01		-0.38		17.91		0.3636	0.6609	73.530655613	37.988
0 0 22			0.01		-0.37		17.72		0.3636	2.2765	94.0325860765	137.6091
1 5 1			0.0		-0.36		17.66		0.36359	0.4978	46.196563203	27.3004
0 2 10			0.0		-0.36		17.61		0.36357	0.4317	42.9590557724	21.0204
0 4 10			-0.0		-0.36		17.62		0.3637	0.9893	53.7871001638	44.1425
0 0 12			-0.08		-0.44		19.08		0.36325	3.2426	47.0346015839	274.3783
0 0 10			0.0		-0.43		19.06		0.36337	0.8316	38.8438017949	41.7013
3 3 13			0.01		-0.42		18.85		0.36332	0.5636	65.4922780779	9.1158
6 2 6			-0.08		-0.51		20.59		0.36302	3.9921	63.2107357729	344.5633
2 4 6			0.01		-0.5		20.49		0.36292	0.785	46.7364348384	64.2552
2 2 10			0.0		-0.5		20.48		0.36304	0.6429	46.7739448495	44.8949
6 4 4			0.0		-0.5		20.4		0.36306	0.6669	69.2748711385	33.991
2 4 0			0.0		-0.5		20.33		0.36306	1.4359	40.0960076051	88.2765
4 2 0			0.0		-0.49		20.25		0.36306	0.9287	40.0811891304	86.5118
7 3 3			-0.0		-0.49		20.27		0.36302	1.9283	72.601334037	69.5466
2 6 4			-0.02		-0.51		20.58		0.363	0.8772	60.3635846112	78.02
0 6 0			0.01		-0.5		20.43		0.363	1.4277	54.7714555341	59.4019
4 6 4			0.0		-0.5		20.35		0.36302	1.0731	69.291881243	33.3045
4 4 12			-0.01		-0.51		20.62		0.3627	1.9475	72.2035773977	130.2426
1 7 1			0.0		-0.5		20.53		0.3627	0.5219	65.7901743415	26.2984