HKL Value		Reward		TotalReward	Chi Squared	Z Appr. 	Error	Two-Thetas	Sfs2
4 2 10			0.0		0.0		0.0		0.3	1.1102	57.0442200735	11.3144
2 2 0			0.0		0.0		649.72		0.38048	11.1953	25.0390113278	1035.9387
2 4 4			0.89		0.89		343.86		0.38004	0.8182	43.1484985256	64.6996
4 0 2			0.35		1.24		254.38		0.38256	1.7854	36.5531212028	138.5255
4 6 0			0.33		1.57		190.8		0.38256	0.7863	67.1083315067	59.4729
0 6 6			0.22		1.79		156.82		0.37856	1.0147	60.183190367	40.9583
0 2 18			0.2		1.99		131.08		0.36956	0.3755	76.3208597895	3.7538
1 5 5			0.12		2.1		117.49		0.37119	1.8923	50.2743192378	127.3636
6 0 6			0.13		2.23		104.1		0.37021	1.0815	60.1501886982	39.9969
0 6 8			0.12		2.35		93.32		0.36904	0.7694	64.1950429677	5.6946
2 2 16			0.11		2.46		83.99		0.36888	1.1693	70.1293332912	108.6018
6 4 0			0.1		2.56		76.35		0.36888	1.8287	67.0910631577	58.6803
6 0 2			0.09		2.65		70.09		0.36902	0.2214	55.354768557	5.4487
2 4 14			0.08		2.72		65.18		0.36683	0.5221	70.6383718296	19.4111
2 0 16			0.08		2.8		60.63		0.36535	0.5935	67.2372591268	11.8907
0 0 12			-0.08		2.71		66.22		0.3609	3.2426	47.0346015839	274.3783
2 0 14			0.07		2.78		62.09		0.36107	0.2634	58.6945218607	7.3942
3 1 13			0.06		2.84		58.48		0.3618	0.3869	59.4126405656	11.7895
0 6 2			0.06		2.9		55.35		0.36188	0.2356	55.3895592761	6.1752
4 6 2			0.05		2.95		52.58		0.3619	0.2349	67.657370766	5.5969
0 0 22			0.05		3.0		50.08		0.36232	2.2765	94.0325860765	137.6091
2 4 10			0.04		3.04		48.02		0.3622	0.607	57.0555982332	12.0937
6 4 2			0.05		3.09		45.94		0.3622	0.2211	67.6401768609	4.8049
9 1 1			0.04		3.13		44.17		0.36216	0.8793	87.9915459652	19.6393
2 0 10			0.03		3.16		42.87		0.36198	0.6169	42.9543880851	20.236
6 0 8			0.04		3.2		41.24		0.36154	2.9234	64.163237895	5.3359
0 2 20			0.04		3.24		39.67		0.36186	0.4494	86.0769303832	2.8517
0 6 10			0.03		3.27		38.37		0.36175	0.8527	69.1637693973	8.5049
3 1 15			0.03		3.31		37.1		0.36194	0.2871	67.3554895111	7.7692
1 3 15			0.03		3.34		35.93		0.36212	0.2862	67.3623786269	8.1809
6 0 10			0.03		3.37		34.89		0.36204	1.0728	69.1331306246	8.9056
1 1 9			0.03		3.4		33.77		0.36199	0.2216	37.1193146943	1.1702
3 3 15			0.03		3.43		32.75		0.3621	0.3402	73.0835579415	3.8877
3 7 1			0.02		3.46		31.95		0.36206	1.2822	71.5694631273	22.2453
3 3 13			0.03		3.49		31.01		0.36206	0.5636	65.4922780779	9.1158
5 1 9			0.02		3.51		30.29		0.36157	0.4583	58.9619928854	19.0838
3 3 9			0.03		3.54		29.55		0.36116	0.3816	52.4524123761	12.0632
5 5 7			0.03		3.56		28.78		0.36116	0.6639	72.2860687267	4.3062
0 6 18			0.03		3.59		28.03		0.36116	0.7949	98.0280769063	1.8601
0 6 12			0.03		3.62		27.32		0.36106	0.3425	75.0250979777	1.887
6 2 10			0.01		3.62		27.15		0.36177	0.7103	71.9901825081	43.9921
4 0 10			0.01		3.63		26.98		0.36243	0.6243	53.7713327333	45.2096
0 4 16			0.02		3.65		26.43		0.36327	1.5557	75.7704700384	94.8658
0 0 20			0.02		3.67		25.94		0.36427	0.4542	83.3712939521	4.3689
4 4 10			0.01		3.68		25.79		0.3645	0.6886	66.23802526	47.6672
1 1 15			0.01		3.69		25.42		0.36455	0.656	61.3839959686	20.6242
6 2 2			-0.05		3.64		26.65		0.36464	3.3001	58.5687226088	135.1206
0 2 14			0.02		3.67		26.08		0.36463	0.2479	58.6982494177	6.3292
7 3 1			0.02		3.68		25.68		0.36462	0.5095	71.5359286583	22.1332
4 2 2			0.02		3.7		25.3		0.36462	0.457	40.8620305525	12.2524
7 1 1			0.01		3.71		25.0		0.36461	0.5207	65.7483230412	25.2044
0 6 0			0.01		3.72		24.64		0.36461	1.4277	54.7714555341	59.4019
6 4 4			0.01		3.73		24.41		0.36463	0.6669	69.2748711385	33.991
2 0 12			0.01		3.74		24.1		0.36453	0.8079	50.6101057273	16.6151
2 0 0			-0.02		3.73		24.52		0.36453	2.02	17.6289686615	175.6782
1 3 9			0.02		3.74		24.12		0.36447	0.2622	45.3040218183	7.1674
7 1 3			-0.0		3.74		24.23		0.3644	1.4031	66.8553232335	91.2915
2 4 6			0.01		3.75		24.02		0.36422	0.785	46.7364348384	64.2552
6 4 6			0.02		3.77		23.61		0.36419	0.9247	71.9614498967	41.9809
5 3 5			-0.01		3.75		23.93		0.36443	2.2247	56.9473208346	134.0256
3 1 9			0.01		3.77		23.6		0.36437	0.36	45.2950695798	8.7768
4 6 6			0.02		3.78		23.21		0.36433	1.1903	71.9781772466	41.9784
2 2 8			-0.05		3.73		24.42		0.36461	1.8488	40.1384116224	216.1995
0 2 16			0.02		3.75		24.03		0.3646	1.8687	67.2407114996	13.8307
2 2 14			-0.0		3.75		24.12		0.36427	1.0835	61.7979105177	101.9829
2 4 2			0.01		3.76		23.87		0.36428	0.3828	40.8766170199	13.2501
5 3 9			0.01		3.77		23.68		0.36418	0.4833	65.0662013285	20.8409
0 2 12			0.01		3.77		23.45		0.36409	0.3827	50.6142203783	17.5707
6 2 8			-0.04		3.74		24.35		0.36434	3.3751	67.1207225085	222.106
4 2 14			0.01		3.75		24.04		0.36424	1.2576	70.6282605877	19.9713
0 0 16			0.01		3.76		23.78		0.36456	1.3342	64.286058028	116.6634
2 4 8			0.01		3.77		23.52		0.36445	0.1687	51.4325245866	2.4593
0 0 10			0.0		3.78		23.42		0.36461	0.8316	38.8438017949	41.7013
2 2 10			0.0		3.78		23.34		0.36478	0.6429	46.7739448495	44.8949
0 4 20			0.01		3.79		23.04		0.36465	1.027	94.1654323607	18.6345
3 5 7			0.01		3.81		22.75		0.36466	0.2309	60.5203777188	5.6046
1 1 1			-0.0		3.8		22.78		0.36465	0.5749	13.0194761966	56.7652
1 3 13			0.01		3.82		22.49		0.36458	0.3907	59.4200243294	11.5335
5 1 13			0.01		3.83		22.21		0.36451	0.4567	71.2764535317	11.3258
3 5 9			0.01		3.84		22.06		0.36444	0.4755	65.0802252419	19.5165
4 0 12			-0.03		3.8		22.81		0.36411	2.7435	60.4154589103	161.2613
5 3 1			0.0		3.81		22.7		0.3641	0.5252	53.2386121167	32.835
2 4 12			0.01		3.82		22.45		0.36407	0.2205	63.4791913795	4.8908
5 1 1			0.01		3.83		22.32		0.36406	0.5346	46.1701152	26.7419
0 0 18			0.01		3.84		22.11		0.36415	0.6609	73.530655613	37.988
0 0 8			-0.04		3.8		22.94		0.36433	2.1948	30.8548203523	183.9052
3 3 1			0.0		3.8		22.83		0.36432	0.5106	38.1558496662	33.1617
1 5 1			0.01		3.81		22.71		0.36431	0.4978	46.196563203	27.3004
0 4 2			-0.03		3.78		23.42		0.36437	3.2657	36.5744795411	137.7475
4 6 4			0.01		3.78		23.3		0.36439	1.0731	69.291881243	33.3045
4 4 2			-0.03		3.76		23.95		0.36445	1.2125	52.0311030722	128.6454
4 2 8			0.01		3.77		23.74		0.36435	0.7605	51.4203212226	2.5419
6 0 0			0.01		3.77		23.54		0.36435	0.7256	54.7363985401	55.434
0 6 14			0.01		3.78		23.34		0.36424	0.9096	81.7552219026	27.2955
5 3 7			0.01		3.79		23.11		0.36424	0.2523	60.5057581853	5.4388
5 5 3			-0.0		3.79		23.12		0.36421	0.8107	66.8760743485	64.1048
4 2 0			0.0		3.8		23.01		0.36421	0.9287	40.0811891304	86.5118
0 4 10			0.0		3.8		22.95		0.36435	0.9893	53.7871001638	44.1425
1 5 11			-0.02		3.78		23.33		0.36433	1.8219	64.7342781598	204.7444
4 2 6			0.01		3.79		23.2		0.36423	1.6049	46.7233273538	62.1975
2 6 10			0.0		3.79		23.14		0.36436	0.7069	72.0169435829	44.7171
1 7 1			0.01		3.8		23.03		0.36435	0.5219	65.7901743415	26.2984