HKL Value		Reward		TotalReward	Chi Squared	Z Appr. 	Error	Two-Thetas	Sfs2
4 2 10			0.0		0.0		0.0		0.3	1.1102	57.0442200735	11.3144
4 6 0			0.0		0.0		0.04		0.38048	0.7863	67.1083315067	59.4729
0 6 6			-0.98		-0.98		2.1		0.35022	1.0147	60.183190367	40.9583
0 2 18			0.4		-0.58		1.5		0.35262	0.3755	76.3208597895	3.7538
6 0 6			0.32		-0.26		1.13		0.35252	1.0815	60.1501886982	39.9969
0 4 2			-0.94		-1.2		19.28		0.35351	3.2657	36.5744795411	137.7475
0 6 8			0.2		-1.0		16.1		0.35395	0.7694	64.1950429677	5.6946
6 4 0			0.17		-0.83		13.8		0.35395	1.8287	67.0910631577	58.6803
0 6 2			0.11		-0.72		12.41		0.35411	0.2356	55.3895592761	6.1752
2 4 14			0.12		-0.6		11.12		0.35465	0.5221	70.6383718296	19.4111
4 6 2			0.08		-0.52		10.28		0.35461	0.2349	67.657370766	5.5969
2 4 10			0.05		-0.47		9.81		0.35417	0.607	57.0555982332	12.0937
1 3 3			-0.09		-0.56		10.78		0.35367	0.7045	30.3940112777	66.1614
9 1 1			0.05		-0.52		10.3		0.35354	0.8793	87.9915459652	19.6393
2 2 12			-0.2		-0.72		12.89		0.34999	1.9766	54.0147953295	208.0279
0 6 10			0.06		-0.66		12.2		0.34999	0.8527	69.1637693973	8.5049
2 0 10			0.01		-0.65		12.07		0.34999	0.6169	42.9543880851	20.236
2 0 14			0.06		-0.59		11.36		0.35006	0.2634	58.6945218607	7.3942
3 1 15			0.06		-0.53		10.77		0.34984	0.2871	67.3554895111	7.7692
0 6 12			-0.04		-0.58		11.24		0.35237	0.3425	75.0250979777	1.887
6 4 2			0.04		-0.53		10.79		0.35237	0.2211	67.6401768609	4.8049
6 0 8			0.05		-0.49		10.29		0.35245	2.9234	64.163237895	5.3359
6 0 10			0.03		-0.45		9.96		0.35241	1.0728	69.1331306246	8.9056
6 2 10			-0.07		-0.52		10.66		0.35249	0.7103	71.9901825081	43.9921
1 1 11			-0.4		-0.92		17.88		0.35457	2.144	44.8525636461	378.5934
4 0 10			-0.02		-0.94		18.22		0.35484	0.6243	53.7713327333	45.2096