HKL Value		Reward		TotalReward	Chi Squared	Z Appr. 	Error	Two-Thetas	Sfs2
4 2 10			0.0		0.0		0.0		0.3	1.1102	57.0442200735	11.3144
4 6 0			0.0		0.0		0.04		0.38048	0.7863	67.1083315067	59.4729
1 3 11			-1.0		-1.0		62.3		0.3633	2.4293	52.0561920156	298.4303
6 0 6			0.46		-0.54		42.69		0.36167	1.0815	60.1501886982	39.9969
0 6 6			0.3		-0.24		32.76		0.36042	1.0147	60.183190367	40.9583
0 2 18			0.24		0.0		26.49		0.36035	0.3755	76.3208597895	3.7538
2 6 10			0.04		0.04		25.49		0.36329	0.7069	72.0169435829	44.7171
6 4 0			0.17		0.21		21.85		0.36329	1.8287	67.0910631577	58.6803
4 0 4			-0.15		0.06		25.59		0.36258	1.2165	39.0343929222	79.1487
0 6 8			0.12		0.18		22.94		0.36104	0.7694	64.1950429677	5.6946
2 0 14			0.11		0.29		20.66		0.36128	0.2634	58.6945218607	7.3942
2 4 14			0.09		0.38		18.87		0.3607	0.5221	70.6383718296	19.4111
4 6 2			0.08		0.46		17.53		0.36072	0.2349	67.657370766	5.5969
0 6 2			0.07		0.53		16.35		0.36086	0.2356	55.3895592761	6.1752
6 0 8			0.07		0.6		15.27		0.35996	2.9234	64.163237895	5.3359
6 4 2			0.06		0.66		14.41		0.35998	0.2211	67.6401768609	4.8049
1 1 11			-0.39		0.27		23.66		0.36154	2.144	44.8525636461	378.5934
3 1 15			0.05		0.32		22.44		0.36182	0.2871	67.3554895111	7.7692
4 4 10			0.0		0.32		22.44		0.36292	0.6886	66.23802526	47.6672
2 4 10			0.04		0.36		21.63		0.36278	0.607	57.0555982332	12.0937
7 3 3			0.0		0.36		21.63		0.3624	1.9283	72.601334037	69.5466
2 0 10			0.02		0.38		21.22		0.36214	0.6169	42.9543880851	20.236
0 6 10			0.04		0.42		20.46		0.36197	0.8527	69.1637693973	8.5049
9 1 1			0.03		0.45		19.79		0.36189	0.8793	87.9915459652	19.6393
6 0 10			0.03		0.48		19.16		0.3617	1.0728	69.1331306246	8.9056
1 3 15			0.03		0.52		18.53		0.36203	0.2862	67.3623786269	8.1809
1 7 7			0.03		0.55		17.91		0.3621	0.4353	72.3061031614	6.1143
2 4 4			-0.04		0.51		18.7		0.36233	0.8182	43.1484985256	64.6996
1 1 9			0.04		0.55		18.04		0.36226	0.2216	37.1193146943	1.1702
0 0 20			0.03		0.57		17.58		0.36491	0.4542	83.3712939521	4.3689
3 3 15			0.03		0.61		17.02		0.36494	0.3402	73.0835579415	3.8877
4 4 2			-0.11		0.5		19.1		0.36516	1.2125	52.0311030722	128.6454
3 1 13			0.03		0.53		18.52		0.36488	0.3869	59.4126405656	11.7895
0 0 14			-0.0		0.52		18.58		0.36432	0.8389	55.4890953336	74.9432
3 3 9			0.02		0.55		18.19		0.36417	0.3816	52.4524123761	12.0632
5 1 9			0.02		0.56		17.89		0.36396	0.4583	58.9619928854	19.0838
2 0 16			0.03		0.59		17.39		0.36393	0.5935	67.2372591268	11.8907
3 7 1			0.02		0.61		17.1		0.36391	1.2822	71.5694631273	22.2453
0 4 20			0.03		0.64		16.66		0.36383	1.027	94.1654323607	18.6345
7 1 3			-0.02		0.62		17.0		0.36375	1.4031	66.8553232335	91.2915
6 0 2			0.02		0.64		16.61		0.36376	0.2214	55.354768557	5.4487
0 2 14			0.02		0.66		16.21		0.36377	0.2479	58.6982494177	6.3292
1 1 15			0.01		0.67		16.04		0.36383	0.656	61.3839959686	20.6242
4 2 2			0.01		0.69		15.83		0.36384	0.457	40.8620305525	12.2524
3 1 1			-0.01		0.68		15.91		0.36382	0.5239	28.3131072915	41.7464
6 2 10			-0.0		0.68		15.94		0.36406	0.7103	71.9901825081	43.9921
7 3 1			0.01		0.69		15.74		0.36404	0.5095	71.5359286583	22.1332
0 6 12			0.02		0.71		15.42		0.36403	0.3425	75.0250979777	1.887
2 0 0			-0.04		0.67		16.06		0.36403	2.02	17.6289686615	175.6782
1 3 9			0.02		0.69		15.79		0.36396	0.2622	45.3040218183	7.1674
0 4 16			0.02		0.71		15.5		0.36419	1.5557	75.7704700384	94.8658
2 4 2			0.01		0.72		15.35		0.3642	0.3828	40.8766170199	13.2501
4 0 8			-0.1		0.62		17.06		0.36454	2.9483	47.8850437629	244.3799
3 1 9			0.01		0.63		16.81		0.36447	0.36	45.2950695798	8.7768
4 0 10			-0.0		0.63		16.82		0.36472	0.6243	53.7713327333	45.2096
4 2 0			0.0		0.64		16.75		0.36472	0.9287	40.0811891304	86.5118
6 4 6			0.02		0.66		16.45		0.36467	0.9247	71.9614498967	41.9809
0 0 6			-0.3		0.36		23.52		0.36393	7.4326	23.0169618987	709.6598
0 2 12			0.01		0.37		23.25		0.36381	0.3827	50.6142203783	17.5707
2 0 12			0.01		0.38		22.98		0.3637	0.8079	50.6101057273	16.6151
4 6 6			0.02		0.4		22.6		0.36367	1.1903	71.9781772466	41.9784
4 2 14			0.01		0.41		22.27		0.36358	1.2576	70.6282605877	19.9713
2 4 8			0.01		0.42		21.99		0.36344	0.1687	51.4325245866	2.4593
5 3 9			0.01		0.43		21.8		0.36333	0.4833	65.0662013285	20.8409
3 3 11			-0.04		0.39		22.76		0.36335	2.1204	58.6030846927	249.5822
6 0 0			0.01		0.4		22.48		0.36335	0.7256	54.7363985401	55.434
3 5 9			0.01		0.41		22.28		0.36325	0.4755	65.0802252419	19.5165
0 2 16			0.01		0.43		21.96		0.36332	1.8687	67.2407114996	13.8307
2 2 10			0.0		0.43		21.92		0.36349	0.6429	46.7739448495	44.8949
2 4 12			0.01		0.44		21.63		0.36345	0.2205	63.4791913795	4.8908
5 1 13			0.01		0.46		21.32		0.36345	0.4567	71.2764535317	11.3258
4 2 12			0.01		0.47		21.04		0.36341	0.2244	63.468523569	4.7972
4 2 8			0.01		0.48		20.8		0.3633	0.7605	51.4203212226	2.5419
1 1 3			0.0		0.48		20.74		0.36327	0.4514	16.9416048235	36.8187
1 3 13			0.01		0.5		20.46		0.36328	0.3907	59.4200243294	11.5335
2 2 16			0.01		0.51		20.27		0.36358	1.1693	70.1293332912	108.6018
5 1 1			0.01		0.51		20.16		0.36357	0.5346	46.1701152	26.7419
5 1 11			-0.02		0.49		20.67		0.36358	3.2753	64.7131722767	203.727
3 3 1			0.0		0.49		20.59		0.36356	0.5106	38.1558496662	33.1617
0 6 14			0.01		0.5		20.38		0.36347	0.9096	81.7552219026	27.2955
0 2 20			0.01		0.51		20.12		0.36347	0.4494	86.0769303832	2.8517
3 7 5			0.0		0.52		20.04		0.36357	1.0548	74.7470539899	89.5814
1 5 1			0.0		0.52		19.95		0.36356	0.4978	46.196563203	27.3004
0 0 10			0.0		0.52		19.92		0.36368	0.8316	38.8438017949	41.7013
0 0 12			-0.07		0.45		21.4		0.36323	3.2426	47.0346015839	274.3783
0 4 10			0.0		0.46		21.37		0.36336	0.9893	53.7871001638	44.1425
0 2 22			0.0		0.46		21.33		0.36337	1.8317	96.7387030121	97.213
0 6 4			-0.0		0.46		21.35		0.36339	0.6675	57.2171401797	42.9768
4 6 4			0.0		0.46		21.25		0.36341	1.0731	69.291881243	33.3045
2 4 6			0.01		0.47		21.14		0.3633	0.785	46.7364348384	64.2552
3 3 13			0.01		0.48		20.91		0.36326	0.5636	65.4922780779	9.1158
6 2 6			-0.08		0.4		22.61		0.36298	3.9921	63.2107357729	344.5633
4 2 6			0.01		0.41		22.47		0.36289	1.6049	46.7233273538	62.1975
1 7 1			0.01		0.41		22.35		0.36288	0.5219	65.7901743415	26.2984
2 2 4			-0.01		0.4		22.65		0.36287	0.7551	29.4672289371	73.6026
0 2 10			0.0		0.41		22.55		0.36285	0.4317	42.9590557724	21.0204
0 0 16			0.01		0.41		22.43		0.36314	1.3342	64.286058028	116.6634
4 4 12			-0.01		0.4		22.68		0.36286	1.9475	72.2035773977	130.2426
1 3 7			0.01		0.41		22.46		0.36286	0.1893	39.2755843192	5.3372
0 0 18			0.01		0.42		22.29		0.36291	0.6609	73.530655613	37.988
1 5 9			0.01		0.42		22.13		0.36283	0.4394	58.984264935	17.7365
6 4 4			0.0		0.43		22.04		0.36285	0.6669	69.2748711385	33.991