HKL Value		Reward		TotalReward	Chi Squared	Z Appr. 	Error	Two-Thetas	Sfs2
0 0 20			0.0		0.0		0.0		0.3	0.4542	83.3712939521	4.3689
6 0 6			0.0		0.0		0.05		0.31679	1.0815	60.1501886982	39.9969
4 4 10			-0.92		-0.92		0.57		0.31843	0.6886	66.23802526	47.6672
6 2 10			-0.15		-1.07		0.67		0.32015	0.7103	71.9901825081	43.9921
1 3 9			-0.74		-1.81		2.61		0.31758	0.2622	45.3040218183	7.1674
4 0 10			0.08		-1.73		2.42		0.31842	0.6243	53.7713327333	45.2096
0 6 2			-0.01		-1.74		2.45		0.31838	0.2356	55.3895592761	6.1752
4 6 0			0.16		-1.58		2.1		0.31838	0.7863	67.1083315067	59.4729
2 2 4			-0.54		-2.12		4.58		0.31769	0.7551	29.4672289371	73.6026
5 1 5			-0.7		-2.82		15.25		0.31797	1.1901	50.2495039981	127.1383
4 0 4			-0.03		-2.85		15.78		0.31731	1.2165	39.0343929222	79.1487
2 6 8			-0.49		-3.35		31.14		0.31751	4.3291	67.1483383839	218.3417
0 2 6			0.04		-3.31		30.04		0.31817	1.1672	29.1471999487	131.5155
1 1 9			0.05		-3.26		28.54		0.31655	0.2216	37.1193146943	1.1702
4 4 12			0.06		-3.19		26.83		0.31733	1.9475	72.2035773977	130.2426
0 6 8			0.07		-3.13		25.19		0.31744	0.7694	64.1950429677	5.6946
0 6 6			0.07		-3.06		23.61		0.31742	1.0147	60.183190367	40.9583
5 1 13			-0.03		-3.09		24.4		0.32102	0.4567	71.2764535317	11.3258
0 4 16			0.06		-3.04		23.04		0.32104	1.5557	75.7704700384	94.8658
2 0 10			0.04		-2.99		22.06		0.32071	0.6169	42.9543880851	20.236
4 2 10			0.05		-2.94		20.97		0.32064	1.1102	57.0442200735	11.3144
1 1 15			0.04		-2.9		20.18		0.32107	0.656	61.3839959686	20.6242
2 0 14			0.03		-2.87		19.6		0.32103	0.2634	58.6945218607	7.3942
6 2 0			-0.37		-3.24		31.02		0.32103	4.3933	57.9728440251	566.5186
1 5 7			0.01		-3.23		30.72		0.32241	0.6035	54.1236034243	4.2528
7 3 1			0.04		-3.19		29.61		0.32239	0.5095	71.5359286583	22.1332
4 2 12			-0.03		-3.23		30.64		0.31966	0.2244	63.468523569	4.7972
2 4 14			0.04		-3.19		29.59		0.31969	0.5221	70.6383718296	19.4111
9 1 1			0.03		-3.15		28.6		0.31969	0.8793	87.9915459652	19.6393
3 5 3			-0.0		-3.16		28.65		0.31973	0.9259	54.5093201099	87.7589
5 1 9			0.03		-3.13		27.79		0.31954	0.4583	58.9619928854	19.0838
2 4 10			0.03		-3.09		26.89		0.31952	0.607	57.0555982332	12.0937
0 6 10			0.03		-3.06		26.07		0.31963	0.8527	69.1637693973	8.5049
4 6 2			0.03		-3.03		25.31		0.31962	0.2349	67.657370766	5.5969
0 0 10			0.03		-3.0		24.58		0.31972	0.8316	38.8438017949	41.7013
6 4 0			0.03		-2.97		23.88		0.31972	1.8287	67.0910631577	58.6803
0 2 10			0.02		-2.95		23.32		0.31956	0.4317	42.9590557724	21.0204
4 4 6			-0.14		-3.09		27.06		0.31986	4.3817	57.0116572758	400.3855
3 1 15			0.03		-3.06		26.36		0.31974	0.2871	67.3554895111	7.7692
4 0 8			-0.15		-3.21		31.04		0.3198	2.9483	47.8850437629	244.3799
2 2 16			0.03		-3.18		30.27		0.31975	1.1693	70.1293332912	108.6018
6 0 10			0.02		-3.16		29.54		0.3198	1.0728	69.1331306246	8.9056
6 0 8			0.02		-3.14		28.88		0.31986	2.9234	64.163237895	5.3359
1 5 1			0.02		-3.12		28.38		0.31984	0.4978	46.196563203	27.3004
4 6 4			0.0		-3.12		28.29		0.31985	1.0731	69.291881243	33.3045
2 0 16			0.02		-3.1		27.75		0.32012	0.5935	67.2372591268	11.8907
3 1 1			0.01		-3.09		27.44		0.32011	0.5239	28.3131072915	41.7464
0 2 16			0.02		-3.07		26.9		0.32028	1.8687	67.2407114996	13.8307
3 1 7			-0.0		-3.07		26.97		0.32088	0.257	39.2655360855	5.205
0 4 20			0.01		-3.05		26.6		0.32079	1.027	94.1654323607	18.6345
4 2 14			0.02		-3.04		26.12		0.32079	1.2576	70.6282605877	19.9713
0 4 10			0.02		-3.02		25.61		0.32082	0.9893	53.7871001638	44.1425
0 0 8			-0.09		-3.11		28.18		0.32083	2.1948	30.8548203523	183.9052
1 7 1			0.01		-3.09		27.78		0.32082	0.5219	65.7901743415	26.2984
4 2 8			0.01		-3.09		27.58		0.32101	0.7605	51.4203212226	2.5419
3 7 1			0.02		-3.07		27.13		0.321	1.2822	71.5694631273	22.2453
2 4 8			0.01		-3.06		26.95		0.3212	0.1687	51.4325245866	2.4593
6 0 2			0.02		-3.05		26.52		0.3212	0.2214	55.354768557	5.4487
1 1 5			-0.1		-3.14		29.34		0.32131	1.9661	22.8949597146	247.5537
3 1 13			0.01		-3.14		29.14		0.32193	0.3869	59.4126405656	11.7895
0 4 14			-0.04		-3.18		30.35		0.32193	1.2337	67.7597167724	121.3788
2 2 10			0.02		-3.16		29.86		0.3219	0.6429	46.7739448495	44.8949
4 2 2			0.01		-3.15		29.47		0.32189	0.457	40.8620305525	12.2524
0 2 12			0.0		-3.14		29.34		0.32141	0.3827	50.6142203783	17.5707
0 0 16			0.01		-3.13		28.92		0.32126	1.3342	64.286058028	116.6634
4 2 6			0.02		-3.11		28.48		0.32126	1.6049	46.7233273538	62.1975
3 5 5			-0.04		-3.15		29.58		0.32133	1.2751	56.9624934876	133.7285
2 4 2			0.01		-3.14		29.24		0.32132	0.3828	40.8766170199	13.2501
0 4 4			0.0		-3.13		29.15		0.32123	0.8482	39.0545896029	78.0016
5 3 9			0.01		-3.12		28.73		0.32121	0.4833	65.0662013285	20.8409
6 4 6			0.01		-3.11		28.45		0.32114	0.9247	71.9614498967	41.9809
4 6 6			0.01		-3.1		28.18		0.32107	1.1903	71.9781772466	41.9784
1 3 15			0.01		-3.09		27.81		0.32093	0.2862	67.3623786269	8.1809
4 4 2			-0.03		-3.12		28.8		0.32095	1.2125	52.0311030722	128.6454
3 3 9			0.01		-3.11		28.49		0.32084	0.3816	52.4524123761	12.0632
0 6 16			0.01		-3.1		28.19		0.32108	0.4825	89.3859051251	7.6515
5 3 1			0.01		-3.09		27.94		0.32108	0.5252	53.2386121167	32.835
2 4 0			0.01		-3.08		27.76		0.32107	1.4359	40.0960076051	88.2765
0 0 18			0.0		-3.08		27.76		0.32031	0.6609	73.530655613	37.988
2 4 6			0.01		-3.07		27.41		0.32032	0.785	46.7364348384	64.2552
6 0 0			0.01		-3.06		27.13		0.32032	0.7256	54.7363985401	55.434
0 6 0			0.01		-3.05		26.88		0.32032	1.4277	54.7714555341	59.4019
2 6 6			-0.05		-3.1		28.19		0.32044	5.383	63.2392339525	346.2148
3 1 9			0.01		-3.09		27.94		0.32032	0.36	45.2950695798	8.7768
6 2 2			-0.03		-3.12		28.83		0.32034	3.3001	58.5687226088	135.1206
7 1 7			0.0		-3.12		28.78		0.32063	0.3505	72.2660298289	5.0526
5 5 1			0.01		-3.11		28.47		0.32063	0.5073	65.769247456	23.9531
1 3 13			0.0		-3.11		28.42		0.32104	0.3907	59.4200243294	11.5335
0 2 8			-0.02		-3.12		28.98		0.32137	0.1155	35.7619852008	1.7384
1 5 13			0.0		-3.12		28.84		0.32169	1.1973	71.2966048402	12.6128
3 5 9			0.01		-3.11		28.53		0.32166	0.4755	65.0802252419	19.5165
7 1 1			0.01		-3.1		28.28		0.32165	0.5207	65.7483230412	25.2044
0 0 2			-0.02		-3.12		28.85		0.32165	1.161	7.62646333295	98.931
3 5 7			0.0		-3.12		28.75		0.32188	0.2309	60.5203777188	5.6046
1 5 9			0.01		-3.11		28.52		0.32181	0.4394	58.984264935	17.7365
0 2 14			0.01		-3.1		28.33		0.32181	0.2479	58.6982494177	6.3292
3 5 1			0.01		-3.09		28.12		0.32181	0.5283	53.2544885252	31.9012
3 3 13			0.0		-3.09		28.1		0.32222	0.5636	65.4922780779	9.1158
2 2 2			-0.03		-3.12		28.83		0.32223	1.1162	26.2109248846	125.5642
0 2 2			0.0		-3.12		28.74		0.32222	0.4614	19.2417464495	36.8131
1 1 13			0.0		-3.11		28.61		0.32251	0.3722	52.9310122384	10.9703
4 2 0			0.01		-3.11		28.45		0.32251	0.9287	40.0811891304	86.5118