HKL Value		Reward		TotalReward	Chi Squared	Z Appr. 	Error	Two-Thetas	Sfs2
4 2 10			0.0		0.0		0.0		0.3	1.1102	57.0442200735	11.3144
4 6 0			0.0		0.0		0.04		0.38048	0.7863	67.1083315067	59.4729
6 4 0			0.53		0.53		0.03		0.38048	1.8287	67.0910631577	58.6803
6 0 6			-0.98		-0.45		1.41		0.35067	1.0815	60.1501886982	39.9969
0 6 6			0.33		-0.12		1.06		0.35059	1.0147	60.183190367	40.9583
2 0 16			-0.44		-0.56		1.88		0.34715	0.5935	67.2372591268	11.8907
0 2 18			-0.01		-0.57		1.9		0.35206	0.3755	76.3208597895	3.7538
4 0 10			-0.66		-1.22		5.51		0.35237	0.6243	53.7713327333	45.2096
0 6 8			0.13		-1.09		4.87		0.35291	0.7694	64.1950429677	5.6946
0 2 8			0.11		-0.98		4.39		0.35311	0.1155	35.7619852008	1.7384
0 2 4			-0.6		-1.59		11.1		0.36238	1.326	23.4223631322	110.0283
2 0 14			0.1		-1.49		10.09		0.36245	0.2634	58.6945218607	7.3942
2 4 14			0.08		-1.41		9.36		0.36168	0.5221	70.6383718296	19.4111
6 0 8			0.07		-1.34		8.77		0.36053	2.9234	64.163237895	5.3359
4 6 2			0.05		-1.29		8.34		0.36053	0.2349	67.657370766	5.5969
0 6 2			0.05		-1.24		7.94		0.36071	0.2356	55.3895592761	6.1752
3 3 9			0.04		-1.2		7.6		0.35851	0.3816	52.4524123761	12.0632
6 2 8			-0.39		-1.59		12.5		0.36299	3.3751	67.1207225085	222.106
7 1 3			-0.07		-1.66		13.45		0.36252	1.4031	66.8553232335	91.2915
6 4 2			0.05		-1.61		12.86		0.36253	0.2211	67.6401768609	4.8049
3 1 15			0.04		-1.57		12.35		0.36283	0.2871	67.3554895111	7.7692
3 3 15			0.05		-1.52		11.8		0.36299	0.3402	73.0835579415	3.8877
0 2 2			-0.05		-1.58		12.48		0.36293	0.4614	19.2417464495	36.8131
2 4 10			0.02		-1.56		12.25		0.36276	0.607	57.0555982332	12.0937
1 1 11			-0.34		-1.9		18.43		0.36305	2.144	44.8525636461	378.5934
0 6 10			0.03		-1.86		17.88		0.36296	0.8527	69.1637693973	8.5049
6 0 10			0.03		-1.84		17.38		0.36287	1.0728	69.1331306246	8.9056
4 0 8			-0.16		-1.99		20.66		0.36437	2.9483	47.8850437629	244.3799
1 1 5			-0.13		-2.12		23.7		0.36587	1.9661	22.8949597146	247.5537
9 1 1			0.03		-2.1		23.07		0.36582	0.8793	87.9915459652	19.6393
1 3 15			0.03		-2.06		22.38		0.36586	0.2862	67.3623786269	8.1809
1 1 9			0.03		-2.03		21.67		0.36591	0.2216	37.1193146943	1.1702
3 1 7			0.03		-2.0		21.03		0.36599	0.257	39.2655360855	5.205
2 0 10			0.01		-1.99		20.8		0.366	0.6169	42.9543880851	20.236
0 2 14			0.03		-1.96		20.2		0.3658	0.2479	58.6982494177	6.3292
0 2 12			0.02		-1.94		19.88		0.36541	0.3827	50.6142203783	17.5707
2 0 2			-0.01		-1.95		20.06		0.36538	0.6502	19.2320929378	35.9547
6 0 0			0.02		-1.93		19.64		0.36538	0.7256	54.7363985401	55.434
6 0 2			0.02		-1.91		19.17		0.36544	0.2214	55.354768557	5.4487
3 7 1			0.02		-1.89		18.85		0.36538	1.2822	71.5694631273	22.2453
6 4 6			0.02		-1.87		18.39		0.36517	0.9247	71.9614498967	41.9809
5 1 9			0.01		-1.85		18.15		0.36462	0.4583	58.9619928854	19.0838
1 3 9			0.02		-1.83		17.78		0.36436	0.2622	45.3040218183	7.1674
3 1 9			0.02		-1.81		17.45		0.36407	0.36	45.2950695798	8.7768
4 0 14			-0.02		-1.83		17.85		0.36261	1.986	67.7459682929	124.3248
1 1 15			0.01		-1.82		17.66		0.36289	0.656	61.3839959686	20.6242
4 2 2			0.01		-1.81		17.43		0.36292	0.457	40.8620305525	12.2524
1 5 13			0.02		-1.79		17.07		0.36307	1.1973	71.2966048402	12.6128
7 3 1			0.01		-1.78		16.85		0.36303	0.5095	71.5359286583	22.1332
4 6 6			0.02		-1.76		16.51		0.36299	1.1903	71.9781772466	41.9784
4 2 0			0.0		-1.75		16.43		0.36299	0.9287	40.0811891304	86.5118
2 0 12			0.01		-1.74		16.24		0.36262	0.8079	50.6101057273	16.6151
0 2 20			0.02		-1.72		15.93		0.36275	0.4494	86.0769303832	2.8517
4 2 14			0.02		-1.7		15.66		0.36255	1.2576	70.6282605877	19.9713
0 6 12			0.02		-1.68		15.38		0.3625	0.3425	75.0250979777	1.887
5 1 1			0.0		-1.68		15.32		0.36246	0.5346	46.1701152	26.7419
2 4 2			0.01		-1.67		15.18		0.36248	0.3828	40.8766170199	13.2501
6 2 10			-0.0		-1.68		15.24		0.36296	0.7103	71.9901825081	43.9921
0 4 16			0.01		-1.66		15.03		0.36354	1.5557	75.7704700384	94.8658
2 4 8			0.01		-1.65		14.85		0.3633	0.1687	51.4325245866	2.4593
4 0 0			-0.34		-1.99		22.54		0.3633	8.3901	35.6934066618	787.9925
1 5 11			-0.03		-2.02		23.15		0.36332	1.8219	64.7342781598	204.7444
5 3 9			0.01		-2.01		22.95		0.36312	0.4833	65.0662013285	20.8409
4 4 10			0.0		-2.01		22.92		0.36347	0.6886	66.23802526	47.6672
0 0 20			0.01		-1.99		22.64		0.36431	0.4542	83.3712939521	4.3689
0 2 16			0.02		-1.98		22.29		0.36433	1.8687	67.2407114996	13.8307
2 4 12			0.01		-1.97		21.98		0.3643	0.2205	63.4791913795	4.8908
4 0 12			-0.04		-2.0		22.87		0.36383	2.7435	60.4154589103	161.2613
3 3 1			0.01		-2.0		22.73		0.36381	0.5106	38.1558496662	33.1617
4 2 8			0.01		-1.99		22.47		0.36369	0.7605	51.4203212226	2.5419
4 2 12			0.01		-1.97		22.17		0.36365	0.2244	63.468523569	4.7972
3 1 13			0.01		-1.96		21.86		0.36365	0.3869	59.4126405656	11.7895
2 6 0			-0.14		-2.1		25.38		0.36365	4.3567	58.0028534629	558.9791
1 3 13			0.01		-2.08		25.04		0.36363	0.3907	59.4200243294	11.5335
2 2 10			0.0		-2.08		24.95		0.3638	0.6429	46.7739448495	44.8949
5 1 13			0.01		-2.07		24.62		0.36377	0.4567	71.2764535317	11.3258
0 6 14			0.01		-2.06		24.36		0.36366	0.9096	81.7552219026	27.2955
3 5 9			0.01		-2.05		24.17		0.36357	0.4755	65.0802252419	19.5165
1 5 9			0.01		-2.04		23.94		0.36347	0.4394	58.984264935	17.7365
2 2 16			0.01		-2.03		23.71		0.36377	1.1693	70.1293332912	108.6018
0 0 18			0.01		-2.02		23.48		0.36385	0.6609	73.530655613	37.988
0 0 22			0.01		-2.01		23.21		0.36385	2.2765	94.0325860765	137.6091
1 5 1			0.01		-2.0		23.08		0.36384	0.4978	46.196563203	27.3004
0 0 10			0.0		-2.0		23.01		0.36398	0.8316	38.8438017949	41.7013
3 3 13			0.01		-1.99		22.74		0.36388	0.5636	65.4922780779	9.1158
0 4 0			-0.2		-2.19		28.41		0.36388	6.137	35.7152072575	818.959
2 4 6			0.01		-2.18		28.22		0.36377	0.785	46.7364348384	64.2552
0 4 10			0.0		-2.17		28.1		0.36391	0.9893	53.7871001638	44.1425
0 6 0			0.01		-2.17		27.85		0.36391	1.4277	54.7714555341	59.4019
6 0 4			0.0		-2.16		27.79		0.36392	0.7069	57.1830782131	42.6751
1 7 5			0.0		-2.16		27.76		0.36405	1.0841	69.0835930101	99.7513
4 0 6			-0.1		-2.26		30.78		0.36369	5.3963	42.900258124	488.2208
0 0 4			-0.0		-2.26		30.9		0.36367	0.8482	15.2869714585	59.1035
4 6 4			0.01		-2.26		30.7		0.36369	1.0731	69.291881243	33.3045
2 6 10			0.0		-2.25		30.57		0.36383	0.7069	72.0169435829	44.7171
2 6 8			-0.02		-2.27		31.11		0.36403	4.3291	67.1483383839	218.3417
0 6 16			0.01		-2.26		30.8		0.36392	0.4825	89.3859051251	7.6515
2 2 4			-0.01		-2.27		31.0		0.3639	0.7551	29.4672289371	73.6026
0 6 4			0.0		-2.27		30.92		0.36392	0.6675	57.2171401797	42.9768
4 4 8			-0.02		-2.28		31.54		0.3641	3.9407	61.1479986878	218.5721
1 7 1			0.01		-2.28		31.34		0.3641	0.5219	65.7901743415	26.2984
0 0 16			0.01		-2.27		31.09		0.36433	1.3342	64.286058028	116.6634