HKL Value		Reward		TotalReward	Chi Squared	Z Appr. 	Error	Two-Thetas	Sfs2
4 2 10			0.0		0.0		0.0		0.3	1.1102	57.0442200735	11.3144
4 6 0			0.0		0.0		0.04		0.38048	0.7863	67.1083315067	59.4729
0 2 18			-0.99		-0.99		2.91		0.37005	0.3755	76.3208597895	3.7538
6 0 6			0.98		-0.01		1.48		0.35268	1.0815	60.1501886982	39.9969
0 6 6			0.3		0.29		1.13		0.35252	1.0147	60.183190367	40.9583
3 7 3			-0.77		-0.48		4.88		0.3522	0.8954	72.6346668965	71.6226
6 4 0			0.2		-0.28		4.07		0.3522	1.8287	67.0910631577	58.6803
0 6 8			0.14		-0.13		3.56		0.35251	0.7694	64.1950429677	5.6946
2 0 14			0.14		0.01		3.12		0.35242	0.2634	58.6945218607	7.3942
2 4 14			0.07		0.08		2.91		0.35286	0.5221	70.6383718296	19.4111
2 2 6			-0.92		-0.84		36.64		0.35068	8.3224	34.2684003079	615.2447
3 1 11			-0.2		-1.04		45.97		0.35365	2.3814	52.0481274199	292.2152
4 6 2			0.09		-0.96		42.37		0.35364	0.2349	67.657370766	5.5969
2 0 6			0.04		-0.92		40.72		0.35263	1.6278	29.1406672869	128.8477
0 6 2			0.07		-0.85		38.01		0.35268	0.2356	55.3895592761	6.1752
2 4 12			0.06		-0.78		35.74		0.35421	0.2205	63.4791913795	4.8908
6 0 8			0.07		-0.72		33.51		0.35428	2.9234	64.163237895	5.3359
6 4 2			0.06		-0.66		31.67		0.35428	0.2211	67.6401768609	4.8049
3 1 15			0.05		-0.61		30.11		0.35397	0.2871	67.3554895111	7.7692
2 4 10			0.05		-0.56		28.79		0.35388	0.607	57.0555982332	12.0937
2 2 16			-0.02		-0.58		29.32		0.35772	1.1693	70.1293332912	108.6018
0 6 10			0.04		-0.53		28.09		0.3575	0.8527	69.1637693973	8.5049
0 4 0			-0.44		-0.97		49.74		0.3575	6.137	35.7152072575	818.959
0 6 0			0.04		-0.93		47.86		0.3575	1.4277	54.7714555341	59.4019
3 3 11			-0.03		-0.96		49.53		0.3591	2.1204	58.6030846927	249.5822
3 3 15			0.04		-0.92		47.61		0.35923	0.3402	73.0835579415	3.8877
6 0 10			0.04		-0.89		45.94		0.35906	1.0728	69.1331306246	8.9056
2 0 4			-0.02		-0.91		46.96		0.35932	1.3874	23.4143586184	109.347
2 4 6			0.03		-0.88		45.54		0.35872	0.785	46.7364348384	64.2552
2 0 10			0.03		-0.85		44.38		0.35848	0.6169	42.9543880851	20.236
9 1 1			0.03		-0.82		43.06		0.35843	0.8793	87.9915459652	19.6393
1 3 15			0.03		-0.79		41.81		0.3586	0.2862	67.3623786269	8.1809
0 6 14			0.03		-0.76		40.56		0.35849	0.9096	81.7552219026	27.2955
3 3 9			0.03		-0.73		39.38		0.35808	0.3816	52.4524123761	12.0632
6 4 6			0.03		-0.7		38.24		0.35829	0.9247	71.9614498967	41.9809
4 2 0			0.02		-0.68		37.51		0.35829	0.9287	40.0811891304	86.5118
1 1 9			0.03		-0.65		36.47		0.3583	0.2216	37.1193146943	1.1702
5 1 9			0.03		-0.63		35.55		0.35785	0.4583	58.9619928854	19.0838
3 7 1			0.02		-0.6		34.77		0.3578	1.2822	71.5694631273	22.2453
2 0 16			0.02		-0.58		34.01		0.35843	0.5935	67.2372591268	11.8907
1 1 17			-0.03		-0.61		34.94		0.35645	2.447	70.2810461715	248.4175
2 0 2			0.01		-0.6		34.71		0.35641	0.6502	19.2320929378	35.9547
6 0 2			0.02		-0.58		33.94		0.35644	0.2214	55.354768557	5.4487
0 2 14			0.02		-0.56		33.17		0.35641	0.2479	58.6982494177	6.3292
1 1 15			0.01		-0.54		32.72		0.35659	0.656	61.3839959686	20.6242
4 2 2			0.02		-0.52		32.16		0.35661	0.457	40.8620305525	12.2524
1 3 9			0.02		-0.5		31.46		0.35661	0.2622	45.3040218183	7.1674
7 3 1			0.02		-0.48		30.92		0.35656	0.5095	71.5359286583	22.1332
1 1 11			-0.09		-0.57		33.82		0.35779	2.144	44.8525636461	378.5934
6 2 10			0.01		-0.56		33.61		0.35807	0.7103	71.9901825081	43.9921
6 0 4			0.01		-0.56		33.42		0.35816	0.7069	57.1830782131	42.6751
2 0 12			0.02		-0.54		32.8		0.35782	0.8079	50.6101057273	16.6151
3 1 9			0.02		-0.52		32.18		0.35769	0.36	45.2950695798	8.7768
0 0 10			0.01		-0.51		32.01		0.35794	0.8316	38.8438017949	41.7013
0 6 16			0.02		-0.5		31.47		0.35824	0.4825	89.3859051251	7.6515
3 3 1			0.01		-0.49		31.14		0.35819	0.5106	38.1558496662	33.1617
2 4 2			0.01		-0.47		30.73		0.35821	0.3828	40.8766170199	13.2501
0 4 16			0.01		-0.47		30.47		0.35958	1.5557	75.7704700384	94.8658
0 2 12			0.02		-0.45		30.01		0.35926	0.3827	50.6142203783	17.5707
0 6 12			0.02		-0.43		29.5		0.35926	0.3425	75.0250979777	1.887
0 4 4			-0.01		-0.44		29.84		0.35916	0.8482	39.0545896029	78.0016
4 6 6			0.02		-0.43		29.36		0.35922	1.1903	71.9781772466	41.9784
3 5 5			-0.01		-0.44		29.69		0.35971	1.2751	56.9624934876	133.7285
4 0 10			0.0		-0.44		29.58		0.35998	0.6243	53.7713327333	45.2096
4 2 14			0.02		-0.42		29.14		0.35992	1.2576	70.6282605877	19.9713
4 4 10			0.0		-0.42		29.07		0.3602	0.6886	66.23802526	47.6672
0 0 20			0.0		-0.42		29.0		0.36253	0.4542	83.3712939521	4.3689
2 4 8			0.01		-0.4		28.62		0.36242	0.1687	51.4325245866	2.4593
6 4 4			0.01		-0.39		28.4		0.36245	0.6669	69.2748711385	33.991
0 2 20			0.01		-0.38		27.99		0.3625	0.4494	86.0769303832	2.8517
5 3 9			0.01		-0.37		27.73		0.36239	0.4833	65.0662013285	20.8409
0 4 14			-0.0		-0.37		27.77		0.36217	1.2337	67.7597167724	121.3788
6 0 0			0.01		-0.36		27.45		0.36217	0.7256	54.7363985401	55.434
0 2 16			0.01		-0.35		27.09		0.36228	1.8687	67.2407114996	13.8307
5 1 13			0.01		-0.33		26.73		0.36232	0.4567	71.2764535317	11.3258
4 2 8			0.01		-0.32		26.41		0.36223	0.7605	51.4203212226	2.5419
4 4 8			-0.03		-0.35		27.32		0.36246	3.9407	61.1479986878	218.5721
4 2 12			0.01		-0.34		26.98		0.36242	0.2244	63.468523569	4.7972
2 2 10			0.0		-0.34		26.9		0.36255	0.6429	46.7739448495	44.8949
3 1 7			0.01		-0.33		26.58		0.36255	0.257	39.2655360855	5.205
3 1 13			0.01		-0.31		26.25		0.36259	0.3869	59.4126405656	11.7895
5 1 1			0.01		-0.31		26.07		0.36259	0.5346	46.1701152	26.7419
1 3 13			0.01		-0.29		25.75		0.36262	0.3907	59.4200243294	11.5335
3 5 9			0.01		-0.29		25.55		0.36253	0.4755	65.0802252419	19.5165
1 5 1			0.01		-0.28		25.39		0.36252	0.4978	46.196563203	27.3004
0 4 10			0.0		-0.28		25.32		0.36264	0.9893	53.7871001638	44.1425
0 4 2			-0.03		-0.3		26.03		0.3627	3.2657	36.5744795411	137.7475
4 0 12			-0.02		-0.33		26.6		0.36233	2.7435	60.4154589103	161.2613
0 0 22			0.01		-0.32		26.32		0.36238	2.2765	94.0325860765	137.6091
3 7 5			0.0		-0.31		26.19		0.36249	1.0548	74.7470539899	89.5814
2 2 14			0.0		-0.31		26.18		0.36232	1.0835	61.7979105177	101.9829
4 4 4			-0.01		-0.32		26.46		0.36229	0.8476	53.9354251327	76.9211
0 4 20			0.01		-0.31		26.18		0.36243	1.027	94.1654323607	18.6345
1 1 7			0.01		-0.3		25.92		0.36243	0.2012	29.7561292971	6.5386
3 3 13			0.01		-0.29		25.64		0.36241	0.5636	65.4922780779	9.1158
2 6 10			0.0		-0.29		25.58		0.36251	0.7069	72.0169435829	44.7171
0 2 22			0.0		-0.28		25.51		0.36258	1.8317	96.7387030121	97.213
1 7 1			0.01		-0.28		25.36		0.36258	0.5219	65.7901743415	26.2984
4 6 4			0.01		-0.27		25.23		0.36259	1.0731	69.291881243	33.3045
0 2 10			0.0		-0.27		25.12		0.36257	0.4317	42.9590557724	21.0204
3 1 3			-0.0		-0.27		25.12		0.36254	1.2003	30.3814370344	67.5761
2 2 4			-0.01		-0.28		25.37		0.36253	0.7551	29.4672289371	73.6026