HKL Value		Reward		TotalReward	Chi Squared	Z Appr. 	Error	Two-Thetas	Sfs2
4 2 10			0.0		0.0		0.0		0.3	1.1102	57.0442200735	11.3144
4 6 0			0.0		0.0		0.04		0.38048	0.7863	67.1083315067	59.4729
6 4 0			0.53		0.53		0.03		0.38048	1.8287	67.0910631577	58.6803
6 0 6			-0.98		-0.45		1.41		0.35067	1.0815	60.1501886982	39.9969
0 6 6			0.33		-0.12		1.06		0.35059	1.0147	60.183190367	40.9583
4 2 14			-0.1		-0.23		1.18		0.35311	1.2576	70.6282605877	19.9713
0 2 18			0.2		-0.03		0.98		0.3531	0.3755	76.3208597895	3.7538
0 6 8			0.11		0.09		0.88		0.35342	0.7694	64.1950429677	5.6946
0 2 4			-0.91		-0.83		10.31		0.35428	1.326	23.4223631322	110.0283
2 0 14			0.12		-0.7		9.19		0.354	0.2634	58.6945218607	7.3942
2 4 14			0.1		-0.6		8.35		0.35441	0.5221	70.6383718296	19.4111
6 0 8			0.1		-0.5		7.59		0.35456	2.9234	64.163237895	5.3359
4 6 2			0.06		-0.45		7.19		0.35454	0.2349	67.657370766	5.5969
0 6 2			0.05		-0.4		6.84		0.35465	0.2356	55.3895592761	6.1752
6 4 2			0.05		-0.35		6.51		0.35462	0.2211	67.6401768609	4.8049
3 1 15			0.03		-0.32		6.32		0.35369	0.2871	67.3554895111	7.7692
3 3 15			0.06		-0.26		5.97		0.35304	0.3402	73.0835579415	3.8877
2 4 10			0.01		-0.25		5.9		0.3529	0.607	57.0555982332	12.0937
0 6 10			0.03		-0.21		5.73		0.3528	0.8527	69.1637693973	8.5049
3 3 9			0.06		-0.16		5.43		0.35291	0.3816	52.4524123761	12.0632
1 5 3			-0.13		-0.29		6.22		0.35269	0.9511	47.585042181	85.8034
6 0 10			0.03		-0.26		6.06		0.35262	1.0728	69.1331306246	8.9056
2 2 0			-0.83		-1.09		35.32		0.35262	11.1953	25.0390113278	1035.9387
9 1 1			0.04		-1.05		33.97		0.35256	0.8793	87.9915459652	19.6393
1 3 15			0.04		-1.01		32.67		0.35205	0.2862	67.3623786269	8.1809
1 1 11			-0.15		-1.16		38.56		0.35809	2.144	44.8525636461	378.5934
7 1 7			0.04		-1.12		37.15		0.35809	0.3505	72.2660298289	5.0526
1 1 9			0.04		-1.09		35.77		0.35818	0.2216	37.1193146943	1.1702
0 2 14			0.04		-1.05		34.53		0.35835	0.2479	58.6982494177	6.3292
2 0 10			0.02		-1.03		33.74		0.35778	0.6169	42.9543880851	20.236
6 0 2			0.03		-0.99		32.68		0.3579	0.2214	55.354768557	5.4487
2 2 8			-0.07		-1.06		35.13		0.36105	1.8488	40.1384116224	216.1995
3 7 1			0.03		-1.04		34.23		0.36096	1.2822	71.5694631273	22.2453
6 4 6			0.03		-1.01		33.2		0.36103	0.9247	71.9614498967	41.9809
3 1 11			-0.07		-1.07		35.57		0.36172	2.3814	52.0481274199	292.2152
5 1 9			0.02		-1.05		34.71		0.36113	0.4583	58.9619928854	19.0838
2 0 16			0.03		-1.02		33.77		0.36169	0.5935	67.2372591268	11.8907
1 1 17			-0.04		-1.06		35.15		0.35859	2.447	70.2810461715	248.4175
1 3 9			0.03		-1.03		34.23		0.35846	0.2622	45.3040218183	7.1674
3 1 9			0.03		-1.01		33.37		0.35826	0.36	45.2950695798	8.7768
1 1 15			0.02		-0.99		32.85		0.35856	0.656	61.3839959686	20.6242
0 2 22			0.01		-0.99		32.68		0.35994	1.8317	96.7387030121	97.213
4 2 2			0.02		-0.97		32.07		0.35995	0.457	40.8620305525	12.2524
7 3 1			0.02		-0.95		31.47		0.35993	0.5095	71.5359286583	22.1332
4 6 6			0.02		-0.93		30.76		0.35998	1.1903	71.9781772466	41.9784
2 0 12			0.02		-0.91		30.16		0.35966	0.8079	50.6101057273	16.6151
0 2 20			0.02		-0.88		29.53		0.35967	0.4494	86.0769303832	2.8517
0 2 12			0.02		-0.87		28.99		0.35929	0.3827	50.6142203783	17.5707
0 6 12			0.02		-0.84		28.39		0.35928	0.3425	75.0250979777	1.887
2 4 2			0.01		-0.83		27.97		0.35929	0.3828	40.8766170199	13.2501
1 3 7			0.02		-0.81		27.44		0.35929	0.1893	39.2755843192	5.3372
0 4 16			0.01		-0.8		27.15		0.36047	1.5557	75.7704700384	94.8658
6 2 10			0.0		-0.8		27.03		0.36078	0.7103	71.9901825081	43.9921
3 5 5			-0.01		-0.81		27.42		0.36126	1.2751	56.9624934876	133.7285
2 4 8			0.02		-0.79		26.95		0.36105	0.1687	51.4325245866	2.4593
5 3 9			0.01		-0.78		26.62		0.36078	0.4833	65.0662013285	20.8409
5 3 1			0.01		-0.77		26.39		0.36075	0.5252	53.2386121167	32.835
4 4 10			0.0		-0.77		26.35		0.36107	0.6886	66.23802526	47.6672
6 0 0			0.01		-0.75		25.98		0.36107	0.7256	54.7363985401	55.434
0 2 16			0.02		-0.74		25.58		0.36142	1.8687	67.2407114996	13.8307
2 4 12			0.02		-0.72		25.17		0.36131	0.2205	63.4791913795	4.8908
4 4 6			-0.1		-0.82		28.01		0.36037	4.3817	57.0116572758	400.3855
0 0 20			0.0		-0.82		27.93		0.36265	0.4542	83.3712939521	4.3689
3 3 1			0.01		-0.81		27.7		0.36265	0.5106	38.1558496662	33.1617
4 0 10			0.0		-0.81		27.58		0.36279	0.6243	53.7713327333	45.2096
4 2 8			0.01		-0.8		27.21		0.36269	0.7605	51.4203212226	2.5419
3 1 13			0.02		-0.78		26.8		0.36273	0.3869	59.4126405656	11.7895
1 3 13			0.02		-0.76		26.4		0.36276	0.3907	59.4200243294	11.5335
4 0 8			-0.04		-0.81		27.59		0.36301	2.9483	47.8850437629	244.3799
4 4 8			-0.03		-0.84		28.55		0.36325	3.9407	61.1479986878	218.5721
3 5 7			0.01		-0.83		28.17		0.36325	0.2309	60.5203777188	5.6046
5 1 13			0.01		-0.81		27.77		0.36325	0.4567	71.2764535317	11.3258
0 6 14			0.01		-0.8		27.44		0.36317	0.9096	81.7552219026	27.2955
0 6 0			0.01		-0.79		27.16		0.36317	1.4277	54.7714555341	59.4019
3 5 9			0.01		-0.78		26.92		0.36308	0.4755	65.0802252419	19.5165
1 5 9			0.01		-0.77		26.64		0.36299	0.4394	58.984264935	17.7365
2 2 16			0.01		-0.76		26.38		0.36329	1.1693	70.1293332912	108.6018
0 0 18			0.01		-0.75		26.11		0.36336	0.6609	73.530655613	37.988
1 5 1			0.01		-0.74		25.93		0.36334	0.4978	46.196563203	27.3004
4 2 12			0.01		-0.73		25.63		0.36331	0.2244	63.468523569	4.7972
0 0 10			0.0		-0.73		25.53		0.36345	0.8316	38.8438017949	41.7013
3 3 13			0.01		-0.72		25.22		0.36338	0.5636	65.4922780779	9.1158
0 0 22			0.01		-0.71		24.94		0.36338	2.2765	94.0325860765	137.6091
2 4 6			0.01		-0.7		24.77		0.36329	0.785	46.7364348384	64.2552
0 4 18			0.01		-0.69		24.48		0.3633	0.8369	84.5238780681	17.4513
2 2 10			0.0		-0.68		24.42		0.36342	0.6429	46.7739448495	44.8949
5 1 1			0.01		-0.68		24.27		0.36342	0.5346	46.1701152	26.7419
0 4 10			0.0		-0.68		24.2		0.36354	0.9893	53.7871001638	44.1425
4 2 0			0.01		-0.67		24.07		0.36354	0.9287	40.0811891304	86.5118
4 6 4			0.01		-0.66		23.94		0.36356	1.0731	69.291881243	33.3045
2 6 10			0.0		-0.66		23.87		0.36369	0.7069	72.0169435829	44.7171
0 4 2			-0.03		-0.69		24.56		0.36375	3.2657	36.5744795411	137.7475
0 6 16			0.01		-0.68		24.3		0.36366	0.4825	89.3859051251	7.6515
0 0 4			-0.01		-0.69		24.48		0.36366	0.8482	15.2869714585	59.1035
0 2 8			0.01		-0.68		24.23		0.36363	0.1155	35.7619852008	1.7384
1 7 1			0.01		-0.67		24.09		0.36363	0.5219	65.7901743415	26.2984
0 0 16			0.01		-0.66		23.92		0.36388	1.3342	64.286058028	116.6634
3 7 5			0.0		-0.66		23.81		0.36397	1.0548	74.7470539899	89.5814
4 4 12			-0.01		-0.67		24.08		0.36371	1.9475	72.2035773977	130.2426
0 4 12			-0.02		-0.69		24.64		0.3634	1.4889	60.4300914167	161.7651
1 5 5			-0.01		-0.7		24.85		0.36354	1.8923	50.2743192378	127.3636