HKL Value		Reward		TotalReward	Chi Squared	Z Appr. 	Error	Two-Thetas	Sfs2
4 2 10			0.0		0.0		0.0		0.3	1.1102	57.0442200735	11.3144
4 6 0			0.0		0.0		0.04		0.38048	0.7863	67.1083315067	59.4729
0 6 6			-0.98		-0.98		2.1		0.35022	1.0147	60.183190367	40.9583
2 0 14			0.49		-0.49		1.41		0.35096	0.2634	58.6945218607	7.3942
0 2 18			0.25		-0.25		1.13		0.35249	0.3755	76.3208597895	3.7538
6 0 6			0.24		-0.01		0.91		0.35242	1.0815	60.1501886982	39.9969
1 7 1			-0.63		-0.64		2.47		0.3523	0.5219	65.7901743415	26.2984
0 6 8			0.13		-0.5		2.18		0.3526	0.7694	64.1950429677	5.6946
6 4 0			0.14		-0.36		1.91		0.3526	1.8287	67.0910631577	58.6803
0 6 2			-0.05		-0.41		2.01		0.35267	0.2356	55.3895592761	6.1752
2 4 14			0.05		-0.36		1.92		0.35314	0.5221	70.6383718296	19.4111
0 6 18			0.1		-0.26		1.74		0.35311	0.7949	98.0280769063	1.8601
4 6 2			-0.04		-0.31		1.83		0.35309	0.2349	67.657370766	5.5969
3 5 3			-0.56		-0.87		4.12		0.35281	0.9259	54.5093201099	87.7589
1 7 7			0.03		-0.84		4.0		0.35278	0.4353	72.3061031614	6.1143
0 4 8			-0.65		-1.49		11.57		0.36107	4.1351	47.9021960727	235.0989
2 4 10			0.03		-1.46		11.27		0.36045	0.607	57.0555982332	12.0937
9 1 1			0.03		-1.43		10.9		0.36024	0.8793	87.9915459652	19.6393
3 7 1			0.02		-1.41		10.65		0.36	1.2822	71.5694631273	22.2453
4 0 10			-0.05		-1.46		11.2		0.36337	0.6243	53.7713327333	45.2096
0 6 10			0.03		-1.42		10.87		0.36295	0.8527	69.1637693973	8.5049
6 4 2			0.04		-1.39		10.46		0.36301	0.2211	67.6401768609	4.8049
3 1 15			0.04		-1.35		10.1		0.36393	0.2871	67.3554895111	7.7692
6 4 6			0.04		-1.31		9.66		0.36342	0.9247	71.9614498967	41.9809
1 3 15			0.03		-1.27		9.37		0.36398	0.2862	67.3623786269	8.1809
2 0 10			-0.02		-1.29		9.53		0.36353	0.6169	42.9543880851	20.236
6 0 8			0.03		-1.26		9.27		0.36183	2.9234	64.163237895	5.3359
0 4 14			-0.07		-1.33		9.95		0.35953	1.2337	67.7597167724	121.3788
6 0 10			0.02		-1.31		9.75		0.35918	1.0728	69.1331306246	8.9056
1 1 9			0.04		-1.27		9.41		0.35911	0.2216	37.1193146943	1.1702
4 4 6			-0.38		-1.66		15.3		0.35473	4.3817	57.0116572758	400.3855
0 2 6			-0.02		-1.68		15.58		0.35364	1.1672	29.1471999487	131.5155
5 1 9			0.03		-1.64		15.09		0.35354	0.4583	58.9619928854	19.0838
1 3 1			-0.01		-1.65		15.19		0.35347	0.5324	28.3265170018	42.1271
0 6 12			0.02		-1.63		14.89		0.35496	0.3425	75.0250979777	1.887
2 2 14			-0.01		-1.64		15.08		0.35528	1.0835	61.7979105177	101.9829
2 0 16			0.02		-1.63		14.85		0.35546	0.5935	67.2372591268	11.8907
3 3 9			0.03		-1.6		14.46		0.35532	0.3816	52.4524123761	12.0632
3 1 3			-0.02		-1.62		14.68		0.35518	1.2003	30.3814370344	67.5761
3 3 15			0.02		-1.59		14.34		0.35504	0.3402	73.0835579415	3.8877
5 1 3			-0.02		-1.61		14.57		0.35488	0.9592	47.5591860667	88.1873
0 4 16			-0.02		-1.63		14.9		0.35747	1.5557	75.7704700384	94.8658
2 0 8			0.02		-1.61		14.54		0.35752	0.1665	35.7565424018	1.5727
6 2 10			-0.01		-1.62		14.76		0.35804	0.7103	71.9901825081	43.9921
4 4 10			-0.02		-1.64		15.02		0.3586	0.6886	66.23802526	47.6672
0 6 14			0.02		-1.62		14.73		0.35851	0.9096	81.7552219026	27.2955
1 1 15			0.0		-1.61		14.68		0.35895	0.656	61.3839959686	20.6242
0 0 20			-0.02		-1.63		14.9		0.36289	0.4542	83.3712939521	4.3689
4 2 14			0.02		-1.61		14.64		0.3628	1.2576	70.6282605877	19.9713
6 2 6			-0.18		-1.79		17.88		0.3623	3.9921	63.2107357729	344.5633
6 0 2			0.02		-1.77		17.56		0.36232	0.2214	55.354768557	5.4487
4 2 2			0.01		-1.76		17.35		0.36232	0.457	40.8620305525	12.2524
5 5 7			0.02		-1.74		17.04		0.36233	0.6639	72.2860687267	4.3062
4 4 4			-0.04		-1.78		17.68		0.3623	0.8476	53.9354251327	76.9211
7 3 1			0.01		-1.77		17.48		0.36229	0.5095	71.5359286583	22.1332
2 0 12			0.01		-1.76		17.27		0.36215	0.8079	50.6101057273	16.6151
0 2 14			0.02		-1.74		16.97		0.36218	0.2479	58.6982494177	6.3292
1 3 9			0.02		-1.72		16.7		0.36211	0.2622	45.3040218183	7.1674
3 1 9			0.01		-1.71		16.46		0.36203	0.36	45.2950695798	8.7768
2 4 2			0.01		-1.7		16.31		0.36203	0.3828	40.8766170199	13.2501
0 2 12			0.01		-1.69		16.15		0.3619	0.3827	50.6142203783	17.5707
2 4 8			0.01		-1.68		15.93		0.36178	0.1687	51.4325245866	2.4593
0 2 16			0.01		-1.66		15.7		0.36194	1.8687	67.2407114996	13.8307
4 4 0			-0.24		-1.9		20.63		0.36194	4.9852	51.3853572345	648.027
1 1 3			0.0		-1.9		20.55		0.36189	0.4514	16.9416048235	36.8187
5 3 9			0.01		-1.89		20.38		0.36177	0.4833	65.0662013285	20.8409
4 6 6			0.02		-1.87		20.07		0.36177	1.1903	71.9781772466	41.9784
1 3 13			0.01		-1.86		19.78		0.36185	0.3907	59.4200243294	11.5335
2 6 8			-0.05		-1.9		20.76		0.36216	4.3291	67.1483383839	218.3417
5 3 11			-0.02		-1.93		21.21		0.36222	1.8677	70.5420870211	204.0714
2 2 16			0.01		-1.92		21.04		0.36264	1.1693	70.1293332912	108.6018
0 0 10			0.0		-1.92		21.01		0.36279	0.8316	38.8438017949	41.7013
3 1 11			-0.06		-1.97		22.29		0.36284	2.3814	52.0481274199	292.2152
5 1 13			0.01		-1.96		21.98		0.36285	0.4567	71.2764535317	11.3258
3 5 9			0.01		-1.95		21.81		0.36276	0.4755	65.0802252419	19.5165
5 3 1			0.0		-1.95		21.71		0.36274	0.5252	53.2386121167	32.835
3 3 1			0.0		-1.94		21.6		0.36274	0.5106	38.1558496662	33.1617
2 4 12			0.01		-1.93		21.34		0.36269	0.2205	63.4791913795	4.8908
3 5 1			0.0		-1.93		21.24		0.36268	0.5283	53.2544885252	31.9012
5 1 1			0.01		-1.92		21.12		0.36268	0.5346	46.1701152	26.7419
2 2 10			0.0		-1.92		21.11		0.36282	0.6429	46.7739448495	44.8949
4 4 8			-0.04		-1.96		22.01		0.36307	3.9407	61.1479986878	218.5721
0 0 18			0.01		-1.95		21.81		0.36314	0.6609	73.530655613	37.988
3 1 13			0.01		-1.94		21.55		0.36316	0.3869	59.4126405656	11.7895
4 6 4			0.0		-1.93		21.44		0.36318	1.0731	69.291881243	33.3045
0 4 10			0.0		-1.93		21.4		0.36334	0.9893	53.7871001638	44.1425
2 4 6			0.01		-1.93		21.28		0.3632	0.785	46.7364348384	64.2552
1 5 5			-0.01		-1.94		21.57		0.3634	1.8923	50.2743192378	127.3636
1 5 1			0.0		-1.94		21.47		0.36338	0.4978	46.196563203	27.3004
4 2 8			0.01		-1.93		21.27		0.36327	0.7605	51.4203212226	2.5419
6 0 0			0.01		-1.92		21.09		0.36327	0.7256	54.7363985401	55.434
4 2 0			0.0		-1.91		20.99		0.36327	0.9287	40.0811891304	86.5118
3 3 13			0.01		-1.9		20.77		0.36321	0.5636	65.4922780779	9.1158
3 1 1			0.0		-1.9		20.75		0.3632	0.5239	28.3131072915	41.7464
1 1 1			-0.0		-1.9		20.8		0.36318	0.5749	13.0194761966	56.7652
0 0 14			0.0		-1.9		20.76		0.36301	0.8389	55.4890953336	74.9432
2 6 10			0.0		-1.9		20.74		0.36315	0.7069	72.0169435829	44.7171
2 2 0			-0.24		-2.14		27.23		0.36315	11.1953	25.0390113278	1035.9387
0 2 20			0.01		-2.13		26.95		0.36315	0.4494	86.0769303832	2.8517
6 0 4			0.0		-2.13		26.91		0.36318	0.7069	57.1830782131	42.6751
5 1 11			-0.01		-2.14		27.24		0.36319	3.2753	64.7131722767	203.727
0 6 16			0.01		-2.13		26.97		0.36314	0.4825	89.3859051251	7.6515