HKL Value		Reward		TotalReward	Chi Squared	Z Appr. 	Error	Two-Thetas	Sfs2
4 2 10			0.0		0.0		0.0		0.3	1.1102	57.0442200735	11.3144
4 6 0			0.0		0.0		0.04		0.38048	0.7863	67.1083315067	59.4729
0 6 12			-0.79		-0.79		0.2		0.38014	0.3425	75.0250979777	1.887
2 0 0			-0.99		-1.78		15.59		0.38014	2.02	17.6289686615	175.6782
0 6 6			0.17		-1.6		13.29		0.35712	1.0147	60.183190367	40.9583
0 2 18			0.23		-1.38		10.82		0.35669	0.3755	76.3208597895	3.7538
6 0 6			0.19		-1.19		9.13		0.35625	1.0815	60.1501886982	39.9969
0 6 8			0.17		-1.02		7.83		0.35621	0.7694	64.1950429677	5.6946
6 4 0			0.14		-0.88		6.85		0.35621	1.8287	67.0910631577	58.6803
0 6 2			0.07		-0.81		6.38		0.35628	0.2356	55.3895592761	6.1752
0 2 8			0.11		-0.7		5.76		0.35641	0.1155	35.7619852008	1.7384
2 4 10			0.0		-0.7		5.73		0.35612	0.607	57.0555982332	12.0937
4 6 2			0.05		-0.65		5.49		0.35611	0.2349	67.657370766	5.5969
9 1 1			0.01		-0.64		5.42		0.35602	0.8793	87.9915459652	19.6393
4 0 14			-0.23		-0.87		7.01		0.35637	1.986	67.7459682929	124.3248
2 2 6			-0.77		-1.63		29.99		0.35416	8.3224	34.2684003079	615.2447
2 4 14			0.06		-1.57		28.16		0.35426	0.5221	70.6383718296	19.4111
5 1 5			-0.06		-1.63		30.04		0.35516	1.1901	50.2495039981	127.1383
2 0 10			0.04		-1.59		28.96		0.355	0.6169	42.9543880851	20.236
0 6 10			0.05		-1.54		27.6		0.35492	0.8527	69.1637693973	8.5049
2 0 14			0.05		-1.49		26.23		0.35485	0.2634	58.6945218607	7.3942
3 1 15			0.04		-1.45		25.17		0.35463	0.2871	67.3554895111	7.7692
6 2 10			-0.0		-1.45		25.17		0.3549	0.7103	71.9901825081	43.9921
0 2 14			0.04		-1.4		24.11		0.35476	0.2479	58.6982494177	6.3292
4 0 10			-0.0		-1.41		24.21		0.35507	0.6243	53.7713327333	45.2096
0 0 20			-0.01		-1.42		24.56		0.36357	0.4542	83.3712939521	4.3689
6 4 2			0.04		-1.39		23.7		0.36357	0.2211	67.6401768609	4.8049
6 0 8			0.03		-1.35		22.95		0.36337	2.9234	64.163237895	5.3359
3 3 15			0.04		-1.32		22.15		0.36341	0.3402	73.0835579415	3.8877
6 0 10			0.03		-1.29		21.56		0.36338	1.0728	69.1331306246	8.9056
4 4 10			0.0		-1.29		21.53		0.36377	0.6886	66.23802526	47.6672
3 7 1			0.02		-1.27		21.05		0.36375	1.2822	71.5694631273	22.2453
1 3 15			0.03		-1.24		20.48		0.36381	0.2862	67.3623786269	8.1809
0 4 16			0.03		-1.21		19.91		0.36424	1.5557	75.7704700384	94.8658
2 0 16			0.03		-1.18		19.33		0.36416	0.5935	67.2372591268	11.8907
1 1 9			0.03		-1.15		18.78		0.36417	0.2216	37.1193146943	1.1702
1 3 9			0.02		-1.13		18.33		0.36407	0.2622	45.3040218183	7.1674
6 2 2			-0.09		-1.21		20.06		0.36421	3.3001	58.5687226088	135.1206
5 1 9			0.02		-1.2		19.73		0.364	0.4583	58.9619928854	19.0838
3 3 9			0.02		-1.18		19.36		0.36386	0.3816	52.4524123761	12.0632
6 0 12			0.03		-1.15		18.88		0.36386	0.5892	74.995462768	0.9301
1 1 15			0.01		-1.14		18.64		0.36394	0.656	61.3839959686	20.6242
1 1 13			0.02		-1.11		18.2		0.36388	0.3722	52.9310122384	10.9703
1 1 3			0.0		-1.11		18.15		0.36383	0.4514	16.9416048235	36.8187
5 5 7			0.02		-1.09		17.76		0.36384	0.6639	72.2860687267	4.3062
4 2 14			0.02		-1.07		17.42		0.3637	1.2576	70.6282605877	19.9713
0 2 0			-0.04		-1.11		18.08		0.36369	1.4407	17.6394681947	177.2483
7 3 1			0.01		-1.09		17.83		0.36368	0.5095	71.5359286583	22.1332
0 0 4			-0.03		-1.12		18.33		0.36365	0.8482	15.2869714585	59.1035
2 0 12			0.01		-1.11		18.11		0.3635	0.8079	50.6101057273	16.6151
4 2 2			0.01		-1.09		17.88		0.3635	0.457	40.8620305525	12.2524
6 0 2			0.02		-1.08		17.56		0.36353	0.2214	55.354768557	5.4487
0 2 16			0.02		-1.06		17.23		0.36362	1.8687	67.2407114996	13.8307
3 1 9			0.02		-1.04		16.97		0.36353	0.36	45.2950695798	8.7768
3 5 9			0.01		-1.03		16.84		0.36339	0.4755	65.0802252419	19.5165
0 0 22			0.02		-1.02		16.57		0.36341	2.2765	94.0325860765	137.6091
2 4 8			0.01		-1.0		16.35		0.36325	0.1687	51.4325245866	2.4593
0 0 10			-0.0		-1.01		16.37		0.36346	0.8316	38.8438017949	41.7013
2 4 2			0.01		-1.0		16.22		0.36348	0.3828	40.8766170199	13.2501
0 2 20			0.02		-0.98		15.95		0.36346	0.4494	86.0769303832	2.8517
5 3 9			0.01		-0.97		15.86		0.36334	0.4833	65.0662013285	20.8409
6 4 6			0.02		-0.96		15.6		0.36332	0.9247	71.9614498967	41.9809
3 1 13			0.02		-0.94		15.35		0.36333	0.3869	59.4126405656	11.7895
2 2 16			0.01		-0.93		15.21		0.3637	1.1693	70.1293332912	108.6018
4 6 6			0.02		-0.92		14.97		0.36368	1.1903	71.9781772466	41.9784
1 3 13			0.02		-0.9		14.74		0.36367	0.3907	59.4200243294	11.5335
2 2 10			-0.0		-0.9		14.81		0.36383	0.6429	46.7739448495	44.8949
0 2 12			0.01		-0.9		14.7		0.36374	0.3827	50.6142203783	17.5707
5 3 1			0.0		-0.9		14.7		0.36373	0.5252	53.2386121167	32.835
3 3 1			0.0		-0.9		14.69		0.36371	0.5106	38.1558496662	33.1617
5 1 13			0.01		-0.88		14.48		0.36369	0.4567	71.2764535317	11.3258
0 6 18			0.01		-0.87		14.28		0.36369	0.7949	98.0280769063	1.8601
0 0 14			-0.0		-0.87		14.34		0.36348	0.8389	55.4890953336	74.9432
2 4 12			0.01		-0.86		14.17		0.36344	0.2205	63.4791913795	4.8908
0 2 6			-0.02		-0.88		14.49		0.36323	1.1672	29.1471999487	131.5155
3 5 1			0.0		-0.88		14.48		0.36321	0.5283	53.2544885252	31.9012
5 1 1			0.0		-0.88		14.45		0.3632	0.5346	46.1701152	26.7419
7 1 1			0.0		-0.88		14.39		0.36319	0.5207	65.7483230412	25.2044
4 6 4			0.0		-0.87		14.37		0.36321	1.0731	69.291881243	33.3045
2 4 6			0.0		-0.87		14.33		0.36309	0.785	46.7364348384	64.2552
3 3 13			0.01		-0.86		14.15		0.36304	0.5636	65.4922780779	9.1158
0 4 10			-0.0		-0.86		14.21		0.36318	0.9893	53.7871001638	44.1425
1 7 1			0.0		-0.86		14.17		0.36317	0.5219	65.7901743415	26.2984
5 3 7			0.01		-0.85		14.02		0.36317	0.2523	60.5057581853	5.4388
2 2 4			-0.03		-0.88		14.45		0.36315	0.7551	29.4672289371	73.6026
0 6 14			0.01		-0.87		14.33		0.36307	0.9096	81.7552219026	27.2955
1 1 7			0.01		-0.86		14.18		0.36307	0.2012	29.7561292971	6.5386
1 5 1			0.0		-0.86		14.16		0.36307	0.4978	46.196563203	27.3004
3 1 1			-0.0		-0.86		14.22		0.36305	0.5239	28.3131072915	41.7464
1 5 9			0.01		-0.86		14.12		0.36296	0.4394	58.984264935	17.7365
4 2 8			0.01		-0.85		14.01		0.36286	0.7605	51.4203212226	2.5419
4 2 0			0.0		-0.85		13.99		0.36286	0.9287	40.0811891304	86.5118
0 0 16			0.0		-0.84		13.95		0.36321	1.3342	64.286058028	116.6634
0 2 2			-0.01		-0.85		14.09		0.36321	0.4614	19.2417464495	36.8131
6 0 0			0.01		-0.85		13.99		0.36321	0.7256	54.7363985401	55.434
1 3 1			-0.0		-0.85		14.05		0.3632	0.5324	28.3265170018	42.1271
2 6 10			-0.0		-0.85		14.1		0.36333	0.7069	72.0169435829	44.7171
0 0 18			0.01		-0.85		14.01		0.3634	0.6609	73.530655613	37.988
0 4 18			0.01		-0.84		13.87		0.36341	0.8369	84.5238780681	17.4513
2 6 0			-0.16		-1.0		16.51		0.36341	4.3567	58.0028534629	558.9791
0 2 10			0.0		-1.0		16.48		0.36339	0.4317	42.9590557724	21.0204
4 0 12			-0.04		-1.03		17.1		0.363	2.7435	60.4154589103	161.2613