HKL Value		Reward		TotalReward	Chi Squared	Z Appr. 	Error	Two-Thetas	Sfs2
3 5 5			0.0		0.0		0.0		0.3	1.2751	56.9624934876	133.7285
4 2 10			0.0		0.0		21.06		0.38331	1.1102	57.0442200735	11.3144
4 6 0			1.0		1.0		10.55		0.38331	0.7863	67.1083315067	59.4729
1 3 9			0.42		1.41		7.44		0.3837	0.2622	45.3040218183	7.1674
6 4 0			0.33		1.75		5.58		0.3837	1.8287	67.0910631577	58.6803
0 6 6			-0.38		1.37		8.94		0.3811	1.0147	60.183190367	40.9583
0 2 18			-0.0		1.37		8.96		0.37058	0.3755	76.3208597895	3.7538
1 1 13			0.08		1.44		8.33		0.36425	0.3722	52.9310122384	10.9703
6 0 6			0.07		1.51		7.8		0.36245	1.0815	60.1501886982	39.9969
0 6 8			0.1		1.61		7.11		0.36082	0.7694	64.1950429677	5.6946
2 0 14			0.11		1.72		6.41		0.36114	0.2634	58.6945218607	7.3942
4 4 2			-0.52		1.2		13.42		0.36236	1.2125	52.0311030722	128.6454
2 4 14			0.08		1.28		12.41		0.36157	0.5221	70.6383718296	19.4111
2 2 12			-0.25		1.03		16.6		0.35171	1.9766	54.0147953295	208.0279
6 0 8			0.07		1.1		15.45		0.35186	2.9234	64.163237895	5.3359
6 2 8			-0.3		0.8		22.03		0.35495	3.3751	67.1207225085	222.106
4 6 2			0.06		0.86		20.83		0.35494	0.2349	67.657370766	5.5969
0 6 2			0.05		0.91		19.76		0.35503	0.2356	55.3895592761	6.1752
6 4 2			0.05		0.96		18.78		0.35502	0.2211	67.6401768609	4.8049
3 1 15			0.04		1.01		17.99		0.3543	0.2871	67.3554895111	7.7692
3 3 15			0.05		1.06		17.14		0.35365	0.3402	73.0835579415	3.8877
2 4 10			0.04		1.09		16.56		0.35345	0.607	57.0555982332	12.0937
0 6 10			0.04		1.13		15.94		0.35331	0.8527	69.1637693973	8.5049
2 0 4			-0.14		0.99		18.54		0.35385	1.3874	23.4143586184	109.347
3 3 9			0.04		1.04		17.77		0.3538	0.3816	52.4524123761	12.0632
6 0 10			0.03		1.07		17.18		0.35367	1.0728	69.1331306246	8.9056
1 3 15			0.03		1.1		16.65		0.35306	0.2862	67.3623786269	8.1809
9 1 1			0.03		1.13		16.19		0.35299	0.8793	87.9915459652	19.6393
1 1 9			0.03		1.16		15.7		0.35405	0.2216	37.1193146943	1.1702
7 1 3			-0.02		1.14		16.06		0.35377	1.4031	66.8553232335	91.2915
0 2 14			0.03		1.17		15.55		0.35356	0.2479	58.6982494177	6.3292
2 0 10			0.01		1.18		15.38		0.35342	0.6169	42.9543880851	20.236
0 2 2			-0.02		1.16		15.71		0.35333	0.4614	19.2417464495	36.8131
6 0 2			0.03		1.19		15.3		0.35337	0.2214	55.354768557	5.4487
3 7 1			0.02		1.21		15.02		0.35331	1.2822	71.5694631273	22.2453
6 4 6			0.02		1.23		14.67		0.35377	0.9247	71.9614498967	41.9809
5 1 11			-0.1		1.14		16.22		0.35743	3.2753	64.7131722767	203.727
3 5 7			0.02		1.16		15.84		0.35743	0.2309	60.5203777188	5.6046
5 1 9			0.02		1.18		15.46		0.35642	0.4583	58.9619928854	19.0838
7 3 1			0.02		1.2		15.22		0.3563	0.5095	71.5359286583	22.1332
2 0 16			0.02		1.22		14.99		0.35772	0.5935	67.2372591268	11.8907
3 1 9			0.02		1.24		14.63		0.3571	0.36	45.2950695798	8.7768
5 3 9			0.02		1.26		14.38		0.35568	0.4833	65.0662013285	20.8409
4 2 0			0.0		1.26		14.34		0.35568	0.9287	40.0811891304	86.5118
1 5 9			0.02		1.28		14.03		0.35531	0.4394	58.984264935	17.7365
2 2 14			-0.01		1.27		14.18		0.35574	1.0835	61.7979105177	101.9829
4 0 8			-0.14		1.13		16.55		0.35842	2.9483	47.8850437629	244.3799
1 1 15			0.01		1.13		16.46		0.359	0.656	61.3839959686	20.6242
4 2 2			0.01		1.15		16.27		0.35903	0.457	40.8620305525	12.2524
0 2 20			0.02		1.17		15.96		0.35887	0.4494	86.0769303832	2.8517
4 6 6			0.02		1.19		15.65		0.35912	1.1903	71.9781772466	41.9784
2 0 12			0.02		1.2		15.39		0.35817	0.8079	50.6101057273	16.6151
0 2 12			0.02		1.22		15.14		0.35737	0.3827	50.6142203783	17.5707
4 2 14			0.02		1.24		14.86		0.35736	1.2576	70.6282605877	19.9713
2 4 2			0.01		1.25		14.74		0.35736	0.3828	40.8766170199	13.2501
7 1 7			0.02		1.26		14.5		0.35736	0.3505	72.2660298289	5.0526
0 6 12			0.02		1.28		14.25		0.35764	0.3425	75.0250979777	1.887
0 0 20			-0.02		1.26		14.54		0.36283	0.4542	83.3712939521	4.3689
2 4 8			0.01		1.27		14.36		0.36269	0.1687	51.4325245866	2.4593
0 4 16			0.01		1.29		14.17		0.36303	1.5557	75.7704700384	94.8658
6 2 10			-0.0		1.28		14.24		0.36323	0.7103	71.9901825081	43.9921
6 0 0			0.01		1.29		14.08		0.36322	0.7256	54.7363985401	55.434
0 4 0			-0.36		0.93		21.99		0.36322	6.137	35.7152072575	818.959
4 4 10			0.0		0.93		21.98		0.36344	0.6886	66.23802526	47.6672
1 3 5			-0.04		0.89		22.93		0.36375	3.1323	34.189462707	190.138
0 2 16			0.02		0.91		22.58		0.3638	1.8687	67.2407114996	13.8307
2 2 8			-0.05		0.86		23.73		0.3641	1.8488	40.1384116224	216.1995
2 4 12			0.01		0.87		23.41		0.36406	0.2205	63.4791913795	4.8908
0 0 18			0.01		0.88		23.13		0.36418	0.6609	73.530655613	37.988
3 3 1			0.01		0.89		23.0		0.36417	0.5106	38.1558496662	33.1617
3 3 13			0.01		0.9		22.68		0.36401	0.5636	65.4922780779	9.1158
4 2 8			0.01		0.91		22.43		0.36389	0.7605	51.4203212226	2.5419
4 0 10			0.0		0.92		22.37		0.36408	0.6243	53.7713327333	45.2096
7 3 5			0.01		0.92		22.23		0.36422	1.0496	74.7140851895	88.0788
6 2 4			-0.02		0.91		22.61		0.3642	0.8727	60.3342977717	77.9073
3 1 13			0.01		0.92		22.31		0.36416	0.3869	59.4126405656	11.7895
1 3 13			0.01		0.93		22.02		0.36412	0.3907	59.4200243294	11.5335
5 1 13			0.01		0.95		21.73		0.36406	0.4567	71.2764535317	11.3258
0 6 14			0.01		0.96		21.52		0.36395	0.9096	81.7552219026	27.2955
5 3 1			0.0		0.96		21.43		0.36394	0.5252	53.2386121167	32.835
0 4 4			-0.02		0.94		21.8		0.36392	0.8482	39.0545896029	78.0016
0 6 0			0.01		0.95		21.61		0.36392	1.4277	54.7714555341	59.4019
3 5 9			0.01		0.96		21.47		0.36383	0.4755	65.0802252419	19.5165
3 3 3			-0.0		0.96		21.51		0.36379	0.8081	39.7679129272	70.9373
2 2 16			0.01		0.97		21.32		0.36406	1.1693	70.1293332912	108.6018
1 5 1			0.01		0.97		21.21		0.36405	0.4978	46.196563203	27.3004
0 0 10			0.0		0.97		21.16		0.3642	0.8316	38.8438017949	41.7013
0 0 22			0.01		0.98		20.94		0.36417	2.2765	94.0325860765	137.6091
3 3 11			-0.03		0.95		21.65		0.36415	2.1204	58.6030846927	249.5822
5 1 1			0.01		0.96		21.54		0.36414	0.5346	46.1701152	26.7419
0 4 10			0.0		0.96		21.49		0.36428	0.9893	53.7871001638	44.1425
2 4 0			0.0		0.96		21.4		0.36428	1.4359	40.0960076051	88.2765
2 2 10			0.0		0.96		21.37		0.36443	0.6429	46.7739448495	44.8949
4 6 4			0.0		0.97		21.27		0.36444	1.0731	69.291881243	33.3045
2 6 10			0.0		0.97		21.22		0.36459	0.7069	72.0169435829	44.7171
0 2 8			0.01		0.98		21.0		0.36457	0.1155	35.7619852008	1.7384
0 6 16			0.01		0.99		20.8		0.36442	0.4825	89.3859051251	7.6515
2 4 6			0.0		1.0		20.72		0.36431	0.785	46.7364348384	64.2552
4 4 4			-0.02		0.98		21.03		0.36429	0.8476	53.9354251327	76.9211
4 2 12			0.01		0.99		20.84		0.36427	0.2244	63.468523569	4.7972
3 1 5			-0.03		0.96		21.41		0.36445	2.8985	34.1781376955	186.2389
0 0 16			0.01		0.97		21.25		0.36467	1.3342	64.286058028	116.6634