HKL Value		Reward		TotalReward	Chi Squared	Z Appr. 	Error	Two-Thetas	Sfs2
5 1 1			0.0		0.0		0.0		0.3	0.5346	46.1701152	26.7419
4 2 10			0.0		0.0		0.24		0.2197	1.1102	57.0442200735	11.3144
4 6 0			0.7		0.7		0.14		0.2197	0.7863	67.1083315067	59.4729
0 6 6			-0.98		-0.28		8.17		0.2166	1.0147	60.183190367	40.9583
0 0 20			0.33		0.05		6.13		0.21681	0.4542	83.3712939521	4.3689
4 2 8			0.22		0.27		5.03		0.21664	0.7605	51.4203212226	2.5419
0 0 18			-0.71		-0.45		17.61		0.21145	0.6609	73.530655613	37.988
1 5 7			0.15		-0.3		15.29		0.21145	0.6035	54.1236034243	4.2528
4 6 2			0.14		-0.15		13.38		0.21145	0.2349	67.657370766	5.5969
2 4 12			0.1		-0.05		12.14		0.21144	0.2205	63.4791913795	4.8908
0 4 8			-0.58		-0.63		28.7		0.21178	4.1351	47.9021960727	235.0989
4 4 4			0.1		-0.53		26.18		0.21182	0.8476	53.9354251327	76.9211
1 1 11			-0.46		-0.99		48.09		0.21121	2.144	44.8525636461	378.5934
6 2 4			0.08		-0.91		44.43		0.21123	0.8727	60.3342977717	77.9073
1 7 3			-0.05		-0.95		46.52		0.21124	0.9932	66.8968211493	90.2271
0 2 18			-0.0		-0.95		46.67		0.2092	0.3755	76.3208597895	3.7538
2 2 0			-0.45		-1.4		84.36		0.2092	11.1953	25.0390113278	1035.9387