HKL Value		Reward		TotalReward	Chi Squared	Z Appr. 	Error	Two-Thetas	Sfs2
5 1 7			0.0		0.0		0.0		0.3	0.2609	54.1000446603	4.252
0 0 20			0.0		0.0		0.64		0.33361	0.4542	83.3712939521	4.3689
6 0 6			-0.55		-0.55		1.44		0.33362	1.0815	60.1501886982	39.9969
4 6 0			0.48		-0.08		0.97		0.33362	0.7863	67.1083315067	59.4729
0 6 6			-0.18		-0.26		1.19		0.33363	1.0147	60.183190367	40.9583
6 2 10			-0.62		-0.88		3.11		0.32849	0.7103	71.9901825081	43.9921
1 3 9			-0.55		-1.42		6.85		0.3235	0.2622	45.3040218183	7.1674
4 2 10			0.13		-1.29		6.05		0.32278	1.1102	57.0442200735	11.3144
0 6 8			0.13		-1.16		5.37		0.32305	0.7694	64.1950429677	5.6946
4 4 10			0.1		-1.06		4.87		0.32243	0.6886	66.23802526	47.6672
3 1 9			-0.1		-1.16		5.44		0.32105	0.36	45.2950695798	8.7768
0 6 2			0.05		-1.12		5.19		0.32103	0.2356	55.3895592761	6.1752
4 4 12			0.09		-1.03		4.77		0.32119	1.9475	72.2035773977	130.2426
0 4 16			0.08		-0.94		4.4		0.32118	1.5557	75.7704700384	94.8658
2 0 10			-0.0		-0.95		4.41		0.32077	0.6169	42.9543880851	20.236
2 4 14			0.04		-0.91		4.25		0.32079	0.5221	70.6383718296	19.4111
9 1 1			0.04		-0.87		4.1		0.32076	0.8793	87.9915459652	19.6393
2 4 10			0.06		-0.82		3.88		0.32064	0.607	57.0555982332	12.0937
4 0 2			-0.59		-1.41		9.56		0.32075	1.7854	36.5531212028	138.5255
0 6 10			0.05		-1.35		9.06		0.32083	0.8527	69.1637693973	8.5049
1 1 15			0.03		-1.33		8.81		0.3213	0.656	61.3839959686	20.6242
6 4 2			0.05		-1.28		8.42		0.32128	0.2211	67.6401768609	4.8049
2 0 16			0.04		-1.24		8.11		0.32168	0.5935	67.2372591268	11.8907
5 5 3			-0.06		-1.3		8.59		0.32172	0.8107	66.8760743485	64.1048
5 1 9			0.02		-1.28		8.43		0.3214	0.4583	58.9619928854	19.0838
6 4 0			0.04		-1.24		8.09		0.3214	1.8287	67.0910631577	58.6803
1 1 9			-0.07		-1.3		8.69		0.32035	0.2216	37.1193146943	1.1702
4 6 2			0.03		-1.27		8.4		0.32033	0.2349	67.657370766	5.5969
6 0 10			0.04		-1.23		8.1		0.3204	1.0728	69.1331306246	8.9056
2 4 8			-0.04		-1.28		8.45		0.3208	0.1687	51.4325245866	2.4593
0 4 4			-0.05		-1.33		8.93		0.32058	0.8482	39.0545896029	78.0016
5 1 13			-0.04		-1.37		9.35		0.32197	0.4567	71.2764535317	11.3258