HKL Value		Reward		TotalReward	Chi Squared	Z Appr. 	Error	Two-Thetas	Sfs2
4 2 10			0.0		0.0		0.0		0.3	1.1102	57.0442200735	11.3144
0 0 12			0.0		0.0		20.51		0.41795	3.2426	47.0346015839	274.3783
4 6 6			-0.19		-0.19		25.19		0.41799	1.1903	71.9781772466	41.9784
0 2 18			0.46		0.27		17.25		0.4181	0.3755	76.3208597895	3.7538
4 6 0			0.33		0.61		12.94		0.4181	0.7863	67.1083315067	59.4729
3 1 7			-0.72		-0.11		45.87		0.40408	0.257	39.2655360855	5.205
0 0 20			-0.12		-0.23		52.11		0.41187	0.4542	83.3712939521	4.3689
6 4 2			0.17		-0.06		44.68		0.41186	0.2211	67.6401768609	4.8049
6 0 6			0.04		-0.02		42.82		0.41186	1.0815	60.1501886982	39.9969
0 6 12			-0.29		-0.31		60.02		0.40836	0.3425	75.0250979777	1.887
0 6 6			0.05		-0.26		57.08		0.40836	1.0147	60.183190367	40.9583
0 6 8			0.09		-0.16		52.15		0.40836	0.7694	64.1950429677	5.6946
2 4 10			0.07		-0.09		48.84		0.40874	0.607	57.0555982332	12.0937
0 6 2			0.08		-0.01		45.17		0.40871	0.2356	55.3895592761	6.1752
2 0 10			0.07		0.06		42.04		0.40878	0.6169	42.9543880851	20.236
6 4 0			0.07		0.13		39.23		0.40878	1.8287	67.0910631577	58.6803
9 1 1			0.05		0.19		37.3		0.40878	0.8793	87.9915459652	19.6393
3 1 11			-0.25		-0.06		49.72		0.40878	2.3814	52.0481274199	292.2152
0 6 10			0.03		-0.04		48.32		0.40944	0.8527	69.1637693973	8.5049
2 6 8			-0.1		-0.13		53.67		0.40888	4.3291	67.1483383839	218.3417
5 5 7			-0.11		-0.25		60.64		0.40494	0.6639	72.2860687267	4.3062
4 4 10			0.03		-0.22		58.9		0.40558	0.6886	66.23802526	47.6672
6 2 10			0.02		-0.2		57.63		0.40627	0.7103	71.9901825081	43.9921
4 6 2			0.05		-0.15		55.13		0.40631	0.2349	67.657370766	5.5969
2 2 16			-0.01		-0.16		55.68		0.40632	1.1693	70.1293332912	108.6018
2 4 14			0.03		-0.13		53.9		0.40609	0.5221	70.6383718296	19.4111
4 0 10			0.02		-0.11		52.88		0.40681	0.6243	53.7713327333	45.2096
0 4 16			-0.0		-0.11		53.04		0.40685	1.5557	75.7704700384	94.8658
3 7 1			0.03		-0.08		51.5		0.40685	1.2822	71.5694631273	22.2453
6 0 10			0.02		-0.07		50.69		0.40772	1.0728	69.1331306246	8.9056
3 1 15			0.02		-0.04		49.53		0.40895	0.2871	67.3554895111	7.7692
6 0 8			0.03		-0.01		48.02		0.40895	2.9234	64.163237895	5.3359
5 1 9			0.02		0.01		46.86		0.40907	0.4583	58.9619928854	19.0838
2 0 16			0.03		0.04		45.57		0.40903	0.5935	67.2372591268	11.8907
3 5 9			0.02		0.06		44.6		0.40905	0.4755	65.0802252419	19.5165
2 0 14			0.03		0.09		43.41		0.40894	0.2634	58.6945218607	7.3942
3 5 7			2.08		2.16		14.12		0.365	0.2309	60.5203777188	5.6046
0 2 20			0.03		2.19		13.76		0.36463	0.4494	86.0769303832	2.8517
1 3 15			0.02		2.21		13.47		0.36466	0.2862	67.3623786269	8.1809
1 1 15			0.01		2.22		13.35		0.36471	0.656	61.3839959686	20.6242
4 4 4			-0.07		2.15		14.31		0.36468	0.8476	53.9354251327	76.9211
0 4 8			-0.12		2.03		16.3		0.36503	4.1351	47.9021960727	235.0989
7 3 1			0.01		2.05		16.08		0.36502	0.5095	71.5359286583	22.1332
3 3 9			0.02		2.06		15.84		0.36493	0.3816	52.4524123761	12.0632
1 1 13			0.02		2.08		15.49		0.36477	0.3722	52.9310122384	10.9703
1 3 9			0.02		2.1		15.21		0.36471	0.2622	45.3040218183	7.1674
1 1 9			0.02		2.12		14.89		0.36471	0.2216	37.1193146943	1.1702
1 5 13			0.02		2.15		14.57		0.36466	1.1973	71.2966048402	12.6128
2 0 12			0.01		2.15		14.43		0.36455	0.8079	50.6101057273	16.6151
0 2 16			0.02		2.18		14.14		0.36455	1.8687	67.2407114996	13.8307
4 2 14			0.02		2.19		13.92		0.36443	1.2576	70.6282605877	19.9713
2 4 8			0.01		2.2		13.75		0.3643	0.1687	51.4325245866	2.4593
4 2 2			0.01		2.21		13.62		0.3643	0.457	40.8620305525	12.2524
4 4 0			-0.3		1.91		19.52		0.3643	4.9852	51.3853572345	648.027
0 0 10			0.0		1.91		19.46		0.36449	0.8316	38.8438017949	41.7013
1 5 1			0.01		1.92		19.33		0.36448	0.4978	46.196563203	27.3004
3 3 15			0.02		1.94		18.99		0.3645	0.3402	73.0835579415	3.8877
6 0 2			0.02		1.95		18.69		0.36451	0.2214	55.354768557	5.4487
3 1 9			0.01		1.97		18.43		0.36445	0.36	45.2950695798	8.7768
3 5 1			0.0		1.97		18.35		0.36443	0.5283	53.2544885252	31.9012
5 1 13			0.02		1.99		18.05		0.36435	0.4567	71.2764535317	11.3258
1 3 1			-0.0		1.99		18.08		0.36434	0.5324	28.3265170018	42.1271
3 3 1			0.0		1.99		18.01		0.36432	0.5106	38.1558496662	33.1617
6 0 4			-0.0		1.99		18.09		0.36434	0.7069	57.1830782131	42.6751
5 3 9			0.01		1.99		17.98		0.36425	0.4833	65.0662013285	20.8409
4 4 12			-0.03		1.97		18.48		0.36384	1.9475	72.2035773977	130.2426
6 0 0			0.01		1.98		18.27		0.36384	0.7256	54.7363985401	55.434
2 2 10			-0.0		1.98		18.28		0.36402	0.6429	46.7739448495	44.8949
2 4 2			0.01		1.99		18.12		0.36402	0.3828	40.8766170199	13.2501
0 2 14			0.01		2.0		17.86		0.36402	0.2479	58.6982494177	6.3292
2 2 4			-0.03		1.98		18.33		0.36401	0.7551	29.4672289371	73.6026
2 4 12			0.01		1.99		18.1		0.36398	0.2205	63.4791913795	4.8908
4 2 8			0.01		2.0		17.91		0.36385	0.7605	51.4203212226	2.5419
6 4 6			0.01		2.01		17.66		0.36382	0.9247	71.9614498967	41.9809
2 6 10			-0.0		2.01		17.66		0.36401	0.7069	72.0169435829	44.7171
0 6 4			-0.0		2.01		17.74		0.36403	0.6675	57.2171401797	42.9768
5 3 1			0.0		2.01		17.69		0.36402	0.5252	53.2386121167	32.835
2 6 4			-0.02		1.99		18.12		0.36399	0.8772	60.3635846112	78.02
3 1 1			-0.0		1.99		18.14		0.36397	0.5239	28.3131072915	41.7464
4 6 4			0.0		1.99		18.07		0.36399	1.0731	69.291881243	33.3045
5 1 1			0.0		1.99		17.99		0.36398	0.5346	46.1701152	26.7419
0 6 16			0.01		2.01		17.78		0.36384	0.4825	89.3859051251	7.6515
0 4 10			0.0		2.01		17.77		0.36401	0.9893	53.7871001638	44.1425
0 2 12			0.01		2.01		17.66		0.36392	0.3827	50.6142203783	17.5707
4 0 2			-0.04		1.97		18.48		0.36399	1.7854	36.5531212028	138.5255
7 1 5			-0.0		1.97		18.54		0.36415	1.5264	69.0427278305	98.726
2 6 6			-0.09		1.87		20.41		0.36375	5.383	63.2392339525	346.2148