HKL Value		Reward		TotalReward	Chi Squared	Z Appr. 	Error	Two-Thetas	Sfs2
4 2 10			0.0		0.0		0.0		0.3	1.1102	57.0442200735	11.3144
4 6 0			0.0		0.0		0.04		0.38048	0.7863	67.1083315067	59.4729
0 2 18			-0.99		-0.99		2.91		0.37005	0.3755	76.3208597895	3.7538
6 0 6			0.98		-0.01		1.48		0.35268	1.0815	60.1501886982	39.9969
0 6 6			0.3		0.29		1.13		0.35252	1.0147	60.183190367	40.9583
0 6 8			0.15		0.44		0.99		0.35288	0.7694	64.1950429677	5.6946
6 4 0			0.2		0.64		0.82		0.35288	1.8287	67.0910631577	58.6803
2 0 14			0.15		0.79		0.72		0.35273	0.2634	58.6945218607	7.3942
1 1 17			-0.92		-0.13		8.52		0.35284	2.447	70.2810461715	248.4175
0 0 8			-0.58		-0.71		20.36		0.35476	2.1948	30.8548203523	183.9052
2 4 14			0.11		-0.6		18.39		0.3549	0.5221	70.6383718296	19.4111
0 6 2			0.08		-0.52		16.96		0.35495	0.2356	55.3895592761	6.1752
4 6 2			0.08		-0.44		15.77		0.35495	0.2349	67.657370766	5.5969
0 4 0			-0.7		-1.15		53.37		0.35495	6.137	35.7152072575	818.959
2 4 10			0.07		-1.08		49.92		0.35478	0.607	57.0555982332	12.0937
6 4 2			0.07		-1.01		46.75		0.35478	0.2211	67.6401768609	4.8049
9 1 1			0.06		-0.95		44.11		0.3547	0.8793	87.9915459652	19.6393
6 0 8			0.06		-0.89		41.51		0.35475	2.9234	64.163237895	5.3359
2 0 10			0.04		-0.84		39.8		0.35457	0.6169	42.9543880851	20.236
0 6 10			0.05		-0.79		37.86		0.35446	0.8527	69.1637693973	8.5049
3 1 15			0.05		-0.74		36.15		0.35411	0.2871	67.3554895111	7.7692
6 0 10			0.05		-0.7		34.57		0.35401	1.0728	69.1331306246	8.9056
1 3 3			0.02		-0.68		33.98		0.35383	0.7045	30.3940112777	66.1614
1 1 9			0.04		-0.64		32.58		0.35445	0.2216	37.1193146943	1.1702
5 1 9			0.04		-0.6		31.23		0.35427	0.4583	58.9619928854	19.0838
3 3 9			0.04		-0.55		29.98		0.35421	0.3816	52.4524123761	12.0632
3 7 1			0.03		-0.52		29.06		0.35416	1.2822	71.5694631273	22.2453
0 0 20			-0.05		-0.57		30.44		0.36213	0.4542	83.3712939521	4.3689
3 3 15			0.04		-0.53		29.38		0.36216	0.3402	73.0835579415	3.8877
2 0 16			0.04		-0.5		28.39		0.36229	0.5935	67.2372591268	11.8907
1 3 15			0.03		-0.47		27.54		0.36235	0.2862	67.3623786269	8.1809
6 0 2			0.03		-0.43		26.71		0.36237	0.2214	55.354768557	5.4487
0 6 12			0.03		-0.4		25.89		0.36234	0.3425	75.0250979777	1.887
4 0 10			0.01		-0.4		25.71		0.36258	0.6243	53.7713327333	45.2096
7 1 7			0.03		-0.37		25.01		0.36259	0.3505	72.2660298289	5.0526
6 2 10			0.01		-0.36		24.83		0.36285	0.7103	71.9901825081	43.9921
4 4 10			0.0		-0.36		24.74		0.36316	0.6886	66.23802526	47.6672
2 4 0			0.01		-0.35		24.44		0.36316	1.4359	40.0960076051	88.2765
3 1 13			0.03		-0.32		23.8		0.36319	0.3869	59.4126405656	11.7895
0 4 16			0.02		-0.29		23.26		0.36358	1.5557	75.7704700384	94.8658
1 1 15			0.02		-0.28		22.91		0.36366	0.656	61.3839959686	20.6242
0 2 14			0.02		-0.25		22.35		0.36367	0.2479	58.6982494177	6.3292
7 3 1			0.02		-0.24		21.97		0.36366	0.5095	71.5359286583	22.1332
4 2 2			0.02		-0.22		21.63		0.36367	0.457	40.8620305525	12.2524
2 0 12			0.02		-0.21		21.3		0.36351	0.8079	50.6101057273	16.6151
3 5 7			0.02		-0.19		20.87		0.36353	0.2309	60.5203777188	5.6046
2 4 2			0.01		-0.17		20.58		0.36354	0.3828	40.8766170199	13.2501
1 3 9			0.02		-0.15		20.19		0.36346	0.2622	45.3040218183	7.1674
3 1 9			0.02		-0.13		19.84		0.36336	0.36	45.2950695798	8.7768
6 4 6			0.02		-0.11		19.44		0.36334	0.9247	71.9614498967	41.9809
4 6 6			0.02		-0.09		19.05		0.36331	1.1903	71.9781772466	41.9784
0 2 12			0.01		-0.08		18.83		0.36316	0.3827	50.6142203783	17.5707
5 3 9			0.01		-0.07		18.67		0.363	0.4833	65.0662013285	20.8409
0 0 18			0.01		-0.06		18.42		0.36311	0.6609	73.530655613	37.988
5 5 5			-0.0		-0.06		18.43		0.36335	1.5862	69.0631626084	104.8873
0 2 16			0.02		-0.04		18.1		0.36346	1.8687	67.2407114996	13.8307
4 2 14			0.02		-0.03		17.82		0.36334	1.2576	70.6282605877	19.9713
5 3 5			-0.02		-0.05		18.27		0.36364	2.2247	56.9473208346	134.0256
2 4 8			0.01		-0.04		18.03		0.36347	0.1687	51.4325245866	2.4593
0 0 10			0.0		-0.04		18.02		0.36371	0.8316	38.8438017949	41.7013
1 3 13			0.02		-0.02		17.72		0.36369	0.3907	59.4200243294	11.5335
2 2 10			-0.0		-0.02		17.74		0.36393	0.6429	46.7739448495	44.8949
5 1 13			0.02		-0.0		17.46		0.36388	0.4567	71.2764535317	11.3258
3 5 9			0.01		0.0		17.34		0.36375	0.4755	65.0802252419	19.5165
2 4 12			0.01		0.02		17.09		0.36371	0.2205	63.4791913795	4.8908
2 2 16			0.01		0.03		16.91		0.36411	1.1693	70.1293332912	108.6018
5 3 1			0.0		0.03		16.87		0.3641	0.5252	53.2386121167	32.835
6 0 0			0.01		0.04		16.69		0.3641	0.7256	54.7363985401	55.434
5 1 1			0.0		0.04		16.62		0.36408	0.5346	46.1701152	26.7419
3 1 7			0.01		0.06		16.4		0.36409	0.257	39.2655360855	5.205
3 3 1			0.0		0.06		16.36		0.36408	0.5106	38.1558496662	33.1617
2 4 6			0.0		0.06		16.3		0.3639	0.785	46.7364348384	64.2552
4 2 0			0.0		0.07		16.25		0.3639	0.9287	40.0811891304	86.5118
1 7 7			0.01		0.08		16.06		0.36391	0.4353	72.3061031614	6.1143
4 2 8			0.01		0.09		15.91		0.36377	0.7605	51.4203212226	2.5419
1 5 1			0.0		0.09		15.86		0.36376	0.4978	46.196563203	27.3004
0 4 10			-0.0		0.09		15.88		0.36396	0.9893	53.7871001638	44.1425
0 6 14			0.01		0.1		15.73		0.36382	0.9096	81.7552219026	27.2955
3 1 11			-0.07		0.03		16.98		0.36382	2.3814	52.0481274199	292.2152
2 0 6			-0.01		0.01		17.23		0.36355	1.6278	29.1406672869	128.8477
3 3 13			0.01		0.02		17.02		0.36346	0.5636	65.4922780779	9.1158
1 3 11			-0.07		-0.04		18.27		0.36346	2.4293	52.0561920156	298.4303
2 6 10			0.0		-0.04		18.27		0.36363	0.7069	72.0169435829	44.7171
4 6 4			0.0		-0.04		18.2		0.36365	1.0731	69.291881243	33.3045
4 4 8			-0.05		-0.09		19.08		0.3639	3.9407	61.1479986878	218.5721
0 2 20			0.01		-0.08		18.86		0.36385	0.4494	86.0769303832	2.8517
1 7 1			0.0		-0.07		18.77		0.36384	0.5219	65.7901743415	26.2984
6 2 2			-0.04		-0.11		19.5		0.3639	3.3001	58.5687226088	135.1206
7 1 1			0.01		-0.1		19.4		0.36389	0.5207	65.7483230412	25.2044
6 4 4			0.0		-0.1		19.33		0.36391	0.6669	69.2748711385	33.991
0 4 2			-0.04		-0.14		20.07		0.36397	3.2657	36.5744795411	137.7475
3 7 5			0.0		-0.13		19.99		0.36409	1.0548	74.7470539899	89.5814
0 0 4			-0.01		-0.14		20.23		0.36408	0.8482	15.2869714585	59.1035
3 1 1			0.0		-0.14		20.22		0.36407	0.5239	28.3131072915	41.7464
1 3 7			0.01		-0.13		20.02		0.36407	0.1893	39.2755843192	5.3372
1 1 3			0.0		-0.13		19.98		0.36405	0.4514	16.9416048235	36.8187
2 2 4			-0.02		-0.15		20.3		0.36403	0.7551	29.4672289371	73.6026
4 2 12			0.01		-0.14		20.11		0.364	0.2244	63.468523569	4.7972
0 2 10			0.0		-0.13		20.05		0.36398	0.4317	42.9590557724	21.0204
4 4 12			-0.01		-0.15		20.34		0.36363	1.9475	72.2035773977	130.2426
0 6 18			0.01		-0.14		20.15		0.36363	0.7949	98.0280769063	1.8601
0 0 16			0.01		-0.13		20.03		0.36396	1.3342	64.286058028	116.6634