HKL Value		Reward		TotalReward	Chi Squared	Z Appr. 	Error	Two-Thetas	Sfs2
4 2 10			0.0		0.0		0.0		0.3	1.1102	57.0442200735	11.3144
4 6 0			0.0		0.0		0.04		0.38048	0.7863	67.1083315067	59.4729
6 0 6			-0.98		-0.98		2.11		0.35067	1.0815	60.1501886982	39.9969
0 6 6			0.5		-0.48		1.41		0.35059	1.0147	60.183190367	40.9583
2 0 10			-0.61		-1.09		3.57		0.35041	0.6169	42.9543880851	20.236
0 2 18			0.21		-0.88		2.95		0.35235	0.3755	76.3208597895	3.7538
3 5 11			-0.78		-1.65		13.21		0.35869	1.8915	70.5555824797	206.4699
6 4 0			0.17		-1.49		11.32		0.35869	1.8287	67.0910631577	58.6803
0 6 8			0.14		-1.35		9.95		0.35813	0.7694	64.1950429677	5.6946
1 3 9			0.12		-1.23		8.86		0.35775	0.2622	45.3040218183	7.1674
2 0 14			0.1		-1.12		8.02		0.35782	0.2634	58.6945218607	7.3942
2 4 14			0.09		-1.03		7.34		0.35777	0.5221	70.6383718296	19.4111
4 6 2			0.05		-0.97		6.95		0.35776	0.2349	67.657370766	5.5969
6 0 8			0.08		-0.89		6.44		0.35742	2.9234	64.163237895	5.3359
0 6 2			0.05		-0.85		6.16		0.35751	0.2356	55.3895592761	6.1752
0 6 4			-0.17		-1.01		7.37		0.35784	0.6675	57.2171401797	42.9768
6 4 2			0.05		-0.97		7.05		0.35784	0.2211	67.6401768609	4.8049
3 1 15			0.03		-0.94		6.88		0.35811	0.2871	67.3554895111	7.7692
0 6 10			0.03		-0.91		6.7		0.35774	0.8527	69.1637693973	8.5049
1 5 7			0.04		-0.87		6.42		0.35774	0.6035	54.1236034243	4.2528
2 4 10			0.0		-0.87		6.39		0.35732	0.607	57.0555982332	12.0937
3 3 15			0.04		-0.83		6.17		0.35737	0.3402	73.0835579415	3.8877
6 0 10			0.02		-0.81		6.05		0.35693	1.0728	69.1331306246	8.9056
3 3 9			0.04		-0.77		5.82		0.35618	0.3816	52.4524123761	12.0632
9 1 1			0.01		-0.76		5.77		0.35605	0.8793	87.9915459652	19.6393
1 3 15			0.01		-0.75		5.72		0.35579	0.2862	67.3623786269	8.1809
1 1 9			0.04		-0.72		5.51		0.35645	0.2216	37.1193146943	1.1702
0 2 22			-0.13		-0.84		6.33		0.36051	1.8317	96.7387030121	97.213
0 0 2			-0.27		-1.12		8.67		0.36075	1.161	7.62646333295	98.931
6 0 2			0.03		-1.09		8.43		0.3608	0.2214	55.354768557	5.4487
6 4 6			0.03		-1.05		8.16		0.36086	0.9247	71.9614498967	41.9809
0 2 14			0.03		-1.02		7.91		0.36101	0.2479	58.6982494177	6.3292
3 7 1			0.01		-1.02		7.86		0.36095	1.2822	71.5694631273	22.2453
2 0 16			0.03		-0.99		7.67		0.36155	0.5935	67.2372591268	11.8907
5 1 9			0.01		-0.98		7.59		0.36104	0.4583	58.9619928854	19.0838
1 1 15			-0.01		-0.99		7.68		0.36139	0.656	61.3839959686	20.6242
0 2 16			0.02		-0.97		7.51		0.36195	1.8687	67.2407114996	13.8307
3 1 9			0.02		-0.95		7.38		0.3617	0.36	45.2950695798	8.7768
4 2 2			0.0		-0.95		7.37		0.36173	0.457	40.8620305525	12.2524
7 1 5			-0.06		-1.01		7.86		0.36232	1.5264	69.0427278305	98.726
4 2 14			0.02		-0.99		7.7		0.36211	1.2576	70.6282605877	19.9713
7 3 1			0.0		-0.99		7.67		0.36208	0.5095	71.5359286583	22.1332
0 4 2			-0.2		-1.19		9.56		0.36232	3.2657	36.5744795411	137.7475
2 4 2			0.0		-1.18		9.52		0.36235	0.3828	40.8766170199	13.2501
4 6 6			0.02		-1.16		9.3		0.36232	1.1903	71.9781772466	41.9784
5 1 3			-0.04		-1.2		9.68		0.36216	0.9592	47.5591860667	88.1873
2 0 12			0.01		-1.19		9.59		0.36179	0.8079	50.6101057273	16.6151
0 4 4			-0.08		-1.27		10.47		0.36168	0.8482	39.0545896029	78.0016
0 2 12			0.01		-1.26		10.37		0.36123	0.3827	50.6142203783	17.5707
0 6 12			0.02		-1.24		10.17		0.36115	0.3425	75.0250979777	1.887
1 1 11			-0.23		-1.47		13.2		0.3616	2.144	44.8525636461	378.5934
6 2 10			-0.01		-1.48		13.33		0.36204	0.7103	71.9901825081	43.9921
1 1 7			0.02		-1.46		13.1		0.36206	0.2012	29.7561292971	6.5386
0 2 20			0.02		-1.45		12.86		0.36223	0.4494	86.0769303832	2.8517
0 4 16			0.01		-1.43		12.7		0.36292	1.5557	75.7704700384	94.8658
1 1 5			-0.12		-1.56		14.47		0.36349	1.9661	22.8949597146	247.5537
2 4 8			0.01		-1.54		14.29		0.36327	0.1687	51.4325245866	2.4593
4 0 10			-0.01		-1.55		14.37		0.36359	0.6243	53.7713327333	45.2096
0 0 20			0.01		-1.54		14.2		0.36435	0.4542	83.3712939521	4.3689
0 0 4			-0.03		-1.57		14.67		0.36433	0.8482	15.2869714585	59.1035
0 2 2			-0.01		-1.58		14.87		0.36433	0.4614	19.2417464495	36.8131
6 0 12			0.02		-1.57		14.63		0.36433	0.5892	74.995462768	0.9301
4 4 10			-0.01		-1.57		14.71		0.36453	0.6886	66.23802526	47.6672
5 3 9			0.0		-1.57		14.66		0.36443	0.4833	65.0662013285	20.8409
5 5 7			0.01		-1.55		14.44		0.36444	0.6639	72.2860687267	4.3062
6 0 0			0.01		-1.54		14.29		0.36444	0.7256	54.7363985401	55.434
2 4 12			0.01		-1.53		14.11		0.36441	0.2205	63.4791913795	4.8908
5 1 13			0.01		-1.51		13.9		0.36433	0.4567	71.2764535317	11.3258
4 2 12			0.01		-1.5		13.72		0.36429	0.2244	63.468523569	4.7972
3 3 1			-0.0		-1.5		13.73		0.36428	0.5106	38.1558496662	33.1617
2 0 8			0.01		-1.49		13.54		0.36425	0.1665	35.7565424018	1.5727
4 2 8			0.01		-1.48		13.41		0.36413	0.7605	51.4203212226	2.5419
3 1 13			0.01		-1.46		13.23		0.36409	0.3869	59.4126405656	11.7895
1 3 13			0.01		-1.45		13.05		0.36405	0.3907	59.4200243294	11.5335
0 6 14			0.01		-1.44		12.94		0.36394	0.9096	81.7552219026	27.2955
3 7 3			-0.01		-1.45		13.08		0.36389	0.8954	72.6346668965	71.6226
4 0 8			-0.08		-1.54		14.29		0.36413	2.9483	47.8850437629	244.3799
5 1 1			0.0		-1.54		14.26		0.36412	0.5346	46.1701152	26.7419
2 2 16			0.01		-1.53		14.14		0.36437	1.1693	70.1293332912	108.6018
2 0 6			-0.02		-1.55		14.44		0.36417	1.6278	29.1406672869	128.8477
3 5 9			0.0		-1.54		14.39		0.3641	0.4755	65.0802252419	19.5165
1 5 9			0.01		-1.54		14.29		0.36399	0.4394	58.984264935	17.7365
0 0 18			0.01		-1.53		14.18		0.3641	0.6609	73.530655613	37.988
1 5 1			0.0		-1.53		14.15		0.36408	0.4978	46.196563203	27.3004
0 0 22			0.01		-1.52		14.01		0.36406	2.2765	94.0325860765	137.6091
0 0 10			-0.0		-1.52		14.04		0.36421	0.8316	38.8438017949	41.7013
5 3 3			-0.02		-1.54		14.32		0.36416	0.9351	54.4936931553	89.9375
3 3 13			0.01		-1.53		14.16		0.36405	0.5636	65.4922780779	9.1158
2 4 6			0.0		-1.53		14.14		0.36394	0.785	46.7364348384	64.2552
4 4 8			-0.06		-1.58		15.01		0.36413	3.9407	61.1479986878	218.5721
3 5 1			0.0		-1.58		15.0		0.36412	0.5283	53.2544885252	31.9012
2 2 10			-0.0		-1.59		15.03		0.36426	0.6429	46.7739448495	44.8949
4 2 0			0.0		-1.58		15.01		0.36426	0.9287	40.0811891304	86.5118
0 4 10			-0.0		-1.59		15.03		0.36439	0.9893	53.7871001638	44.1425
6 2 4			-0.02		-1.61		15.41		0.36438	0.8727	60.3342977717	77.9073
0 6 0			0.01		-1.6		15.31		0.36438	1.4277	54.7714555341	59.4019
4 6 4			0.0		-1.6		15.28		0.36439	1.0731	69.291881243	33.3045
2 6 10			-0.0		-1.6		15.3		0.36454	0.7069	72.0169435829	44.7171
0 2 10			0.0		-1.6		15.29		0.36452	0.4317	42.9590557724	21.0204
5 3 5			-0.02		-1.62		15.56		0.36468	2.2247	56.9473208346	134.0256
1 7 1			0.0		-1.62		15.52		0.36468	0.5219	65.7901743415	26.2984
2 2 4			-0.02		-1.64		15.87		0.36465	0.7551	29.4672289371	73.6026