HKL Value		Reward		TotalReward	Chi Squared	Z Appr. 	Error	Two-Thetas	Sfs2
4 2 10			0.0		0.0		0.0		0.3	1.1102	57.0442200735	11.3144
4 6 0			0.0		0.0		0.04		0.38048	0.7863	67.1083315067	59.4729
0 6 6			-0.98		-0.98		2.1		0.35022	1.0147	60.183190367	40.9583
0 2 18			0.4		-0.58		1.5		0.35262	0.3755	76.3208597895	3.7538
6 0 6			0.32		-0.26		1.13		0.35252	1.0815	60.1501886982	39.9969
0 6 8			0.15		-0.11		0.99		0.35288	0.7694	64.1950429677	5.6946
6 4 0			0.2		0.09		0.82		0.35288	1.8287	67.0910631577	58.6803
0 6 2			-0.25		-0.16		1.1		0.35296	0.2356	55.3895592761	6.1752
2 4 10			-0.3		-0.46		1.57		0.35278	0.607	57.0555982332	12.0937
4 4 0			-0.96		-1.42		37.64		0.35278	4.9852	51.3853572345	648.027
1 1 1			0.04		-1.38		36.19		0.35255	0.5749	13.0194761966	56.7652
0 0 20			0.03		-1.34		34.98		0.36494	0.4542	83.3712939521	4.3689
2 0 10			0.05		-1.29		33.19		0.36489	0.6169	42.9543880851	20.236
9 1 1			0.07		-1.22		31.05		0.36484	0.8793	87.9915459652	19.6393
0 2 0			-0.04		-1.26		32.22		0.36484	1.4407	17.6394681947	177.2483
4 6 6			0.07		-1.19		30.1		0.36469	1.1903	71.9781772466	41.9784
0 6 12			0.07		-1.12		28.26		0.36468	0.3425	75.0250979777	1.887
4 6 2			0.06		-1.06		26.75		0.3647	0.2349	67.657370766	5.5969
0 2 12			0.04		-1.03		25.75		0.36435	0.3827	50.6142203783	17.5707
0 6 18			0.05		-0.97		24.42		0.36436	0.7949	98.0280769063	1.8601
2 4 14			0.05		-0.92		23.33		0.36403	0.5221	70.6383718296	19.4111
0 6 10			0.04		-0.88		22.44		0.364	0.8527	69.1637693973	8.5049
4 0 10			0.01		-0.87		22.22		0.3647	0.6243	53.7713327333	45.2096
4 2 8			0.03		-0.84		21.47		0.36421	0.7605	51.4203212226	2.5419
4 4 10			0.0		-0.84		21.39		0.36507	0.6886	66.23802526	47.6672
4 6 4			0.02		-0.82		21.02		0.36518	1.0731	69.291881243	33.3045
1 7 7			0.04		-0.78		20.3		0.36528	0.4353	72.3061031614	6.1143
6 2 10			0.02		-0.77		19.97		0.37056	0.7103	71.9901825081	43.9921
2 0 14			0.03		-0.74		19.36		0.36997	0.2634	58.6945218607	7.3942
3 1 15			0.03		-0.7		18.78		0.36946	0.2871	67.3554895111	7.7692
6 4 2			0.03		-0.67		18.22		0.36949	0.2211	67.6401768609	4.8049
6 0 8			0.02		-0.65		17.82		0.36574	2.9234	64.163237895	5.3359
1 1 3			0.0		-0.65		17.78		0.36546	0.4514	16.9416048235	36.8187
0 4 4			-0.05		-0.7		18.8		0.36531	0.8482	39.0545896029	78.0016
3 7 1			0.02		-0.68		18.45		0.36524	1.2822	71.5694631273	22.2453
6 0 10			0.02		-0.66		18.06		0.36524	1.0728	69.1331306246	8.9056
1 3 15			0.02		-0.64		17.63		0.36535	0.2862	67.3623786269	8.1809
0 4 16			0.03		-0.61		17.16		0.36571	1.5557	75.7704700384	94.8658
2 0 16			0.03		-0.58		16.73		0.3652	0.5935	67.2372591268	11.8907
5 1 5			-0.04		-0.62		17.4		0.36586	1.1901	50.2495039981	127.1383
5 1 9			0.01		-0.61		17.19		0.3655	0.4583	58.9619928854	19.0838
1 1 15			0.01		-0.6		16.98		0.36557	0.656	61.3839959686	20.6242
3 3 9			0.02		-0.58		16.72		0.36537	0.3816	52.4524123761	12.0632
1 3 9			0.02		-0.56		16.4		0.36523	0.2622	45.3040218183	7.1674
1 3 11			-0.12		-0.69		18.72		0.365	2.4293	52.0561920156	298.4303
1 1 7			0.02		-0.67		18.33		0.36504	0.2012	29.7561292971	6.5386
1 1 9			0.02		-0.64		17.94		0.36506	0.2216	37.1193146943	1.1702
1 3 1			-0.0		-0.65		17.98		0.36502	0.5324	28.3265170018	42.1271
7 3 1			0.01		-0.63		17.75		0.36499	0.5095	71.5359286583	22.1332
4 2 14			0.02		-0.62		17.46		0.36472	1.2576	70.6282605877	19.9713
4 2 2			0.01		-0.6		17.25		0.36474	0.457	40.8620305525	12.2524
3 3 15			0.02		-0.59		16.92		0.36476	0.3402	73.0835579415	3.8877
2 0 12			0.01		-0.58		16.75		0.36458	0.8079	50.6101057273	16.6151
6 0 2			0.02		-0.56		16.46		0.3646	0.2214	55.354768557	5.4487
3 1 9			0.01		-0.54		16.22		0.36448	0.36	45.2950695798	8.7768
3 5 9			0.01		-0.54		16.12		0.36429	0.4755	65.0802252419	19.5165
0 4 6			-0.24		-0.77		21.14		0.36342	3.7688	42.9189471786	481.9509
6 0 0			0.01		-0.76		20.85		0.36342	0.7256	54.7363985401	55.434
2 2 16			0.01		-0.75		20.59		0.36398	1.1693	70.1293332912	108.6018
2 2 4			-0.02		-0.77		21.1		0.36395	0.7551	29.4672289371	73.6026
0 0 10			0.0		-0.77		21.03		0.36424	0.8316	38.8438017949	41.7013
2 4 8			0.01		-0.76		20.76		0.36402	0.1687	51.4325245866	2.4593
0 2 14			0.02		-0.74		20.43		0.36402	0.2479	58.6982494177	6.3292
5 3 9			0.01		-0.73		20.28		0.36386	0.4833	65.0662013285	20.8409
0 6 16			0.02		-0.72		19.98		0.36367	0.4825	89.3859051251	7.6515
2 4 2			0.01		-0.71		19.79		0.36367	0.3828	40.8766170199	13.2501
0 2 16			0.02		-0.69		19.49		0.36375	1.8687	67.2407114996	13.8307
2 2 10			0.0		-0.69		19.48		0.36398	0.6429	46.7739448495	44.8949
0 2 2			-0.01		-0.7		19.59		0.36397	0.4614	19.2417464495	36.8131
0 2 20			0.01		-0.68		19.3		0.36389	0.4494	86.0769303832	2.8517
5 3 1			0.0		-0.68		19.23		0.36388	0.5252	53.2386121167	32.835
6 4 6			0.01		-0.66		18.96		0.36385	0.9247	71.9614498967	41.9809
4 4 2			-0.04		-0.71		19.84		0.36393	1.2125	52.0311030722	128.6454
3 3 1			0.0		-0.7		19.76		0.36392	0.5106	38.1558496662	33.1617
5 1 13			0.01		-0.69		19.5		0.36387	0.4567	71.2764535317	11.3258
2 4 12			0.01		-0.68		19.26		0.36384	0.2205	63.4791913795	4.8908
2 6 10			0.0		-0.68		19.24		0.36403	0.7069	72.0169435829	44.7171
5 1 1			0.0		-0.67		19.14		0.36402	0.5346	46.1701152	26.7419
4 2 0			0.0		-0.67		19.06		0.36401	0.9287	40.0811891304	86.5118
4 4 6			-0.11		-0.78		21.46		0.36354	4.3817	57.0116572758	400.3855
3 5 1			0.0		-0.78		21.36		0.36352	0.5283	53.2544885252	31.9012
0 2 10			0.0		-0.77		21.27		0.3635	0.4317	42.9590557724	21.0204
3 1 13			0.01		-0.76		21.01		0.3635	0.3869	59.4126405656	11.7895
3 1 3			-0.0		-0.76		21.07		0.36345	1.2003	30.3814370344	67.5761
2 4 6			0.01		-0.76		20.95		0.36331	0.785	46.7364348384	64.2552
0 4 10			0.0		-0.75		20.92		0.36348	0.9893	53.7871001638	44.1425
3 5 5			-0.01		-0.77		21.18		0.36368	1.2751	56.9624934876	133.7285
1 7 1			0.01		-0.76		21.07		0.36368	0.5219	65.7901743415	26.2984
1 3 13			0.01		-0.75		20.83		0.36366	0.3907	59.4200243294	11.5335
3 3 13			0.01		-0.74		20.6		0.36358	0.5636	65.4922780779	9.1158
1 5 1			0.0		-0.73		20.51		0.36356	0.4978	46.196563203	27.3004
3 1 1			0.0		-0.73		20.49		0.36355	0.5239	28.3131072915	41.7464
1 5 9			0.01		-0.73		20.34		0.36345	0.4394	58.984264935	17.7365
0 6 14			0.01		-0.72		20.17		0.36335	0.9096	81.7552219026	27.2955
0 6 4			-0.0		-0.72		20.2		0.36337	0.6675	57.2171401797	42.9768
4 2 6			0.01		-0.71		20.09		0.36325	1.6049	46.7233273538	62.1975
0 4 20			0.01		-0.7		19.88		0.36327	1.027	94.1654323607	18.6345
1 1 13			0.01		-0.69		19.68		0.36327	0.3722	52.9310122384	10.9703
0 0 16			0.01		-0.69		19.57		0.36356	1.3342	64.286058028	116.6634
1 3 7			0.01		-0.68		19.39		0.36357	0.1893	39.2755843192	5.3372
0 0 18			0.01		-0.67		19.24		0.36364	0.6609	73.530655613	37.988
2 6 2			-0.03		-0.7		19.86		0.36369	1.2892	58.5985395934	134.3564