HKL Value		Reward		TotalReward	Chi Squared	Z Appr. 	Error	Two-Thetas	Sfs2
4 2 10			0.0		0.0		0.0		0.3	1.1102	57.0442200735	11.3144
4 6 0			0.0		0.0		0.04		0.38048	0.7863	67.1083315067	59.4729
1 5 7			-0.78		-0.78		0.19		0.3795	0.6035	54.1236034243	4.2528
0 6 6			-0.89		-1.67		1.8		0.34928	1.0147	60.183190367	40.9583
6 0 6			0.32		-1.35		1.36		0.35005	1.0815	60.1501886982	39.9969
0 2 18			0.16		-1.19		1.18		0.35246	0.3755	76.3208597895	3.7538
0 6 8			0.12		-1.07		1.05		0.35282	0.7694	64.1950429677	5.6946
6 4 0			0.16		-0.91		0.9		0.35282	1.8287	67.0910631577	58.6803
6 2 6			-0.95		-1.86		18.74		0.35074	3.9921	63.2107357729	344.5633
2 0 14			0.12		-1.74		16.66		0.35079	0.2634	58.6945218607	7.3942
2 4 14			0.1		-1.64		15.2		0.35114	0.5221	70.6383718296	19.4111
0 4 10			-0.06		-1.7		16.22		0.35121	0.9893	53.7871001638	44.1425
4 6 2			0.07		-1.63		15.09		0.35119	0.2349	67.657370766	5.5969
0 6 2			0.07		-1.56		14.15		0.35122	0.2356	55.3895592761	6.1752
6 4 2			0.06		-1.5		13.3		0.3512	0.2211	67.6401768609	4.8049
6 0 8			0.07		-1.43		12.45		0.35138	2.9234	64.163237895	5.3359
3 3 11			-0.31		-1.74		18.11		0.35521	2.1204	58.6030846927	249.5822
0 0 12			-0.17		-1.91		21.76		0.35054	3.2426	47.0346015839	274.3783
2 4 10			0.05		-1.86		20.81		0.35054	0.607	57.0555982332	12.0937
3 1 15			0.05		-1.81		19.76		0.35025	0.2871	67.3554895111	7.7692
0 6 10			0.05		-1.77		18.9		0.35025	0.8527	69.1637693973	8.5049
2 0 10			0.02		-1.74		18.48		0.35025	0.6169	42.9543880851	20.236
9 1 1			0.04		-1.71		17.83		0.35023	0.8793	87.9915459652	19.6393
6 0 10			0.04		-1.67		17.17		0.35023	1.0728	69.1331306246	8.9056
1 1 9			0.02		-1.64		16.76		0.35103	0.2216	37.1193146943	1.1702
3 3 15			0.04		-1.6		16.09		0.35103	0.3402	73.0835579415	3.8877
4 2 2			0.02		-1.58		15.76		0.35103	0.457	40.8620305525	12.2524
2 0 12			0.03		-1.55		15.26		0.35149	0.8079	50.6101057273	16.6151
3 3 9			0.04		-1.51		14.72		0.3516	0.3816	52.4524123761	12.0632
3 7 1			0.02		-1.49		14.41		0.35158	1.2822	71.5694631273	22.2453
0 0 20			-0.17		-1.66		17.41		0.36198	0.4542	83.3712939521	4.3689
5 1 9			0.02		-1.64		17.04		0.36178	0.4583	58.9619928854	19.0838
2 0 16			0.03		-1.61		16.53		0.36195	0.5935	67.2372591268	11.8907
3 1 13			0.03		-1.58		16.04		0.36205	0.3869	59.4126405656	11.7895
1 3 15			0.02		-1.56		15.66		0.36212	0.2862	67.3623786269	8.1809
6 0 2			0.03		-1.53		15.26		0.36213	0.2214	55.354768557	5.4487
2 0 2			-0.02		-1.55		15.56		0.36212	0.6502	19.2320929378	35.9547
1 1 15			0.01		-1.54		15.41		0.36224	0.656	61.3839959686	20.6242
5 1 5			-0.05		-1.59		16.26		0.36255	1.1901	50.2495039981	127.1383
5 1 7			0.02		-1.57		15.88		0.36255	0.2609	54.1000446603	4.252
0 2 14			0.03		-1.54		15.48		0.36259	0.2479	58.6982494177	6.3292
6 2 10			-0.01		-1.55		15.56		0.36285	0.7103	71.9901825081	43.9921
7 1 3			-0.02		-1.57		15.89		0.36276	1.4031	66.8553232335	91.2915
7 3 1			0.01		-1.55		15.68		0.36274	0.5095	71.5359286583	22.1332
0 6 12			0.02		-1.53		15.33		0.36271	0.3425	75.0250979777	1.887
4 4 10			-0.01		-1.54		15.48		0.363	0.6886	66.23802526	47.6672
0 4 16			0.02		-1.52		15.2		0.36342	1.5557	75.7704700384	94.8658
4 0 10			-0.0		-1.53		15.28		0.36372	0.6243	53.7713327333	45.2096
2 6 2			-0.08		-1.61		16.66		0.36384	1.2892	58.5985395934	134.3564
6 0 12			0.02		-1.59		16.32		0.36384	0.5892	74.995462768	0.9301
2 4 2			0.01		-1.58		16.15		0.36386	0.3828	40.8766170199	13.2501
1 3 9			0.02		-1.56		15.88		0.36376	0.2622	45.3040218183	7.1674
0 2 12			0.01		-1.55		15.73		0.36359	0.3827	50.6142203783	17.5707
3 1 9			0.02		-1.54		15.5		0.36348	0.36	45.2950695798	8.7768
6 4 6			0.02		-1.52		15.21		0.36344	0.9247	71.9614498967	41.9809
4 6 6			0.02		-1.5		14.94		0.36341	1.1903	71.9781772466	41.9784
4 2 14			0.02		-1.48		14.71		0.36327	1.2576	70.6282605877	19.9713
1 1 5			-0.1		-1.59		16.37		0.36376	1.9661	22.8949597146	247.5537
5 3 9			0.01		-1.58		16.28		0.36359	0.4833	65.0662013285	20.8409
2 4 8			0.01		-1.57		16.07		0.36339	0.1687	51.4325245866	2.4593
3 5 9			0.01		-1.56		15.97		0.36322	0.4755	65.0802252419	19.5165
5 1 13			0.02		-1.54		15.7		0.36322	0.4567	71.2764535317	11.3258
2 2 10			-0.0		-1.55		15.76		0.36347	0.6429	46.7739448495	44.8949
0 2 16			0.02		-1.53		15.52		0.36358	1.8687	67.2407114996	13.8307
2 4 12			0.01		-1.52		15.3		0.36353	0.2205	63.4791913795	4.8908
4 2 8			0.01		-1.51		15.13		0.36336	0.7605	51.4203212226	2.5419
2 2 16			0.01		-1.5		14.99		0.36383	1.1693	70.1293332912	108.6018
0 2 4			-0.05		-1.55		15.85		0.36388	1.326	23.4223631322	110.0283
5 1 1			0.0		-1.55		15.8		0.36388	0.5346	46.1701152	26.7419
1 3 13			0.01		-1.53		15.57		0.36383	0.3907	59.4200243294	11.5335
3 3 1			0.0		-1.53		15.54		0.36381	0.5106	38.1558496662	33.1617
0 2 22			-0.0		-1.53		15.59		0.36379	1.8317	96.7387030121	97.213
6 0 0			0.01		-1.52		15.43		0.36379	0.7256	54.7363985401	55.434
1 5 1			0.0		-1.52		15.39		0.36378	0.4978	46.196563203	27.3004
0 6 14			0.01		-1.51		15.24		0.36365	0.9096	81.7552219026	27.2955
7 1 7			0.01		-1.5		15.06		0.36366	0.3505	72.2660298289	5.0526
0 0 10			-0.0		-1.5		15.09		0.36383	0.8316	38.8438017949	41.7013
1 1 13			0.01		-1.49		14.9		0.3638	0.3722	52.9310122384	10.9703
5 3 11			-0.03		-1.52		15.37		0.3638	1.8677	70.5420870211	204.0714
3 1 5			-0.05		-1.57		16.17		0.36403	2.8985	34.1781376955	186.2389
0 2 20			0.01		-1.56		15.97		0.36397	0.4494	86.0769303832	2.8517
4 6 4			0.0		-1.55		15.93		0.36399	1.0731	69.291881243	33.3045
2 4 6			0.0		-1.55		15.88		0.36386	0.785	46.7364348384	64.2552
4 2 0			0.0		-1.55		15.84		0.36386	0.9287	40.0811891304	86.5118
3 3 13			0.01		-1.54		15.66		0.36377	0.5636	65.4922780779	9.1158
6 2 8			-0.05		-1.59		16.48		0.36398	3.3751	67.1207225085	222.106
1 1 17			-0.06		-1.65		17.55		0.3632	2.447	70.2810461715	248.4175
7 1 1			0.0		-1.64		17.47		0.36319	0.5207	65.7483230412	25.2044
1 7 1			0.0		-1.64		17.4		0.36318	0.5219	65.7901743415	26.2984
2 6 10			-0.0		-1.64		17.41		0.36331	0.7069	72.0169435829	44.7171
3 7 5			0.0		-1.64		17.37		0.36342	1.0548	74.7470539899	89.5814
0 2 10			0.0		-1.64		17.33		0.3634	0.4317	42.9590557724	21.0204
0 0 16			0.01		-1.63		17.24		0.3637	1.3342	64.286058028	116.6634
0 0 2			-0.03		-1.66		17.81		0.36374	1.161	7.62646333295	98.931
5 5 7			0.01		-1.65		17.63		0.36374	0.6639	72.2860687267	4.3062
4 4 12			-0.02		-1.67		17.96		0.36345	1.9475	72.2035773977	130.2426
0 2 8			0.01		-1.66		17.78		0.36342	0.1155	35.7619852008	1.7384
7 3 3			-0.0		-1.66		17.82		0.36339	1.9283	72.601334037	69.5466
1 3 3			-0.0		-1.67		17.89		0.36335	0.7045	30.3940112777	66.1614
1 1 3			0.0		-1.67		17.87		0.36332	0.4514	16.9416048235	36.8187
0 0 18			0.01		-1.66		17.75		0.36339	0.6609	73.530655613	37.988
4 2 12			0.01		-1.65		17.59		0.36336	0.2244	63.468523569	4.7972