HKL Value		Reward		TotalReward	Chi Squared	Z Appr. 	Error	Two-Thetas	Sfs2
5 5 3			0.0		0.0		0.0		0.3	0.8107	66.8760743485	64.1048
0 0 20			0.0		0.0		43.87		0.48332	0.4542	83.3712939521	4.3689
6 0 6			1.0		1.0		21.95		0.48324	1.0815	60.1501886982	39.9969
4 4 10			0.46		1.46		15.01		0.48169	0.6886	66.23802526	47.6672
5 1 1			-0.03		1.43		15.54		0.48168	0.5346	46.1701152	26.7419
4 6 4			0.11		1.54		14.01		0.48216	1.0731	69.291881243	33.3045
2 2 4			0.18		1.72		11.88		0.48185	0.7551	29.4672289371	73.6026
2 4 10			0.17		1.88		10.19		0.48158	0.607	57.0555982332	12.0937
3 1 7			0.14		2.02		8.92		0.4815	0.257	39.2655360855	5.205
4 4 12			0.03		2.05		8.65		0.48342	1.9475	72.2035773977	130.2426
1 3 9			0.06		2.12		8.15		0.48351	0.2622	45.3040218183	7.1674
0 6 2			-0.24		1.87		10.77		0.4833	0.2356	55.3895592761	6.1752
1 1 9			0.09		1.96		9.9		0.4831	0.2216	37.1193146943	1.1702
5 1 13			0.08		2.04		9.14		0.48306	0.4567	71.2764535317	11.3258
6 2 10			0.05		2.09		8.72		0.48237	0.7103	71.9901825081	43.9921
4 6 0			0.07		2.16		8.14		0.48237	0.7863	67.1083315067	59.4729
1 7 1			-0.06		2.1		8.67		0.48236	0.5219	65.7901743415	26.2984
0 6 8			0.06		2.16		8.17		0.4823	0.7694	64.1950429677	5.6946
0 4 12			-0.1		2.07		9.05		0.48373	1.4889	60.4300914167	161.7651
1 1 15			-0.01		2.06		9.15		0.48328	0.656	61.3839959686	20.6242
0 2 8			0.05		2.11		8.7		0.4833	0.1155	35.7619852008	1.7384
5 1 9			-0.02		2.09		8.87		0.48322	0.4583	58.9619928854	19.0838
2 4 14			-0.02		2.07		9.02		0.48344	0.5221	70.6383718296	19.4111
7 3 1			-0.02		2.06		9.16		0.48344	0.5095	71.5359286583	22.1332