HKL Value		Reward		TotalReward	Chi Squared	Z Appr. 	Error	Two-Thetas	Sfs2
4 2 10			0.0		0.0		0.0		0.3	1.1102	57.0442200735	11.3144
4 6 0			0.0		0.0		0.04		0.38048	0.7863	67.1083315067	59.4729
0 6 6			-0.98		-0.98		2.1		0.35022	1.0147	60.183190367	40.9583
0 2 18			0.4		-0.58		1.5		0.35262	0.3755	76.3208597895	3.7538
6 0 6			0.32		-0.26		1.13		0.35252	1.0815	60.1501886982	39.9969
1 3 1			-0.75		-1.01		4.57		0.35234	0.5324	28.3265170018	42.1271
0 6 8			0.18		-0.83		3.88		0.35267	0.7694	64.1950429677	5.6946
6 4 0			0.17		-0.66		3.33		0.35267	1.8287	67.0910631577	58.6803
0 6 2			0.02		-0.64		3.26		0.35275	0.2356	55.3895592761	6.1752
0 6 14			0.02		-0.62		3.2		0.35352	0.9096	81.7552219026	27.2955
2 4 10			-0.05		-0.67		3.37		0.3533	0.607	57.0555982332	12.0937
1 1 1			-0.35		-1.02		5.17		0.35307	0.5749	13.0194761966	56.7652
3 1 13			-0.01		-1.04		5.25		0.35361	0.3869	59.4126405656	11.7895
1 3 11			-0.64		-1.68		14.59		0.35966	2.4293	52.0561920156	298.4303
4 6 2			0.06		-1.62		13.75		0.35966	0.2349	67.657370766	5.5969
3 5 5			-0.14		-1.76		16.03		0.36176	1.2751	56.9624934876	133.7285
9 1 1			0.04		-1.71		15.34		0.36167	0.8793	87.9915459652	19.6393
2 4 14			0.06		-1.66		14.51		0.36128	0.5221	70.6383718296	19.4111
2 0 10			0.01		-1.65		14.41		0.36094	0.6169	42.9543880851	20.236
0 6 10			0.04		-1.61		13.87		0.3607	0.8527	69.1637693973	8.5049
3 7 3			-0.03		-1.64		14.29		0.3603	0.8954	72.6346668965	71.6226
6 0 10			0.03		-1.61		13.82		0.36001	1.0728	69.1331306246	8.9056
3 3 11			-0.19		-1.79		17.03		0.36113	2.1204	58.6030846927	249.5822
2 4 0			0.01		-1.79		16.89		0.36113	1.4359	40.0960076051	88.2765
2 0 14			0.04		-1.74		16.19		0.36121	0.2634	58.6945218607	7.3942
0 6 12			0.04		-1.7		15.56		0.36109	0.3425	75.0250979777	1.887
1 3 9			0.04		-1.67		15.0		0.36074	0.2622	45.3040218183	7.1674
3 1 15			0.03		-1.64		14.57		0.36099	0.2871	67.3554895111	7.7692
4 4 12			-0.05		-1.68		15.3		0.35814	1.9475	72.2035773977	130.2426
6 2 10			-0.02		-1.7		15.57		0.35877	0.7103	71.9901825081	43.9921
4 0 10			-0.02		-1.72		15.84		0.35959	0.6243	53.7713327333	45.2096