HKL Value		Reward		TotalReward	Chi Squared	Z Appr. 	Error	Two-Thetas	Sfs2
4 2 10			0.0		0.0		0.0		0.3	1.1102	57.0442200735	11.3144
4 6 0			0.0		0.0		0.04		0.38048	0.7863	67.1083315067	59.4729
6 0 6			-0.98		-0.98		2.11		0.35067	1.0815	60.1501886982	39.9969
0 2 18			0.43		-0.55		1.48		0.35268	0.3755	76.3208597895	3.7538
0 6 6			0.3		-0.25		1.13		0.35252	1.0147	60.183190367	40.9583
0 0 4			-0.87		-1.12		8.75		0.35211	0.8482	15.2869714585	59.1035
6 4 0			0.2		-0.92		7.29		0.35211	1.8287	67.0910631577	58.6803
0 6 8			0.15		-0.77		6.32		0.35244	0.7694	64.1950429677	5.6946
2 0 14			0.14		-0.62		5.54		0.35235	0.2634	58.6945218607	7.3942
2 4 14			0.09		-0.53		5.06		0.3528	0.5221	70.6383718296	19.4111
4 6 2			0.05		-0.48		4.83		0.35278	0.2349	67.657370766	5.5969
0 6 2			0.04		-0.44		4.64		0.35285	0.2356	55.3895592761	6.1752
6 0 8			0.09		-0.35		4.27		0.3531	2.9234	64.163237895	5.3359
1 7 3			-0.27		-0.63		5.88		0.35274	0.9932	66.8968211493	90.2271
2 2 8			-0.58		-1.21		14.0		0.3592	1.8488	40.1384116224	216.1995
6 4 2			0.06		-1.15		13.22		0.3592	0.2211	67.6401768609	4.8049
3 1 15			0.05		-1.1		12.62		0.35996	0.2871	67.3554895111	7.7692
1 5 9			0.05		-1.05		12.02		0.35789	0.4394	58.984264935	17.7365
2 4 10			0.03		-1.02		11.67		0.3571	0.607	57.0555982332	12.0937
1 1 13			0.04		-0.98		11.21		0.35923	0.3722	52.9310122384	10.9703
0 6 10			0.03		-0.95		10.84		0.35866	0.8527	69.1637693973	8.5049
3 3 15			0.04		-0.9		10.4		0.35911	0.3402	73.0835579415	3.8877
6 0 10			0.03		-0.88		10.11		0.35839	1.0728	69.1331306246	8.9056
9 1 1			0.02		-0.85		9.88		0.35805	0.8793	87.9915459652	19.6393
3 3 9			0.04		-0.81		9.5		0.3558	0.3816	52.4524123761	12.0632
1 3 15			0.02		-0.79		9.29		0.35465	0.2862	67.3623786269	8.1809
2 0 10			-0.01		-0.79		9.34		0.35406	0.6169	42.9543880851	20.236
1 1 9			0.03		-0.76		9.03		0.35575	0.2216	37.1193146943	1.1702
3 7 1			0.01		-0.75		8.92		0.35555	1.2822	71.5694631273	22.2453
6 0 2			0.03		-0.72		8.69		0.35569	0.2214	55.354768557	5.4487
0 2 14			0.03		-0.69		8.43		0.35528	0.2479	58.6982494177	6.3292
5 1 1			-0.01		-0.7		8.52		0.35503	0.5346	46.1701152	26.7419
2 6 0			-0.49		-1.2		16.86		0.35503	4.3567	58.0028534629	558.9791
2 0 16			0.02		-1.18		16.53		0.35968	0.5935	67.2372591268	11.8907
5 1 9			0.03		-1.15		16.09		0.35469	0.4583	58.9619928854	19.0838
1 5 11			-0.08		-1.23		17.48		0.36017	1.8219	64.7342781598	204.7444
1 1 15			0.01		-1.22		17.3		0.36084	0.656	61.3839959686	20.6242
1 3 9			0.03		-1.19		16.86		0.36046	0.2622	45.3040218183	7.1674
4 2 2			0.02		-1.18		16.61		0.36049	0.457	40.8620305525	12.2524
3 1 9			0.02		-1.15		16.22		0.35999	0.36	45.2950695798	8.7768
0 2 12			0.02		-1.13		15.91		0.35871	0.3827	50.6142203783	17.5707
2 0 8			0.02		-1.11		15.53		0.35875	0.1665	35.7565424018	1.5727
2 4 2			0.01		-1.1		15.35		0.3588	0.3828	40.8766170199	13.2501
7 3 1			0.01		-1.08		15.13		0.35869	0.5095	71.5359286583	22.1332
1 3 13			0.02		-1.06		14.84		0.35963	0.3907	59.4200243294	11.5335
6 4 6			0.02		-1.04		14.52		0.35983	0.9247	71.9614498967	41.9809
2 0 12			0.02		-1.02		14.27		0.35881	0.8079	50.6101057273	16.6151
0 4 16			0.0		-1.02		14.2		0.36138	1.5557	75.7704700384	94.8658
6 2 10			-0.01		-1.03		14.32		0.36193	0.7103	71.9901825081	43.9921
4 6 6			0.02		-1.01		14.03		0.36193	1.1903	71.9781772466	41.9784
7 3 5			-0.0		-1.01		14.04		0.3624	1.0496	74.7140851895	88.0788
4 2 6			0.01		-1.0		13.94		0.36199	1.6049	46.7233273538	62.1975
0 6 12			0.02		-0.98		13.68		0.36192	0.3425	75.0250979777	1.887
0 0 20			0.01		-0.98		13.61		0.3638	0.4542	83.3712939521	4.3689
4 2 14			0.02		-0.96		13.4		0.36367	1.2576	70.6282605877	19.9713
4 0 10			-0.01		-0.97		13.49		0.36392	0.6243	53.7713327333	45.2096
0 2 20			0.02		-0.95		13.25		0.36385	0.4494	86.0769303832	2.8517
4 4 10			-0.01		-0.96		13.38		0.36406	0.6886	66.23802526	47.6672
4 0 8			-0.11		-1.06		14.95		0.36438	2.9483	47.8850437629	244.3799
0 4 10			-0.0		-1.06		14.98		0.3646	0.9893	53.7871001638	44.1425