HKL Value		Reward		TotalReward	Chi Squared	Z Appr. 	Error	Two-Thetas	Sfs2
2 4 4			0.0		0.0		0.0		0.3	0.8182	43.1484985256	64.6996
4 2 10			0.0		0.0		38.0		0.11996	1.1102	57.0442200735	11.3144
5 5 3			-0.13		-0.13		43.58		0.12071	0.8107	66.8760743485	64.1048
5 1 3			-0.18		-0.31		52.98		0.12037	0.9592	47.5591860667	88.1873
4 6 0			0.33		0.03		39.75		0.12037	0.7863	67.1083315067	59.4729
6 0 6			0.23		0.25		32.4		0.14762	1.0815	60.1501886982	39.9969
0 2 18			0.2		0.45		27.0		0.14706	0.3755	76.3208597895	3.7538
0 2 0			-0.1		0.36		29.93		0.14706	1.4407	17.6394681947	177.2483
0 6 6			0.14		0.5		26.2		0.14726	1.0147	60.183190367	40.9583
6 4 0			0.12		0.62		23.29		0.14726	1.8287	67.0910631577	58.6803
0 6 8			0.11		0.73		21.0		0.14689	0.7694	64.1950429677	5.6946
2 0 14			0.1		0.83		19.1		0.14707	0.2634	58.6945218607	7.3942
0 0 22			0.03		0.86		18.52		0.13977	2.2765	94.0325860765	137.6091
0 6 0			0.05		0.92		17.59		0.13977	1.4277	54.7714555341	59.4019
3 3 9			0.06		0.98		16.6		0.13895	0.3816	52.4524123761	12.0632
3 3 13			0.03		1.01		16.07		0.13506	0.5636	65.4922780779	9.1158
2 4 14			0.05		1.06		15.26		0.13555	0.5221	70.6383718296	19.4111
4 6 2			0.05		1.11		14.52		0.13553	0.2349	67.657370766	5.5969
0 6 2			0.05		1.16		13.82		0.13549	0.2356	55.3895592761	6.1752
6 0 8			0.04		1.2		13.3		0.13593	2.9234	64.163237895	5.3359
6 4 2			0.04		1.25		12.74		0.13592	0.2211	67.6401768609	4.8049
3 1 15			-0.09		1.16		14.02		0.13866	0.2871	67.3554895111	7.7692
2 4 10			0.02		1.18		13.69		0.13879	0.607	57.0555982332	12.0937
0 6 10			0.03		1.21		13.28		0.13889	0.8527	69.1637693973	8.5049
3 3 15			-0.11		1.1		14.89		0.14278	0.3402	73.0835579415	3.8877
6 0 10			0.03		1.13		14.44		0.14283	1.0728	69.1331306246	8.9056
9 1 1			-0.07		1.07		15.47		0.14299	0.8793	87.9915459652	19.6393
2 2 14			-0.01		1.05		15.67		0.14299	1.0835	61.7979105177	101.9829
1 3 15			0.02		1.07		15.38		0.14371	0.2862	67.3623786269	8.1809
2 0 10			0.01		1.08		15.23		0.14377	0.6169	42.9543880851	20.236
1 1 9			0.03		1.12		14.73		0.14378	0.2216	37.1193146943	1.1702
3 7 1			-0.04		1.08		15.31		0.14389	1.2822	71.5694631273	22.2453
0 2 14			0.03		1.11		14.86		0.14391	0.2479	58.6982494177	6.3292
6 0 2			0.03		1.14		14.48		0.1439	0.2214	55.354768557	5.4487
2 0 16			0.02		1.15		14.24		0.14378	0.5935	67.2372591268	11.8907
5 1 9			0.01		1.16		14.1		0.14362	0.4583	58.9619928854	19.0838
2 2 4			-0.06		1.1		15.06		0.14369	0.7551	29.4672289371	73.6026
2 0 6			-0.02		1.08		15.33		0.14398	1.6278	29.1406672869	128.8477
2 6 0			-0.31		0.77		22.17		0.14398	4.3567	58.0028534629	558.9791