HKL Value		Reward		TotalReward	Chi Squared	Z Appr. 	Error	Two-Thetas	Sfs2
4 2 10			0.0		0.0		0.0		0.3	1.1102	57.0442200735	11.3144
4 6 0			0.0		0.0		0.04		0.38048	0.7863	67.1083315067	59.4729
0 6 6			-0.98		-0.98		2.1		0.35022	1.0147	60.183190367	40.9583
0 2 18			0.4		-0.58		1.5		0.35262	0.3755	76.3208597895	3.7538
6 0 6			0.32		-0.26		1.13		0.35252	1.0815	60.1501886982	39.9969
0 4 12			-0.82		-1.07		6.2		0.34984	1.4889	60.4300914167	161.7651
6 4 2			0.12		-0.95		5.53		0.34983	0.2211	67.6401768609	4.8049
0 6 8			0.13		-0.82		4.91		0.34996	0.7694	64.1950429677	5.6946
4 4 2			-0.68		-1.51		15.46		0.35017	1.2125	52.0311030722	128.6454
6 4 0			0.12		-1.38		13.74		0.35017	1.8287	67.0910631577	58.6803
0 6 2			0.09		-1.3		12.66		0.35019	0.2356	55.3895592761	6.1752
2 4 14			0.08		-1.22		11.73		0.35052	0.5221	70.6383718296	19.4111
4 6 2			0.07		-1.15		10.97		0.3505	0.2349	67.657370766	5.5969
2 0 14			0.08		-1.07		10.13		0.35056	0.2634	58.6945218607	7.3942
1 7 1			0.0		-1.07		10.13		0.35051	0.5219	65.7901743415	26.2984
2 4 10			0.04		-1.03		9.77		0.35051	0.607	57.0555982332	12.0937
9 1 1			0.04		-0.99		9.42		0.35047	0.8793	87.9915459652	19.6393
0 6 10			0.04		-0.95		9.01		0.35047	0.8527	69.1637693973	8.5049
2 0 10			-0.01		-0.95		9.07		0.35045	0.6169	42.9543880851	20.236
3 3 13			0.03		-0.93		8.85		0.3505	0.5636	65.4922780779	9.1158
3 1 15			0.05		-0.88		8.45		0.35022	0.2871	67.3554895111	7.7692
1 1 5			-0.42		-1.3		14.66		0.35124	1.9661	22.8949597146	247.5537
6 0 8			0.05		-1.26		14.03		0.35139	2.9234	64.163237895	5.3359
1 3 13			0.02		-1.23		13.69		0.3515	0.3907	59.4200243294	11.5335
6 0 10			0.03		-1.2		13.24		0.35146	1.0728	69.1331306246	8.9056
0 6 12			0.01		-1.19		13.09		0.3544	0.3425	75.0250979777	1.887
0 4 0			-0.59		-1.78		31.99		0.3544	6.137	35.7152072575	818.959
1 3 15			0.03		-1.75		30.95		0.35403	0.2862	67.3623786269	8.1809
1 1 9			0.04		-1.71		29.9		0.35469	0.2216	37.1193146943	1.1702
3 7 1			0.03		-1.68		29.07		0.35462	1.2822	71.5694631273	22.2453
4 0 2			-0.07		-1.75		31.15		0.35505	1.7854	36.5531212028	138.5255
5 1 9			0.03		-1.72		30.16		0.35476	0.4583	58.9619928854	19.0838
0 4 16			0.01		-1.71		29.95		0.36021	1.5557	75.7704700384	94.8658
4 0 10			0.01		-1.7		29.7		0.36141	0.6243	53.7713327333	45.2096
2 0 16			0.03		-1.67		28.86		0.36211	0.5935	67.2372591268	11.8907
0 0 20			0.02		-1.65		28.25		0.36421	0.4542	83.3712939521	4.3689
1 7 5			0.0		-1.65		28.13		0.36449	1.0841	69.0835930101	99.7513
4 4 10			0.01		-1.64		27.89		0.36485	0.6886	66.23802526	47.6672
3 3 9			0.02		-1.62		27.31		0.36472	0.3816	52.4524123761	12.0632
6 2 10			0.01		-1.6		27.01		0.36509	0.7103	71.9901825081	43.9921
2 4 2			0.02		-1.59		26.53		0.36511	0.3828	40.8766170199	13.2501
4 2 12			0.02		-1.56		25.93		0.36507	0.2244	63.468523569	4.7972
3 3 15			0.02		-1.54		25.33		0.36508	0.3402	73.0835579415	3.8877
1 1 15			0.02		-1.52		24.94		0.36514	0.656	61.3839959686	20.6242
4 2 14			0.02		-1.5		24.46		0.36492	1.2576	70.6282605877	19.9713
6 0 2			0.02		-1.48		23.95		0.36493	0.2214	55.354768557	5.4487
0 6 16			0.02		-1.46		23.47		0.36456	0.4825	89.3859051251	7.6515
7 3 1			0.02		-1.45		23.11		0.36454	0.5095	71.5359286583	22.1332
4 2 2			0.01		-1.43		22.78		0.36455	0.457	40.8620305525	12.2524
2 0 12			0.01		-1.42		22.47		0.36442	0.8079	50.6101057273	16.6151
2 2 14			-0.01		-1.42		22.61		0.36398	1.0835	61.7979105177	101.9829
1 3 9			0.02		-1.41		22.21		0.36391	0.2622	45.3040218183	7.1674
0 2 14			0.02		-1.39		21.78		0.36391	0.2479	58.6982494177	6.3292
3 5 9			0.01		-1.38		21.56		0.36377	0.4755	65.0802252419	19.5165
1 1 3			0.0		-1.37		21.46		0.36374	0.4514	16.9416048235	36.8187
3 1 9			0.02		-1.36		21.13		0.36366	0.36	45.2950695798	8.7768
5 1 3			-0.0		-1.36		21.23		0.36358	0.9592	47.5591860667	88.1873
0 2 12			0.01		-1.35		21.0		0.36344	0.3827	50.6142203783	17.5707
2 4 8			0.01		-1.34		20.71		0.36329	0.1687	51.4325245866	2.4593
6 4 6			0.02		-1.32		20.36		0.36326	0.9247	71.9614498967	41.9809
0 2 16			0.02		-1.3		20.03		0.36336	1.8687	67.2407114996	13.8307
4 6 6			0.02		-1.29		19.7		0.36334	1.1903	71.9781772466	41.9784
5 3 9			0.01		-1.28		19.55		0.36321	0.4833	65.0662013285	20.8409
0 0 10			0.0		-1.28		19.53		0.36341	0.8316	38.8438017949	41.7013
2 2 12			-0.06		-1.34		20.86		0.36277	1.9766	54.0147953295	208.0279
2 2 16			0.01		-1.33		20.66		0.36322	1.1693	70.1293332912	108.6018
5 1 13			0.02		-1.32		20.35		0.36322	0.4567	71.2764535317	11.3258
3 3 1			0.0		-1.31		20.25		0.36321	0.5106	38.1558496662	33.1617
2 4 12			0.01		-1.3		19.98		0.36317	0.2205	63.4791913795	4.8908
5 3 1			0.0		-1.29		19.9		0.36315	0.5252	53.2386121167	32.835
5 1 1			0.01		-1.29		19.78		0.36314	0.5346	46.1701152	26.7419
2 2 10			0.0		-1.29		19.78		0.36332	0.6429	46.7739448495	44.8949
3 5 1			0.0		-1.28		19.69		0.36331	0.5283	53.2544885252	31.9012
2 4 6			0.01		-1.28		19.57		0.36315	0.785	46.7364348384	64.2552
0 0 18			0.01		-1.27		19.38		0.36324	0.6609	73.530655613	37.988
2 4 4			-0.01		-1.28		19.64		0.36327	0.8182	43.1484985256	64.6996
4 6 4			0.0		-1.28		19.55		0.36329	1.0731	69.291881243	33.3045
0 4 10			0.0		-1.27		19.53		0.36348	0.9893	53.7871001638	44.1425
3 1 13			0.01		-1.26		19.28		0.36348	0.3869	59.4126405656	11.7895
1 5 1			0.0		-1.26		19.19		0.36348	0.4978	46.196563203	27.3004
4 2 0			0.0		-1.25		19.11		0.36348	0.9287	40.0811891304	86.5118
4 2 8			0.01		-1.24		18.93		0.36336	0.7605	51.4203212226	2.5419
5 3 11			-0.02		-1.26		19.33		0.36336	1.8677	70.5420870211	204.0714
6 0 0			0.01		-1.25		19.15		0.36336	0.7256	54.7363985401	55.434
3 1 1			-0.0		-1.25		19.15		0.36336	0.5239	28.3131072915	41.7464
2 6 10			0.0		-1.25		19.14		0.36353	0.7069	72.0169435829	44.7171
0 6 14			0.01		-1.25		18.97		0.36341	0.9096	81.7552219026	27.2955
6 0 4			-0.0		-1.25		19.02		0.36343	0.7069	57.1830782131	42.6751
0 2 20			0.01		-1.24		18.8		0.36343	0.4494	86.0769303832	2.8517
4 2 6			0.01		-1.23		18.7		0.3633	1.6049	46.7233273538	62.1975
4 4 12			-0.02		-1.25		19.02		0.3629	1.9475	72.2035773977	130.2426
6 4 4			0.0		-1.24		18.96		0.36291	0.6669	69.2748711385	33.991
2 2 4			-0.02		-1.26		19.3		0.3629	0.7551	29.4672289371	73.6026
0 2 10			0.0		-1.26		19.24		0.36287	0.4317	42.9590557724	21.0204
2 0 6			-0.01		-1.27		19.41		0.36264	1.6278	29.1406672869	128.8477
7 1 1			0.0		-1.26		19.32		0.36263	0.5207	65.7483230412	25.2044
3 5 7			0.01		-1.25		19.14		0.36263	0.2309	60.5203777188	5.6046
0 0 16			0.0		-1.25		19.05		0.36306	1.3342	64.286058028	116.6634
0 6 18			0.01		-1.24		18.86		0.36306	0.7949	98.0280769063	1.8601
3 7 5			0.0		-1.24		18.81		0.36318	1.0548	74.7470539899	89.5814
0 2 8			0.01		-1.23		18.63		0.36317	0.1155	35.7619852008	1.7384
3 3 3			-0.0		-1.23		18.69		0.36313	0.8081	39.7679129272	70.9373