HKL Value		Reward		TotalReward	Chi Squared	Z Appr. 	Error	Two-Thetas	Sfs2
4 2 10			0.0		0.0		0.0		0.3	1.1102	57.0442200735	11.3144
4 6 0			0.0		0.0		0.04		0.38048	0.7863	67.1083315067	59.4729
0 6 6			-0.98		-0.98		2.1		0.35022	1.0147	60.183190367	40.9583
0 2 18			0.4		-0.58		1.5		0.35262	0.3755	76.3208597895	3.7538
2 4 6			-0.16		-0.74		1.79		0.352	0.785	46.7364348384	64.2552
6 0 6			0.25		-0.49		1.43		0.35197	1.0815	60.1501886982	39.9969
0 6 8			0.12		-0.38		1.28		0.35225	0.7694	64.1950429677	5.6946
6 4 0			0.16		-0.21		1.1		0.35225	1.8287	67.0910631577	58.6803
0 6 2			-0.16		-0.37		1.31		0.35231	0.2356	55.3895592761	6.1752
7 3 5			-0.67		-1.04		3.95		0.35464	1.0496	74.7140851895	88.0788
2 4 14			0.09		-0.95		3.62		0.35506	0.5221	70.6383718296	19.4111
4 6 2			0.02		-0.93		3.54		0.35503	0.2349	67.657370766	5.5969
2 0 14			0.08		-0.84		3.28		0.35474	0.2634	58.6945218607	7.3942
4 4 12			-0.17		-1.01		3.93		0.35164	1.9475	72.2035773977	130.2426
1 3 3			-0.24		-1.25		5.14		0.3515	0.7045	30.3940112777	66.1614
2 4 10			0.01		-1.24		5.12		0.35147	0.607	57.0555982332	12.0937
9 1 1			0.01		-1.23		5.06		0.35143	0.8793	87.9915459652	19.6393
0 6 10			0.03		-1.2		4.92		0.3514	0.8527	69.1637693973	8.5049
6 4 2			0.03		-1.17		4.77		0.3514	0.2211	67.6401768609	4.8049
2 0 10			-0.06		-1.23		5.05		0.35135	0.6169	42.9543880851	20.236
3 1 15			0.04		-1.19		4.87		0.35098	0.2871	67.3554895111	7.7692
6 0 8			0.04		-1.15		4.67		0.3511	2.9234	64.163237895	5.3359
6 0 10			0.02		-1.13		4.59		0.35109	1.0728	69.1331306246	8.9056
0 2 0			-0.29		-1.42		6.45		0.35109	1.4407	17.6394681947	177.2483
1 3 15			0.03		-1.38		6.24		0.35076	0.2862	67.3623786269	8.1809
1 1 9			0.0		-1.38		6.24		0.3516	0.2216	37.1193146943	1.1702
4 4 6			-0.5		-1.89		12.57		0.35073	4.3817	57.0116572758	400.3855
3 7 1			0.02		-1.87		12.31		0.35071	1.2822	71.5694631273	22.2453
5 1 9			0.04		-1.83		11.88		0.35081	0.4583	58.9619928854	19.0838
0 6 12			-0.01		-1.84		12.01		0.35266	0.3425	75.0250979777	1.887
2 0 16			0.01		-1.83		11.84		0.35258	0.5935	67.2372591268	11.8907
0 4 16			-0.07		-1.9		12.73		0.35407	1.5557	75.7704700384	94.8658
4 0 10			-0.03		-1.93		13.17		0.35428	0.6243	53.7713327333	45.2096
3 3 9			0.03		-1.9		12.77		0.35422	0.3816	52.4524123761	12.0632
0 0 20			-0.08		-1.98		13.88		0.36273	0.4542	83.3712939521	4.3689
3 3 15			0.03		-1.95		13.5		0.36277	0.3402	73.0835579415	3.8877
6 2 10			-0.01		-1.96		13.64		0.36305	0.7103	71.9901825081	43.9921
4 4 10			-0.02		-1.98		13.85		0.36336	0.6886	66.23802526	47.6672
0 6 18			0.03		-1.95		13.5		0.36336	0.7949	98.0280769063	1.8601
1 1 15			0.01		-1.94		13.4		0.36347	0.656	61.3839959686	20.6242
4 2 14			0.02		-1.92		13.12		0.36331	1.2576	70.6282605877	19.9713
6 0 2			0.02		-1.9		12.84		0.36333	0.2214	55.354768557	5.4487
7 3 1			0.01		-1.89		12.69		0.36331	0.5095	71.5359286583	22.1332
0 2 6			-0.04		-1.93		13.28		0.36291	1.1672	29.1471999487	131.5155
4 2 2			0.01		-1.92		13.14		0.36292	0.457	40.8620305525	12.2524
2 0 12			0.01		-1.91		12.99		0.36275	0.8079	50.6101057273	16.6151
1 1 1			-0.02		-1.93		13.25		0.36271	0.5749	13.0194761966	56.7652
4 2 8			0.02		-1.91		13.04		0.36255	0.7605	51.4203212226	2.5419
3 5 1			-0.0		-1.91		13.05		0.36253	0.5283	53.2544885252	31.9012
1 3 9			0.02		-1.9		12.82		0.36244	0.2622	45.3040218183	7.1674
0 2 14			0.02		-1.88		12.57		0.36247	0.2479	58.6982494177	6.3292
2 6 10			-0.01		-1.89		12.7		0.36272	0.7069	72.0169435829	44.7171
3 5 9			0.01		-1.88		12.63		0.36255	0.4755	65.0802252419	19.5165
5 3 1			-0.0		-1.88		12.66		0.36253	0.5252	53.2386121167	32.835
3 1 9			0.01		-1.87		12.48		0.36243	0.36	45.2950695798	8.7768
2 4 2			0.01		-1.86		12.39		0.36243	0.3828	40.8766170199	13.2501
7 1 7			0.02		-1.85		12.2		0.36243	0.3505	72.2660298289	5.0526
4 6 4			-0.0		-1.85		12.21		0.36248	1.0731	69.291881243	33.3045
0 2 12			0.01		-1.84		12.12		0.3623	0.3827	50.6142203783	17.5707
3 3 13			0.02		-1.82		11.92		0.36229	0.5636	65.4922780779	9.1158
2 4 8			0.01		-1.81		11.77		0.36214	0.1687	51.4325245866	2.4593
1 1 3			-0.01		-1.81		11.84		0.3621	0.4514	16.9416048235	36.8187
6 4 6			0.02		-1.8		11.65		0.3621	0.9247	71.9614498967	41.9809
0 2 16			0.01		-1.78		11.48		0.36226	1.8687	67.2407114996	13.8307
4 6 6			0.02		-1.77		11.3		0.36226	1.1903	71.9781772466	41.9784
5 3 9			0.0		-1.77		11.28		0.36212	0.4833	65.0662013285	20.8409
0 0 10			-0.01		-1.78		11.4		0.3623	0.8316	38.8438017949	41.7013
2 2 16			0.0		-1.77		11.36		0.36283	1.1693	70.1293332912	108.6018
1 3 13			0.01		-1.76		11.2		0.36288	0.3907	59.4200243294	11.5335
5 1 13			0.01		-1.74		11.03		0.3629	0.4567	71.2764535317	11.3258
1 7 1			-0.0		-1.74		11.04		0.36288	0.5219	65.7901743415	26.2984
3 3 1			-0.0		-1.75		11.08		0.36287	0.5106	38.1558496662	33.1617
2 4 12			0.01		-1.74		10.94		0.36282	0.2205	63.4791913795	4.8908
2 2 10			-0.01		-1.75		11.07		0.363	0.6429	46.7739448495	44.8949
5 1 1			-0.0		-1.75		11.08		0.363	0.5346	46.1701152	26.7419
0 0 18			0.01		-1.74		11.0		0.36308	0.6609	73.530655613	37.988
0 4 10			-0.01		-1.75		11.1		0.36328	0.9893	53.7871001638	44.1425
0 2 8			0.01		-1.74		10.96		0.36327	0.1155	35.7619852008	1.7384
3 1 13			0.01		-1.72		10.82		0.36328	0.3869	59.4126405656	11.7895
1 5 1			-0.0		-1.73		10.83		0.36327	0.4978	46.196563203	27.3004
6 0 0			0.01		-1.72		10.76		0.36327	0.7256	54.7363985401	55.434
4 2 0			-0.0		-1.72		10.78		0.36327	0.9287	40.0811891304	86.5118
3 1 1			-0.01		-1.73		10.89		0.36326	0.5239	28.3131072915	41.7464
0 6 14			0.01		-1.72		10.81		0.36313	0.9096	81.7552219026	27.2955
0 2 20			0.01		-1.71		10.68		0.36313	0.4494	86.0769303832	2.8517
6 0 4			-0.01		-1.72		10.82		0.36317	0.7069	57.1830782131	42.6751
6 4 4			-0.0		-1.73		10.85		0.36319	0.6669	69.2748711385	33.991
0 6 0			0.0		-1.72		10.8		0.36319	1.4277	54.7714555341	59.4019
0 6 16			0.01		-1.71		10.68		0.36312	0.4825	89.3859051251	7.6515
2 2 4			-0.04		-1.75		11.13		0.3631	0.7551	29.4672289371	73.6026
7 1 1			0.0		-1.75		11.12		0.36309	0.5207	65.7483230412	25.2044
3 5 7			0.01		-1.74		11.02		0.36309	0.2309	60.5203777188	5.6046
0 2 10			-0.0		-1.74		11.05		0.36307	0.4317	42.9590557724	21.0204
0 0 16			0.0		-1.74		11.03		0.36346	1.3342	64.286058028	116.6634
3 7 5			-0.0		-1.74		11.06		0.36357	1.0548	74.7470539899	89.5814
4 2 12			0.01		-1.74		10.96		0.36355	0.2244	63.468523569	4.7972
1 5 9			0.0		-1.73		10.91		0.36345	0.4394	58.984264935	17.7365
0 2 4			-0.06		-1.79		11.55		0.36348	1.326	23.4223631322	110.0283
3 3 3			-0.01		-1.8		11.69		0.36344	0.8081	39.7679129272	70.9373
0 0 22			0.01		-1.79		11.59		0.36344	2.2765	94.0325860765	137.6091
0 2 2			-0.01		-1.8		11.74		0.36343	0.4614	19.2417464495	36.8131
0 0 8			-0.06		-1.87		12.55		0.36363	2.1948	30.8548203523	183.9052