HKL Value		Reward		TotalReward	Chi Squared	Z Appr. 	Error	Two-Thetas	Sfs2
2 2 6			0.0		0.0		0.0		0.3	8.3224	34.2684003079	615.2447
4 2 10			0.0		0.0		331.55		0.48861	1.1102	57.0442200735	11.3144
0 0 20			0.98		0.98		167.68		0.48463	0.4542	83.3712939521	4.3689
0 2 18			0.48		1.46		113.36		0.48286	0.3755	76.3208597895	3.7538
4 6 0			0.33		1.79		85.03		0.48286	0.7863	67.1083315067	59.4729
0 6 12			0.2		1.99		70.95		0.47995	0.3425	75.0250979777	1.887
1 3 5			-0.16		1.83		84.14		0.47953	3.1323	34.189462707	190.138
6 0 6			0.17		2.0		72.14		0.47961	1.0815	60.1501886982	39.9969
0 6 6			0.14		2.14		63.16		0.47971	1.0147	60.183190367	40.9583
0 6 8			0.12		2.26		56.15		0.47976	0.7694	64.1950429677	5.6946
4 4 10			0.11		2.38		50.53		0.47975	0.6886	66.23802526	47.6672
2 4 10			0.1		2.48		45.95		0.47986	0.607	57.0555982332	12.0937
0 6 10			0.09		2.57		42.15		0.4797	0.8527	69.1637693973	8.5049
2 0 10			0.08		2.64		39.19		0.48005	0.6169	42.9543880851	20.236
6 2 10			0.08		2.72		36.42		0.47987	0.7103	71.9901825081	43.9921
0 6 2			0.0		2.72		36.37		0.47973	0.2356	55.3895592761	6.1752
4 0 10			0.07		2.79		34.1		0.47964	0.6243	53.7713327333	45.2096
9 1 1			0.04		2.83		32.71		0.47964	0.8793	87.9915459652	19.6393
6 4 0			0.06		2.89		30.89		0.47964	1.8287	67.0910631577	58.6803
5 3 1			0.02		2.9		30.36		0.47964	0.5252	53.2386121167	32.835
2 4 0			0.03		2.93		29.53		0.47964	1.4359	40.0960076051	88.2765
2 4 14			0.03		2.96		28.72		0.47948	0.5221	70.6383718296	19.4111
0 4 16			-0.01		2.96		28.87		0.48076	1.5557	75.7704700384	94.8658
5 1 11			-0.14		2.81		33.66		0.47955	3.2753	64.7131722767	203.727
4 4 6			-0.15		2.66		39.61		0.48046	4.3817	57.0116572758	400.3855