HKL Value		Reward		TotalReward	Chi Squared	Z Appr. 	Error	Two-Thetas	Sfs2
0 0 20			0.0		0.0		0.0		0.3	0.4542	83.3712939521	4.3689
5 3 1			0.0		0.0		8.53		0.31668	0.5252	53.2386121167	32.835
2 4 0			-0.24		-0.24		11.17		0.31668	1.4359	40.0960076051	88.2765
4 2 4			-0.54		-0.78		24.34		0.31656	0.7624	43.1345383828	64.2766
6 0 6			0.33		-0.44		18.27		0.31649	1.0815	60.1501886982	39.9969
4 2 10			0.24		-0.21		14.77		0.31744	1.1102	57.0442200735	11.3144
1 1 3			0.02		-0.19		14.52		0.31768	0.4514	16.9416048235	36.8187
4 6 0			0.17		-0.02		12.45		0.31768	0.7863	67.1083315067	59.4729
0 6 6			0.14		0.12		10.9		0.31759	1.0147	60.183190367	40.9583
4 4 12			0.1		0.22		9.89		0.31983	1.9475	72.2035773977	130.2426
6 2 10			0.11		0.33		8.94		0.32057	0.7103	71.9901825081	43.9921
0 6 8			0.08		0.41		8.24		0.32098	0.7694	64.1950429677	5.6946
0 6 2			0.06		0.47		7.78		0.32092	0.2356	55.3895592761	6.1752
4 6 6			-0.01		0.46		7.82		0.3199	1.1903	71.9781772466	41.9784
2 2 0			-0.85		-0.39		53.67		0.3199	11.1953	25.0390113278	1035.9387
4 4 10			0.07		-0.32		50.09		0.31999	0.6886	66.23802526	47.6672
0 0 6			-0.27		-0.59		68.92		0.32212	7.4326	23.0169618987	709.6598
4 4 8			-0.09		-0.68		75.8		0.32267	3.9407	61.1479986878	218.5721
0 4 16			0.06		-0.62		71.62		0.32211	1.5557	75.7704700384	94.8658
2 0 10			0.05		-0.57		68.13		0.32146	0.6169	42.9543880851	20.236
5 1 11			-0.07		-0.64		73.27		0.32172	3.2753	64.7131722767	203.727
1 1 15			0.05		-0.59		69.91		0.32248	0.656	61.3839959686	20.6242
2 4 14			0.05		-0.55		66.83		0.32242	0.5221	70.6383718296	19.4111
1 3 9			0.03		-0.51		64.6		0.32106	0.2622	45.3040218183	7.1674
9 1 1			0.04		-0.47		61.98		0.32102	0.8793	87.9915459652	19.6393
3 5 9			0.04		-0.43		59.53		0.32081	0.4755	65.0802252419	19.5165
2 0 16			0.04		-0.39		57.32		0.32148	0.5935	67.2372591268	11.8907
6 2 8			-0.08		-0.47		62.1		0.32172	3.3751	67.1207225085	222.106
0 6 10			0.04		-0.43		59.88		0.32173	0.8527	69.1637693973	8.5049
2 4 10			0.04		-0.4		57.84		0.32156	0.607	57.0555982332	12.0937
2 6 0			-0.11		-0.51		65.09		0.32156	4.3567	58.0028534629	558.9791
0 0 16			0.03		-0.48		63.08		0.32108	1.3342	64.286058028	116.6634
1 1 9			0.02		-0.46		61.79		0.31993	0.2216	37.1193146943	1.1702
0 4 4			0.02		-0.44		60.58		0.31966	0.8482	39.0545896029	78.0016
7 1 1			0.03		-0.41		58.98		0.31963	0.5207	65.7483230412	25.2044
3 1 5			-0.04		-0.45		61.49		0.3198	2.8985	34.1781376955	186.2389
0 2 2			0.02		-0.43		60.34		0.31975	0.4614	19.2417464495	36.8131
2 4 8			0.02		-0.41		59.22		0.32023	0.1687	51.4325245866	2.4593
5 1 9			0.03		-0.39		57.75		0.31995	0.4583	58.9619928854	19.0838
6 4 0			0.03		-0.36		56.27		0.31995	1.8287	67.0910631577	58.6803
4 6 2			0.03		-0.33		54.89		0.31994	0.2349	67.657370766	5.5969
4 0 14			-0.02		-0.36		56.09		0.31992	1.986	67.7459682929	124.3248
3 7 1			0.02		-0.33		54.82		0.31989	1.2822	71.5694631273	22.2453
6 0 10			0.02		-0.31		53.56		0.32	1.0728	69.1331306246	8.9056
5 1 13			0.01		-0.3		52.91		0.32159	0.4567	71.2764535317	11.3258
7 3 1			0.02		-0.27		51.8		0.32157	0.5095	71.5359286583	22.1332
2 4 12			0.0		-0.27		51.78		0.31958	0.2205	63.4791913795	4.8908
6 2 0			-0.09		-0.36		56.68		0.31958	4.3933	57.9728440251	566.5186
2 2 4			0.01		-0.35		55.99		0.31942	0.7551	29.4672289371	73.6026
0 2 10			0.02		-0.33		54.91		0.31926	0.4317	42.9590557724	21.0204
5 3 11			-0.04		-0.37		57.19		0.31928	1.8677	70.5420870211	204.0714
1 5 3			0.01		-0.36		56.46		0.31932	0.9511	47.585042181	85.8034
2 6 10			0.02		-0.34		55.38		0.31943	0.7069	72.0169435829	44.7171
6 0 8			0.02		-0.32		54.38		0.31949	2.9234	64.163237895	5.3359
3 1 15			0.02		-0.3		53.38		0.31939	0.2871	67.3554895111	7.7692
2 0 2			0.01		-0.29		52.76		0.31936	0.6502	19.2320929378	35.9547
1 5 1			0.02		-0.27		51.95		0.31935	0.4978	46.196563203	27.3004
0 0 10			0.02		-0.25		51.05		0.31944	0.8316	38.8438017949	41.7013
4 0 10			0.02		-0.24		50.18		0.31952	0.6243	53.7713327333	45.2096
0 2 16			0.02		-0.22		49.37		0.31973	1.8687	67.2407114996	13.8307
2 0 14			0.01		-0.21		48.67		0.31966	0.2634	58.6945218607	7.3942
3 5 11			-0.04		-0.25		50.67		0.31968	1.8915	70.5555824797	206.4699
4 2 2			0.01		-0.23		49.94		0.31967	0.457	40.8620305525	12.2524
4 6 4			0.01		-0.22		49.54		0.31968	1.0731	69.291881243	33.3045
1 3 15			0.02		-0.21		48.77		0.3196	0.2862	67.3623786269	8.1809
4 4 0			-0.08		-0.29		53.03		0.3196	4.9852	51.3853572345	648.027
1 7 1			0.01		-0.27		52.33		0.31959	0.5219	65.7901743415	26.2984
2 2 16			0.02		-0.26		51.55		0.31955	1.1693	70.1293332912	108.6018
3 3 1			0.01		-0.25		50.92		0.31953	0.5106	38.1558496662	33.1617
4 0 6			-0.05		-0.3		53.85		0.31978	5.3963	42.900258124	488.2208
2 2 10			0.01		-0.29		53.08		0.31982	0.6429	46.7739448495	44.8949
4 2 14			0.01		-0.27		52.37		0.31984	1.2576	70.6282605877	19.9713
6 0 2			0.01		-0.26		51.67		0.31983	0.2214	55.354768557	5.4487
5 1 1			0.01		-0.25		51.06		0.31982	0.5346	46.1701152	26.7419
3 1 1			0.01		-0.24		50.55		0.3198	0.5239	28.3131072915	41.7464
2 4 2			0.01		-0.23		49.96		0.31979	0.3828	40.8766170199	13.2501
5 3 9			0.01		-0.21		49.31		0.31977	0.4833	65.0662013285	20.8409
3 7 5			-0.0		-0.22		49.48		0.31983	1.0548	74.7470539899	89.5814
0 6 4			0.0		-0.21		49.26		0.31982	0.6675	57.2171401797	42.9768
6 4 2			0.01		-0.2		48.64		0.31982	0.2211	67.6401768609	4.8049
4 2 8			0.01		-0.19		48.27		0.31999	0.7605	51.4203212226	2.5419
6 4 6			0.01		-0.18		47.77		0.31991	0.9247	71.9614498967	41.9809
3 3 9			0.01		-0.17		47.24		0.31978	0.3816	52.4524123761	12.0632
3 5 3			0.0		-0.16		47.03		0.3198	0.9259	54.5093201099	87.7589
3 1 13			0.01		-0.16		46.8		0.32053	0.3869	59.4126405656	11.7895
2 4 6			0.01		-0.15		46.25		0.32055	0.785	46.7364348384	64.2552
6 0 0			0.01		-0.14		45.77		0.32055	0.7256	54.7363985401	55.434
0 6 16			0.01		-0.13		45.33		0.32085	0.4825	89.3859051251	7.6515
3 5 7			0.01		-0.12		45.07		0.32122	0.2309	60.5203777188	5.6046
0 2 20			0.0		-0.12		45.02		0.32036	0.4494	86.0769303832	2.8517
1 3 1			0.01		-0.11		44.67		0.32035	0.5324	28.3265170018	42.1271
3 1 9			0.01		-0.1		44.27		0.3202	0.36	45.2950695798	8.7768
0 4 10			0.01		-0.09		43.79		0.32023	0.9893	53.7871001638	44.1425
0 2 14			0.01		-0.08		43.43		0.32019	0.2479	58.6982494177	6.3292
3 5 1			0.01		-0.08		43.06		0.32018	0.5283	53.2544885252	31.9012
7 1 7			0.0		-0.07		42.87		0.32057	0.3505	72.2660298289	5.0526
1 3 13			0.0		-0.07		42.67		0.32111	0.3907	59.4200243294	11.5335
0 6 14			0.01		-0.06		42.32		0.32112	0.9096	81.7552219026	27.2955
1 5 13			0.01		-0.05		42.06		0.32155	1.1973	71.2966048402	12.6128
3 3 15			0.01		-0.05		41.78		0.32113	0.3402	73.0835579415	3.8877
4 2 0			0.01		-0.04		41.49		0.32112	0.9287	40.0811891304	86.5118
0 2 12			0.01		-0.03		41.26		0.32082	0.3827	50.6142203783	17.5707