HKL Value		Reward		TotalReward	Chi Squared	Z Appr. 	Error	Two-Thetas	Sfs2
4 2 10			0.0		0.0		0.0		0.3	1.1102	57.0442200735	11.3144
0 2 22			0.0		0.0		18.67		0.31849	1.8317	96.7387030121	97.213
4 6 0			1.0		1.0		9.36		0.31849	0.7863	67.1083315067	59.4729
0 6 6			0.49		1.49		6.27		0.31841	1.0147	60.183190367	40.9583
4 4 0			-0.93		0.56		86.25		0.31841	4.9852	51.3853572345	648.027
4 4 8			-0.19		0.37		106.5		0.3187	3.9407	61.1479986878	218.5721
0 2 18			0.19		0.56		89.69		0.31629	0.3755	76.3208597895	3.7538
6 0 6			0.17		0.72		76.88		0.31628	1.0815	60.1501886982	39.9969
6 4 0			0.14		0.87		67.27		0.31628	1.8287	67.0910631577	58.6803
0 6 8			0.12		0.99		60.07		0.31635	0.7694	64.1950429677	5.6946
2 0 14			0.1		1.09		54.43		0.31593	0.2634	58.6945218607	7.3942
2 4 14			0.09		1.18		49.82		0.31616	0.5221	70.6383718296	19.4111
2 6 10			0.08		1.27		46.01		0.31669	0.7069	72.0169435829	44.7171
4 6 2			0.08		1.35		42.52		0.31667	0.2349	67.657370766	5.5969
0 6 2			0.07		1.42		39.66		0.31666	0.2356	55.3895592761	6.1752
6 0 8			0.07		1.49		37.21		0.31674	2.9234	64.163237895	5.3359
6 4 2			0.07		1.55		34.91		0.31672	0.2211	67.6401768609	4.8049
5 1 13			-0.02		1.53		35.75		0.31888	0.4567	71.2764535317	11.3258
3 1 15			0.06		1.59		33.77		0.31884	0.2871	67.3554895111	7.7692
2 4 10			0.06		1.64		31.99		0.31884	0.607	57.0555982332	12.0937
6 0 2			0.05		1.69		30.5		0.31884	0.2214	55.354768557	5.4487
0 6 10			0.05		1.74		29.1		0.31896	0.8527	69.1637693973	8.5049
2 0 10			0.04		1.78		27.9		0.31883	0.6169	42.9543880851	20.236
9 1 1			0.04		1.83		26.76		0.31883	0.8793	87.9915459652	19.6393
6 0 10			0.04		1.87		25.68		0.31893	1.0728	69.1331306246	8.9056
1 3 15			0.04		1.91		24.65		0.31891	0.2862	67.3623786269	8.1809
1 1 9			0.02		1.92		24.28		0.31844	0.2216	37.1193146943	1.1702
3 3 15			0.03		1.96		23.46		0.31821	0.3402	73.0835579415	3.8877
3 3 9			0.03		1.99		22.71		0.31809	0.3816	52.4524123761	12.0632
5 1 9			0.03		2.03		21.98		0.318	0.4583	58.9619928854	19.0838
2 0 16			0.02		2.05		21.53		0.31831	0.5935	67.2372591268	11.8907
3 7 1			0.03		2.08		20.92		0.3183	1.2822	71.5694631273	22.2453
0 2 14			0.02		2.09		20.53		0.31816	0.2479	58.6982494177	6.3292
1 1 15			0.02		2.11		20.16		0.31834	0.656	61.3839959686	20.6242
0 6 4			-0.02		2.1		20.51		0.31833	0.6675	57.2171401797	42.9768
0 0 20			0.03		2.12		19.93		0.31828	0.4542	83.3712939521	4.3689
4 2 2			0.02		2.15		19.53		0.31827	0.457	40.8620305525	12.2524
6 0 12			-0.05		2.09		20.6		0.31641	0.5892	74.995462768	0.9301
6 2 10			0.02		2.11		20.17		0.31659	0.7103	71.9901825081	43.9921
7 3 1			0.02		2.14		19.72		0.31659	0.5095	71.5359286583	22.1332
0 6 12			-0.01		2.13		19.85		0.31575	0.3425	75.0250979777	1.887
1 3 9			0.02		2.15		19.44		0.31563	0.2622	45.3040218183	7.1674
0 4 16			0.02		2.17		19.09		0.31573	1.5557	75.7704700384	94.8658
1 1 1			0.0		2.17		19.03		0.31571	0.5749	13.0194761966	56.7652
4 2 0			0.01		2.18		18.89		0.31571	0.9287	40.0811891304	86.5118
2 0 8			-0.1		2.09		20.87		0.31599	0.1665	35.7565424018	1.5727
3 1 9			0.02		2.11		20.46		0.3159	0.36	45.2950695798	8.7768
2 4 2			0.02		2.12		20.15		0.31589	0.3828	40.8766170199	13.2501
6 4 6			0.02		2.14		19.83		0.31581	0.9247	71.9614498967	41.9809
4 0 10			0.02		2.15		19.52		0.31598	0.6243	53.7713327333	45.2096
4 4 10			0.02		2.17		19.18		0.31609	0.6886	66.23802526	47.6672
0 2 12			0.02		2.19		18.86		0.31595	0.3827	50.6142203783	17.5707
2 0 12			0.02		2.21		18.55		0.31579	0.8079	50.6101057273	16.6151
4 6 6			0.01		2.22		18.29		0.31572	1.1903	71.9781772466	41.9784
4 2 14			0.01		2.23		18.03		0.31578	1.2576	70.6282605877	19.9713
2 4 8			-0.01		2.23		18.15		0.31586	0.1687	51.4325245866	2.4593
5 3 9			0.02		2.24		17.84		0.31589	0.4833	65.0662013285	20.8409
6 0 0			0.01		2.26		17.61		0.31589	0.7256	54.7363985401	55.434
0 4 14			-0.08		2.18		19.04		0.31585	1.2337	67.7597167724	121.3788
3 5 9			0.02		2.2		18.72		0.31587	0.4755	65.0802252419	19.5165
0 2 16			0.01		2.21		18.57		0.31602	1.8687	67.2407114996	13.8307
2 4 12			0.0		2.21		18.49		0.31561	0.2205	63.4791913795	4.8908
2 2 10			0.01		2.22		18.27		0.31574	0.6429	46.7739448495	44.8949
4 2 12			0.0		2.23		18.18		0.31536	0.2244	63.468523569	4.7972
4 2 8			-0.01		2.22		18.27		0.31543	0.7605	51.4203212226	2.5419
2 2 4			-0.0		2.22		18.29		0.31536	0.7551	29.4672289371	73.6026
1 3 13			-0.04		2.18		19.04		0.31604	0.3907	59.4200243294	11.5335