HKL Value		Reward		TotalReward	Chi Squared	Z Appr. 	Error	Two-Thetas	Sfs2
4 2 10			0.0		0.0		0.0		0.3	1.1102	57.0442200735	11.3144
4 6 0			0.0		0.0		0.04		0.38048	0.7863	67.1083315067	59.4729
0 6 6			-0.98		-0.98		2.1		0.35022	1.0147	60.183190367	40.9583
5 3 1			-0.63		-1.61		5.63		0.34871	0.5252	53.2386121167	32.835
6 0 6			0.33		-1.28		4.25		0.34962	1.0815	60.1501886982	39.9969
0 2 18			0.21		-1.07		3.51		0.35236	0.3755	76.3208597895	3.7538
0 6 8			0.17		-0.9		3.0		0.3527	0.7694	64.1950429677	5.6946
6 4 0			0.17		-0.74		2.57		0.3527	1.8287	67.0910631577	58.6803
2 0 14			0.14		-0.6		2.26		0.35258	0.2634	58.6945218607	7.3942
2 4 14			0.06		-0.54		2.14		0.35304	0.5221	70.6383718296	19.4111
0 0 10			-0.52		-1.06		4.45		0.35345	0.8316	38.8438017949	41.7013
0 6 2			0.04		-1.02		4.29		0.35356	0.2356	55.3895592761	6.1752
0 2 20			0.09		-0.93		3.95		0.354	0.4494	86.0769303832	2.8517
4 6 2			0.02		-0.91		3.85		0.35398	0.2349	67.657370766	5.5969
6 4 2			0.03		-0.88		3.74		0.35396	0.2211	67.6401768609	4.8049
2 4 10			-0.02		-0.9		3.82		0.35369	0.607	57.0555982332	12.0937
9 1 1			-0.01		-0.91		3.86		0.35357	0.8793	87.9915459652	19.6393
6 0 8			0.06		-0.85		3.64		0.35377	2.9234	64.163237895	5.3359
0 6 10			0.01		-0.84		3.59		0.3536	0.8527	69.1637693973	8.5049
3 1 15			0.01		-0.83		3.56		0.35274	0.2871	67.3554895111	7.7692
4 4 10			-0.27		-1.09		4.85		0.35309	0.6886	66.23802526	47.6672
2 0 10			-0.05		-1.15		5.11		0.35286	0.6169	42.9543880851	20.236
6 0 2			0.03		-1.12		4.98		0.35292	0.2214	55.354768557	5.4487
5 1 7			0.03		-1.09		4.82		0.35287	0.2609	54.1000446603	4.252
6 0 10			0.02		-1.07		4.75		0.35274	1.0728	69.1331306246	8.9056
4 0 4			-0.27		-1.34		6.49		0.35222	1.2165	39.0343929222	79.1487
1 1 9			0.02		-1.32		6.35		0.35374	0.2216	37.1193146943	1.1702
1 3 3			-0.08		-1.4		6.91		0.35346	0.7045	30.3940112777	66.1614
0 0 20			-0.07		-1.47		7.41		0.3646	0.4542	83.3712939521	4.3689
3 3 9			0.01		-1.46		7.34		0.36443	0.3816	52.4524123761	12.0632
5 1 9			-0.0		-1.46		7.36		0.36417	0.4583	58.9619928854	19.0838
3 3 15			0.03		-1.43		7.14		0.3642	0.3402	73.0835579415	3.8877
6 2 0			-0.55		-1.97		15.74		0.3642	4.3933	57.9728440251	566.5186
3 7 1			0.02		-1.96		15.46		0.36417	1.2822	71.5694631273	22.2453
4 6 6			0.03		-1.93		15.02		0.36411	1.1903	71.9781772466	41.9784
2 0 16			0.03		-1.9		14.59		0.36406	0.5935	67.2372591268	11.8907
1 3 15			0.02		-1.87		14.26		0.3641	0.2862	67.3623786269	8.1809
6 2 10			-0.0		-1.88		14.32		0.36445	0.7103	71.9901825081	43.9921
0 4 16			0.03		-1.85		13.97		0.36471	1.5557	75.7704700384	94.8658
4 0 10			-0.01		-1.86		14.04		0.36504	0.6243	53.7713327333	45.2096
3 1 13			0.02		-1.83		13.7		0.36489	0.3869	59.4126405656	11.7895
0 6 12			0.02		-1.81		13.38		0.36488	0.3425	75.0250979777	1.887
1 1 15			0.01		-1.8		13.28		0.36493	0.656	61.3839959686	20.6242
0 2 14			0.02		-1.78		12.97		0.36491	0.2479	58.6982494177	6.3292
7 3 1			0.01		-1.77		12.83		0.36489	0.5095	71.5359286583	22.1332
0 4 20			0.02		-1.75		12.56		0.36468	1.027	94.1654323607	18.6345
4 2 2			0.01		-1.74		12.44		0.36469	0.457	40.8620305525	12.2524
1 3 9			0.02		-1.72		12.23		0.36463	0.2622	45.3040218183	7.1674
2 4 2			0.01		-1.71		12.14		0.36464	0.3828	40.8766170199	13.2501
5 1 13			0.02		-1.69		11.9		0.36453	0.4567	71.2764535317	11.3258
2 0 12			0.01		-1.69		11.82		0.36442	0.8079	50.6101057273	16.6151
6 4 6			0.02		-1.67		11.59		0.36438	0.9247	71.9614498967	41.9809
3 1 9			0.01		-1.65		11.44		0.36432	0.36	45.2950695798	8.7768
0 2 12			0.0		-1.65		11.39		0.36421	0.3827	50.6142203783	17.5707
1 1 3			-0.01		-1.66		11.48		0.36417	0.4514	16.9416048235	36.8187
0 2 16			0.02		-1.64		11.27		0.3642	1.8687	67.2407114996	13.8307
4 2 14			0.01		-1.62		11.12		0.36409	1.2576	70.6282605877	19.9713
5 3 9			-0.0		-1.62		11.12		0.36398	0.4833	65.0662013285	20.8409
7 3 3			-0.02		-1.64		11.31		0.36393	1.9283	72.601334037	69.5466
2 4 8			0.01		-1.63		11.2		0.36379	0.1687	51.4325245866	2.4593
1 3 13			0.02		-1.61		11.01		0.36377	0.3907	59.4200243294	11.5335
2 2 10			-0.01		-1.62		11.14		0.36395	0.6429	46.7739448495	44.8949
0 0 12			-0.16		-1.79		13.3		0.36334	3.2426	47.0346015839	274.3783
3 5 9			0.0		-1.78		13.24		0.36323	0.4755	65.0802252419	19.5165
2 4 12			0.01		-1.77		13.06		0.36319	0.2205	63.4791913795	4.8908
6 0 0			0.01		-1.76		12.93		0.36319	0.7256	54.7363985401	55.434
2 2 16			0.01		-1.75		12.84		0.36355	1.1693	70.1293332912	108.6018
5 1 1			0.0		-1.75		12.82		0.36355	0.5346	46.1701152	26.7419
0 0 4			-0.03		-1.78		13.25		0.36353	0.8482	15.2869714585	59.1035
0 0 18			0.01		-1.77		13.13		0.36362	0.6609	73.530655613	37.988
0 0 6			-0.3		-2.08		18.87		0.36303	7.4326	23.0169618987	709.6598
3 3 1			0.0		-2.07		18.8		0.36301	0.5106	38.1558496662	33.1617
4 2 8			0.01		-2.06		18.59		0.3629	0.7605	51.4203212226	2.5419
1 5 1			0.0		-2.06		18.5		0.36289	0.4978	46.196563203	27.3004
4 2 0			0.0		-2.05		18.42		0.36289	0.9287	40.0811891304	86.5118
1 1 11			-0.09		-2.15		20.32		0.36293	2.144	44.8525636461	378.5934
0 2 2			-0.0		-2.15		20.4		0.36293	0.4614	19.2417464495	36.8131
0 6 14			0.01		-2.14		20.19		0.36283	0.9096	81.7552219026	27.2955
0 4 10			0.0		-2.14		20.17		0.36298	0.9893	53.7871001638	44.1425
2 4 6			0.01		-2.13		20.05		0.36285	0.785	46.7364348384	64.2552
3 5 5			-0.01		-2.15		20.35		0.36304	1.2751	56.9624934876	133.7285
3 3 13			0.01		-2.14		20.11		0.363	0.5636	65.4922780779	9.1158
2 6 10			0.0		-2.14		20.09		0.36314	0.7069	72.0169435829	44.7171
4 6 4			0.0		-2.13		20.0		0.36316	1.0731	69.291881243	33.3045
1 7 1			0.01		-2.13		19.9		0.36315	0.5219	65.7901743415	26.2984
0 0 14			0.0		-2.12		19.87		0.36297	0.8389	55.4890953336	74.9432
3 7 5			0.0		-2.12		19.8		0.36309	1.0548	74.7470539899	89.5814
3 3 3			-0.0		-2.12		19.86		0.36305	0.8081	39.7679129272	70.9373
7 1 1			0.01		-2.12		19.75		0.36304	0.5207	65.7483230412	25.2044
6 4 4			0.0		-2.12		19.68		0.36305	0.6669	69.2748711385	33.991
0 2 22			0.0		-2.11		19.67		0.3631	1.8317	96.7387030121	97.213
4 4 12			-0.01		-2.13		19.97		0.36277	1.9475	72.2035773977	130.2426
3 5 1			0.0		-2.13		19.9		0.36276	0.5283	53.2544885252	31.9012
3 1 1			0.0		-2.13		19.89		0.36275	0.5239	28.3131072915	41.7464
0 2 10			0.0		-2.12		19.83		0.36272	0.4317	42.9590557724	21.0204
3 5 7			0.01		-2.11		19.64		0.36272	0.2309	60.5203777188	5.6046
2 2 4			-0.02		-2.13		19.96		0.36271	0.7551	29.4672289371	73.6026
4 2 12			0.01		-2.12		19.77		0.36267	0.2244	63.468523569	4.7972
0 6 18			0.01		-2.11		19.57		0.36267	0.7949	98.0280769063	1.8601
0 0 16			0.0		-2.1		19.48		0.36302	1.3342	64.286058028	116.6634
3 1 3			-0.0		-2.11		19.54		0.36298	1.2003	30.3814370344	67.5761
0 2 8			0.01		-2.1		19.35		0.36297	0.1155	35.7619852008	1.7384