HKL Value		Reward		TotalReward	Chi Squared	Z Appr. 	Error	Two-Thetas	Sfs2
4 2 10			0.0		0.0		0.0		0.3	1.1102	57.0442200735	11.3144
1 3 9			0.0		0.0		5.17		0.31511	0.2622	45.3040218183	7.1674
4 6 0			0.98		0.98		2.61		0.31511	0.7863	67.1083315067	59.4729
0 6 6			0.49		1.48		1.75		0.31519	1.0147	60.183190367	40.9583
0 2 18			0.25		1.73		1.39		0.31443	0.3755	76.3208597895	3.7538
6 0 6			0.25		1.98		1.12		0.31447	1.0815	60.1501886982	39.9969
0 0 20			-0.06		1.92		1.19		0.31541	0.4542	83.3712939521	4.3689
6 2 6			-0.94		0.97		21.31		0.3161	3.9921	63.2107357729	344.5633
0 6 8			0.12		1.1		18.96		0.31616	0.7694	64.1950429677	5.6946
0 4 20			0.11		1.2		17.13		0.31569	1.027	94.1654323607	18.6345
2 2 4			-0.01		1.19		17.37		0.31542	0.7551	29.4672289371	73.6026
0 6 2			0.08		1.27		16.01		0.3154	0.2356	55.3895592761	6.1752
6 4 0			0.09		1.36		14.68		0.3154	1.8287	67.0910631577	58.6803
2 4 10			0.07		1.44		13.66		0.31564	0.607	57.0555982332	12.0937
2 0 10			0.07		1.51		12.72		0.31554	0.6169	42.9543880851	20.236
0 6 12			-0.01		1.5		12.91		0.31433	0.3425	75.0250979777	1.887
9 1 1			0.06		1.56		12.19		0.31431	0.8793	87.9915459652	19.6393
4 0 10			0.02		1.58		11.9		0.31464	0.6243	53.7713327333	45.2096
4 6 2			0.06		1.64		11.27		0.31464	0.2349	67.657370766	5.5969
4 4 10			0.03		1.67		10.91		0.31489	0.6886	66.23802526	47.6672
0 6 10			0.02		1.69		10.71		0.31522	0.8527	69.1637693973	8.5049
5 1 9			0.05		1.74		10.21		0.31518	0.4583	58.9619928854	19.0838
4 0 4			-0.03		1.7		10.57		0.31505	1.2165	39.0343929222	79.1487
2 4 14			0.03		1.73		10.3		0.31515	0.5221	70.6383718296	19.4111
6 2 10			0.01		1.75		10.15		0.31544	0.7103	71.9901825081	43.9921
4 2 0			-0.01		1.73		10.26		0.31544	0.9287	40.0811891304	86.5118
3 1 15			0.03		1.77		9.92		0.31555	0.2871	67.3554895111	7.7692
2 6 2			-0.26		1.51		13.37		0.31559	1.2892	58.5985395934	134.3564
0 2 12			0.03		1.54		12.95		0.31541	0.3827	50.6142203783	17.5707
5 1 7			-0.11		1.43		14.62		0.31645	0.2609	54.1000446603	4.252
6 0 8			0.03		1.46		14.23		0.31648	2.9234	64.163237895	5.3359
6 4 2			0.03		1.49		13.78		0.31648	0.2211	67.6401768609	4.8049
3 7 1			0.03		1.51		13.43		0.31647	1.2822	71.5694631273	22.2453
2 0 14			0.02		1.54		13.14		0.31633	0.2634	58.6945218607	7.3942
0 2 20			0.02		1.56		12.89		0.31593	0.4494	86.0769303832	2.8517
3 7 5			-0.1		1.45		14.35		0.31597	1.0548	74.7470539899	89.5814
6 0 10			0.02		1.47		14.07		0.31613	1.0728	69.1331306246	8.9056
6 2 8			-0.25		1.22		18.79		0.31615	3.3751	67.1207225085	222.106
1 3 15			0.03		1.25		18.32		0.31622	0.2862	67.3623786269	8.1809
0 4 16			0.02		1.27		17.95		0.31632	1.5557	75.7704700384	94.8658
2 4 2			0.02		1.29		17.66		0.31632	0.3828	40.8766170199	13.2501
7 3 5			-0.06		1.23		18.75		0.31635	1.0496	74.7140851895	88.0788
2 0 16			0.01		1.23		18.62		0.31658	0.5935	67.2372591268	11.8907
7 3 1			0.02		1.26		18.24		0.31658	0.5095	71.5359286583	22.1332
2 4 0			0.01		1.26		18.14		0.31658	1.4359	40.0960076051	88.2765
1 1 15			0.01		1.27		17.97		0.31669	0.656	61.3839959686	20.6242
3 3 9			0.02		1.29		17.61		0.31663	0.3816	52.4524123761	12.0632
1 1 9			0.01		1.3		17.41		0.3164	0.2216	37.1193146943	1.1702
2 0 12			0.02		1.32		17.13		0.31621	0.8079	50.6101057273	16.6151
4 2 14			0.02		1.33		16.86		0.31626	1.2576	70.6282605877	19.9713
4 2 2			0.01		1.35		16.63		0.31625	0.457	40.8620305525	12.2524
1 5 9			0.02		1.37		16.32		0.3162	0.4394	58.984264935	17.7365
3 3 15			0.02		1.39		16.01		0.31618	0.3402	73.0835579415	3.8877
0 2 16			0.01		1.4		15.88		0.31634	1.8687	67.2407114996	13.8307
6 0 2			0.02		1.41		15.63		0.31633	0.2214	55.354768557	5.4487
0 0 2			-0.07		1.34		16.81		0.31634	1.161	7.62646333295	98.931
5 3 5			-0.08		1.26		18.37		0.31638	2.2247	56.9473208346	134.0256
3 5 9			0.02		1.27		18.05		0.31639	0.4755	65.0802252419	19.5165
3 1 9			0.02		1.29		17.78		0.31631	0.36	45.2950695798	8.7768
0 0 10			0.01		1.3		17.55		0.31644	0.8316	38.8438017949	41.7013
6 0 0			0.01		1.31		17.33		0.31644	0.7256	54.7363985401	55.434
2 4 8			-0.01		1.31		17.45		0.31652	0.1687	51.4325245866	2.4593
5 3 9			0.02		1.32		17.17		0.31654	0.4833	65.0662013285	20.8409
0 2 14			0.01		1.33		16.99		0.31643	0.2479	58.6982494177	6.3292
2 2 10			0.01		1.35		16.77		0.31654	0.6429	46.7739448495	44.8949
3 3 1			0.01		1.36		16.64		0.31653	0.5106	38.1558496662	33.1617
2 4 12			0.0		1.36		16.63		0.31611	0.2205	63.4791913795	4.8908
0 6 16			-0.01		1.35		16.76		0.31638	0.4825	89.3859051251	7.6515
2 2 0			-0.36		0.99		26.06		0.31638	11.1953	25.0390113278	1035.9387
5 1 13			-0.02		0.97		26.56		0.31705	0.4567	71.2764535317	11.3258