HKL Value		Reward		TotalReward	Chi Squared	Z Appr. 	Error	Two-Thetas	Sfs2
4 2 10			0.0		0.0		0.0		0.3	1.1102	57.0442200735	11.3144
4 6 0			0.0		0.0		0.04		0.38048	0.7863	67.1083315067	59.4729
1 1 9			-0.98		-0.98		2.26		0.3743	0.2216	37.1193146943	1.1702
3 1 7			0.46		-0.52		1.55		0.37475	0.257	39.2655360855	5.205
6 4 0			0.33		-0.19		1.16		0.37475	1.8287	67.0910631577	58.6803
0 2 18			-0.11		-0.3		1.31		0.37014	0.3755	76.3208597895	3.7538
0 6 4			-0.73		-1.03		4.82		0.37024	0.6675	57.2171401797	42.9768
5 3 11			-0.6		-1.63		12.04		0.36542	1.8677	70.5420870211	204.0714
3 3 15			0.14		-1.49		10.59		0.3657	0.3402	73.0835579415	3.8877
6 2 0			-0.74		-2.23		40.77		0.3657	4.3933	57.9728440251	566.5186
0 6 6			0.1		-2.13		37.18		0.36227	1.0147	60.183190367	40.9583
0 6 8			0.1		-2.04		33.94		0.36071	0.7694	64.1950429677	5.6946
6 0 6			0.08		-1.95		31.29		0.35958	1.0815	60.1501886982	39.9969
2 0 14			0.08		-1.87		28.9		0.35986	0.2634	58.6945218607	7.3942
2 4 14			0.07		-1.8		26.89		0.35951	0.5221	70.6383718296	19.4111
6 0 8			0.07		-1.73		25.14		0.35884	2.9234	64.163237895	5.3359
1 7 1			0.04		-1.69		24.25		0.3587	0.5219	65.7901743415	26.2984
4 6 2			0.05		-1.63		22.99		0.3587	0.2349	67.657370766	5.5969
6 4 2			0.05		-1.58		21.84		0.3587	0.2211	67.6401768609	4.8049
0 6 2			0.05		-1.53		20.81		0.35882	0.2356	55.3895592761	6.1752
4 0 2			-0.14		-1.67		24.23		0.35973	1.7854	36.5531212028	138.5255
3 1 15			0.04		-1.63		23.24		0.36023	0.2871	67.3554895111	7.7692
3 3 9			0.04		-1.59		22.3		0.35917	0.3816	52.4524123761	12.0632
0 6 10			0.04		-1.55		21.5		0.35878	0.8527	69.1637693973	8.5049
2 4 10			0.03		-1.52		20.85		0.35831	0.607	57.0555982332	12.0937
2 2 0			-0.55		-2.07		46.01		0.35831	11.1953	25.0390113278	1035.9387
6 0 10			0.04		-2.03		44.39		0.35791	1.0728	69.1331306246	8.9056
1 3 15			0.03		-2.0		42.9		0.35828	0.2862	67.3623786269	8.1809
0 2 14			0.04		-1.96		41.41		0.35858	0.2479	58.6982494177	6.3292
9 1 1			0.03		-1.93		40.15		0.35838	0.8793	87.9915459652	19.6393
4 2 12			0.03		-1.89		38.81		0.35815	0.2244	63.468523569	4.7972
3 3 13			0.03		-1.86		37.6		0.35918	0.5636	65.4922780779	9.1158
6 0 2			0.03		-1.83		36.49		0.35928	0.2214	55.354768557	5.4487
5 1 9			0.03		-1.8		35.47		0.35805	0.4583	58.9619928854	19.0838
1 3 9			0.03		-1.77		34.43		0.35778	0.2622	45.3040218183	7.1674
3 7 1			0.02		-1.75		33.62		0.35767	1.2822	71.5694631273	22.2453
0 0 10			0.01		-1.74		33.33		0.35861	0.8316	38.8438017949	41.7013
4 6 6			0.03		-1.71		32.44		0.35896	1.1903	71.9781772466	41.9784
2 0 16			0.02		-1.69		31.66		0.36039	0.5935	67.2372591268	11.8907
2 6 4			-0.01		-1.7		32.13		0.3601	0.8772	60.3635846112	78.02
6 4 6			0.03		-1.68		31.33		0.36023	0.9247	71.9614498967	41.9809
2 0 10			0.02		-1.66		30.86		0.3599	0.6169	42.9543880851	20.236
4 2 2			0.02		-1.64		30.3		0.35994	0.457	40.8620305525	12.2524
0 2 20			0.02		-1.62		29.62		0.36008	0.4494	86.0769303832	2.8517
7 3 1			0.02		-1.6		29.09		0.35998	0.5095	71.5359286583	22.1332
1 3 11			-0.06		-1.67		31.11		0.36123	2.4293	52.0561920156	298.4303
1 1 15			0.01		-1.65		30.66		0.36163	0.656	61.3839959686	20.6242
0 2 12			0.02		-1.64		30.13		0.36098	0.3827	50.6142203783	17.5707
3 1 9			0.02		-1.62		29.54		0.36055	0.36	45.2950695798	8.7768
4 2 14			0.02		-1.6		28.96		0.36034	1.2576	70.6282605877	19.9713
2 2 10			0.0		-1.59		28.83		0.36112	0.6429	46.7739448495	44.8949
2 0 12			0.02		-1.57		28.36		0.36033	0.8079	50.6101057273	16.6151
0 6 12			0.02		-1.55		27.81		0.3602	0.3425	75.0250979777	1.887
2 4 8			0.02		-1.54		27.32		0.35968	0.1687	51.4325245866	2.4593
0 6 0			0.01		-1.52		26.93		0.35968	1.4277	54.7714555341	59.4019
2 4 2			0.01		-1.51		26.59		0.3597	0.3828	40.8766170199	13.2501
5 3 9			0.01		-1.5		26.24		0.35893	0.4833	65.0662013285	20.8409
6 0 0			0.01		-1.48		25.86		0.35893	0.7256	54.7363985401	55.434
4 2 8			0.02		-1.46		25.43		0.35861	0.7605	51.4203212226	2.5419
1 7 7			0.02		-1.45		25.04		0.35861	0.4353	72.3061031614	6.1143
2 4 12			0.02		-1.43		24.62		0.35849	0.2205	63.4791913795	4.8908
6 2 10			0.0		-1.43		24.6		0.35903	0.7103	71.9901825081	43.9921
0 2 4			-0.03		-1.46		25.4		0.35928	1.326	23.4223631322	110.0283
5 1 13			0.01		-1.45		25.02		0.35987	0.4567	71.2764535317	11.3258
2 2 12			-0.03		-1.48		25.91		0.3568	1.9766	54.0147953295	208.0279
3 1 13			0.01		-1.47		25.58		0.35711	0.3869	59.4126405656	11.7895
4 4 10			-0.0		-1.47		25.6		0.35746	0.6886	66.23802526	47.6672
0 6 14			0.01		-1.46		25.25		0.35746	0.9096	81.7552219026	27.2955
1 3 13			0.01		-1.44		24.93		0.35788	0.3907	59.4200243294	11.5335
1 5 9			0.01		-1.43		24.59		0.35752	0.4394	58.984264935	17.7365
0 2 16			0.01		-1.42		24.33		0.35815	1.8687	67.2407114996	13.8307
4 0 10			0.0		-1.42		24.33		0.35882	0.6243	53.7713327333	45.2096
0 4 16			0.01		-1.41		24.15		0.36118	1.5557	75.7704700384	94.8658
3 3 1			0.01		-1.4		24.0		0.36116	0.5106	38.1558496662	33.1617
0 0 18			0.01		-1.39		23.76		0.36117	0.6609	73.530655613	37.988
0 0 20			0.01		-1.39		23.64		0.36329	0.4542	83.3712939521	4.3689
2 2 16			0.01		-1.38		23.41		0.36364	1.1693	70.1293332912	108.6018
3 3 7			0.01		-1.37		23.12		0.36364	0.1558	47.1418707618	3.5073
0 6 16			0.01		-1.35		22.83		0.36355	0.4825	89.3859051251	7.6515
1 5 1			0.01		-1.35		22.69		0.36354	0.4978	46.196563203	27.3004
0 0 22			0.01		-1.34		22.44		0.36354	2.2765	94.0325860765	137.6091
0 0 8			-0.04		-1.37		23.31		0.36373	2.1948	30.8548203523	183.9052
5 1 1			0.01		-1.37		23.17		0.36372	0.5346	46.1701152	26.7419
3 5 9			0.01		-1.36		23.01		0.36364	0.4755	65.0802252419	19.5165
0 4 10			0.0		-1.36		22.94		0.36379	0.9893	53.7871001638	44.1425
4 2 0			0.01		-1.35		22.83		0.36379	0.9287	40.0811891304	86.5118
2 6 10			0.0		-1.35		22.77		0.36394	0.7069	72.0169435829	44.7171
5 5 5			0.0		-1.35		22.71		0.36407	1.5862	69.0631626084	104.8873
0 4 18			0.01		-1.34		22.45		0.36408	0.8369	84.5238780681	17.4513
0 2 8			0.01		-1.33		22.21		0.36406	0.1155	35.7619852008	1.7384
4 6 4			0.0		-1.32		22.1		0.36408	1.0731	69.291881243	33.3045
2 4 6			0.01		-1.32		21.99		0.36396	0.785	46.7364348384	64.2552
1 1 3			0.0		-1.31		21.92		0.36393	0.4514	16.9416048235	36.8187
5 3 1			0.0		-1.31		21.84		0.36392	0.5252	53.2386121167	32.835
1 7 3			-0.0		-1.31		21.92		0.36387	0.9932	66.8968211493	90.2271
4 4 12			-0.01		-1.33		22.21		0.36353	1.9475	72.2035773977	130.2426
7 1 1			0.01		-1.32		22.09		0.36352	0.5207	65.7483230412	25.2044
0 0 16			0.01		-1.31		21.94		0.36384	1.3342	64.286058028	116.6634
0 6 18			0.01		-1.3		21.73		0.36384	0.7949	98.0280769063	1.8601
5 5 3			-0.0		-1.3		21.75		0.3638	0.8107	66.8760743485	64.1048
3 5 1			0.0		-1.3		21.67		0.36379	0.5283	53.2544885252	31.9012
3 1 1			0.0		-1.3		21.65		0.36378	0.5239	28.3131072915	41.7464