HKL Value		Reward		TotalReward	Chi Squared	Z Appr. 	Error	Two-Thetas	Sfs2
4 2 10			0.0		0.0		0.0		0.3	1.1102	57.0442200735	11.3144
4 6 0			0.0		0.0		0.04		0.38048	0.7863	67.1083315067	59.4729
0 2 18			-0.99		-0.99		2.91		0.37005	0.3755	76.3208597895	3.7538
0 6 6			0.95		-0.04		1.5		0.35262	1.0147	60.183190367	40.9583
6 0 6			0.32		0.28		1.13		0.35252	1.0815	60.1501886982	39.9969
0 6 8			0.15		0.43		0.99		0.35287	0.7694	64.1950429677	5.6946
6 4 0			0.2		0.63		0.82		0.35287	1.8287	67.0910631577	58.6803
0 6 2			-0.25		0.38		1.1		0.35297	0.2356	55.3895592761	6.1752
2 4 14			0.01		0.39		1.09		0.35347	0.5221	70.6383718296	19.4111
4 6 2			-0.14		0.24		1.27		0.35345	0.2349	67.657370766	5.5969
2 4 10			-0.22		0.02		1.64		0.35322	0.607	57.0555982332	12.0937
2 0 14			0.09		0.11		1.5		0.35307	0.2634	58.6945218607	7.3942
9 1 1			-0.14		-0.03		1.74		0.35297	0.8793	87.9915459652	19.6393
0 6 10			-0.04		-0.07		1.81		0.35284	0.8527	69.1637693973	8.5049
0 4 4			-0.64		-0.71		5.07		0.35238	0.8482	39.0545896029	78.0016