HKL Value		Reward		TotalReward	Chi Squared	Z Appr. 	Error	Two-Thetas	Sfs2
4 2 10			0.0		0.0		0.0		0.3	1.1102	57.0442200735	11.3144
0 2 18			0.0		0.0		23.69		0.29545	0.3755	76.3208597895	3.7538
4 6 0			1.0		1.0		11.87		0.29545	0.7863	67.1083315067	59.4729
1 1 13			-0.19		0.81		14.59		0.29279	0.3722	52.9310122384	10.9703
0 0 20			-0.48		0.33		27.97		0.28937	0.4542	83.3712939521	4.3689
6 0 6			0.09		0.42		25.75		0.28946	1.0815	60.1501886982	39.9969
3 1 5			-0.45		-0.03		46.66		0.28943	2.8985	34.1781376955	186.2389
0 6 6			0.1		0.07		42.5		0.28952	1.0147	60.183190367	40.9583
7 1 7			-0.47		-0.4		79.91		0.29003	0.3505	72.2660298289	5.0526
1 1 1			0.1		-0.3		72.32		0.29001	0.5749	13.0194761966	56.7652
0 6 12			0.11		-0.19		65.11		0.29001	0.3425	75.0250979777	1.887
0 6 8			0.1		-0.09		59.32		0.29005	0.7694	64.1950429677	5.6946
2 4 10			0.08		-0.01		55.17		0.28985	0.607	57.0555982332	12.0937
6 4 0			0.08		0.07		50.93		0.28985	1.8287	67.0910631577	58.6803
0 6 2			0.08		0.15		47.37		0.28985	0.2356	55.3895592761	6.1752
2 0 10			0.07		0.22		44.25		0.2898	0.6169	42.9543880851	20.236
9 1 1			0.07		0.28		41.49		0.2898	0.8793	87.9915459652	19.6393
0 6 10			0.03		0.31		40.24		0.28948	0.8527	69.1637693973	8.5049
7 1 1			0.05		0.37		38.16		0.28947	0.5207	65.7483230412	25.2044
3 7 1			0.05		0.42		36.18		0.28947	1.2822	71.5694631273	22.2453
7 3 5			-0.04		0.39		37.61		0.28943	1.0496	74.7140851895	88.0788
4 4 10			0.03		0.42		36.42		0.28921	0.6886	66.23802526	47.6672
6 2 10			0.02		0.44		35.56		0.28893	0.7103	71.9901825081	43.9921
4 6 2			0.05		0.49		34.02		0.28893	0.2349	67.657370766	5.5969
2 4 14			0.04		0.53		32.64		0.28891	0.5221	70.6383718296	19.4111
4 0 10			0.02		0.55		31.93		0.28866	0.6243	53.7713327333	45.2096
7 1 3			-0.01		0.55		32.15		0.28872	1.4031	66.8553232335	91.2915
6 0 8			0.04		0.58		31.02		0.28874	2.9234	64.163237895	5.3359
5 3 7			-0.27		0.31		42.36		0.28919	0.2523	60.5057581853	5.4388
3 3 13			0.03		0.35		41.04		0.28892	0.5636	65.4922780779	9.1158
3 1 15			0.03		0.38		39.81		0.2889	0.2871	67.3554895111	7.7692
6 4 4			0.02		0.4		39.05		0.28885	0.6669	69.2748711385	33.991
1 7 1			0.03		0.43		37.93		0.28884	0.5219	65.7901743415	26.2984
0 4 16			-0.01		0.42		38.16		0.28916	1.5557	75.7704700384	94.8658
6 0 10			0.02		0.44		37.53		0.28884	1.0728	69.1331306246	8.9056
6 4 2			0.03		0.47		36.46		0.28884	0.2211	67.6401768609	4.8049
4 4 12			-0.02		0.44		37.3		0.28875	1.9475	72.2035773977	130.2426
5 1 9			0.02		0.46		36.63		0.28874	0.4583	58.9619928854	19.0838
2 0 14			0.03		0.49		35.67		0.28875	0.2634	58.6945218607	7.3942
2 4 4			-0.0		0.49		35.78		0.28869	0.8182	43.1484985256	64.6996
2 0 16			0.02		0.51		35.05		0.28864	0.5935	67.2372591268	11.8907
1 3 15			0.02		0.53		34.3		0.28861	0.2862	67.3623786269	8.1809
5 1 5			-0.05		0.48		35.92		0.28858	1.1901	50.2495039981	127.1383
1 1 15			0.01		0.5		35.41		0.28858	0.656	61.3839959686	20.6242
7 3 1			0.02		0.52		34.62		0.28858	0.5095	71.5359286583	22.1332
0 4 10			0.01		0.53		34.19		0.28826	0.9893	53.7871001638	44.1425
3 3 9			0.02		0.55		33.57		0.28823	0.3816	52.4524123761	12.0632
1 3 9			0.02		0.57		32.91		0.28821	0.2622	45.3040218183	7.1674
1 1 9			0.02		0.59		32.34		0.28836	0.2216	37.1193146943	1.1702
2 0 12			0.01		0.6		31.89		0.28835	0.8079	50.6101057273	16.6151
4 2 14			0.02		0.62		31.27		0.28833	1.2576	70.6282605877	19.9713
0 2 16			0.02		0.64		30.81		0.28827	1.8687	67.2407114996	13.8307
4 2 2			0.02		0.66		30.27		0.28826	0.457	40.8620305525	12.2524
4 2 4			-0.01		0.65		30.45		0.28819	0.7624	43.1345383828	64.2766
0 0 12			-0.08		0.57		33.02		0.28801	3.2426	47.0346015839	274.3783
6 0 12			0.02		0.59		32.42		0.28801	0.5892	74.995462768	0.9301
2 4 8			0.02		0.61		31.84		0.28801	0.1687	51.4325245866	2.4593
3 3 15			0.02		0.63		31.3		0.28796	0.3402	73.0835579415	3.8877
3 5 9			0.01		0.64		30.96		0.28793	0.4755	65.0802252419	19.5165
0 0 10			0.01		0.65		30.66		0.28757	0.8316	38.8438017949	41.7013
1 5 1			0.01		0.66		30.21		0.28756	0.4978	46.196563203	27.3004
3 5 7			-0.15		0.52		35.35		0.28794	0.2309	60.5203777188	5.6046
1 3 11			-0.05		0.46		37.35		0.28712	2.4293	52.0561920156	298.4303
6 0 2			0.02		0.48		36.77		0.28712	0.2214	55.354768557	5.4487
6 0 0			0.01		0.49		36.27		0.28712	0.7256	54.7363985401	55.434
3 1 9			0.01		0.51		35.75		0.28706	0.36	45.2950695798	8.7768
2 4 12			0.01		0.52		35.24		0.28706	0.2205	63.4791913795	4.8908
4 2 6			0.0		0.52		35.17		0.28728	1.6049	46.7233273538	62.1975
5 1 13			0.01		0.54		34.66		0.28722	0.4567	71.2764535317	11.3258
0 0 22			-0.01		0.53		35.07		0.28559	2.2765	94.0325860765	137.6091
1 3 1			0.01		0.54		34.68		0.28553	0.5324	28.3265170018	42.1271
2 4 2			0.01		0.55		34.24		0.28551	0.3828	40.8766170199	13.2501
5 3 9			0.01		0.56		33.93		0.28539	0.4833	65.0662013285	20.8409
3 3 1			0.01		0.57		33.52		0.28534	0.5106	38.1558496662	33.1617
5 3 3			-0.01		0.57		33.7		0.28553	0.9351	54.4936931553	89.9375
2 2 10			0.01		0.58		33.33		0.28467	0.6429	46.7739448495	44.8949
0 2 14			0.01		0.59		32.9		0.28459	0.2479	58.6982494177	6.3292
6 4 6			0.01		0.6		32.65		0.28512	0.9247	71.9614498967	41.9809
4 2 8			0.01		0.61		32.24		0.28521	0.7605	51.4203212226	2.5419
4 6 6			0.01		0.62		31.99		0.2856	1.1903	71.9781772466	41.9784
2 6 2			-0.03		0.59		32.95		0.28564	1.2892	58.5985395934	134.3564
0 2 20			0.01		0.6		32.55		0.28586	0.4494	86.0769303832	2.8517
2 6 10			0.01		0.61		32.25		0.28539	0.7069	72.0169435829	44.7171
2 2 4			0.01		0.62		31.87		0.28536	0.7551	29.4672289371	73.6026
5 3 1			0.01		0.63		31.54		0.28532	0.5252	53.2386121167	32.835
6 0 4			0.01		0.64		31.38		0.28518	0.7069	57.1830782131	42.6751
3 1 1			0.01		0.65		31.11		0.28515	0.5239	28.3131072915	41.7464
3 5 1			0.01		0.66		30.8		0.28512	0.5283	53.2544885252	31.9012
0 6 16			0.01		0.67		30.46		0.28503	0.4825	89.3859051251	7.6515
5 1 1			0.01		0.68		30.16		0.285	0.5346	46.1701152	26.7419
4 6 4			0.01		0.68		29.98		0.28489	1.0731	69.291881243	33.3045
3 5 11			-0.02		0.67		30.47		0.28361	1.8915	70.5555824797	206.4699
4 2 12			0.01		0.68		30.16		0.28358	0.2244	63.468523569	4.7972
0 2 12			0.01		0.69		29.94		0.28331	0.3827	50.6142203783	17.5707
3 1 13			0.01		0.7		29.64		0.28368	0.3869	59.4126405656	11.7895
2 6 4			0.01		0.71		29.33		0.28368	0.8772	60.3635846112	78.02
2 2 16			-0.01		0.69		29.72		0.28416	1.1693	70.1293332912	108.6018
2 4 6			-0.0		0.69		29.77		0.28459	0.785	46.7364348384	64.2552
1 3 13			0.01		0.7		29.48		0.28478	0.3907	59.4200243294	11.5335
4 2 0			0.01		0.71		29.31		0.28478	0.9287	40.0811891304	86.5118
5 3 11			-0.01		0.69		29.74		0.28349	1.8677	70.5420870211	204.0714
0 2 2			0.01		0.7		29.58		0.28339	0.4614	19.2417464495	36.8131