HKL Value		Reward		TotalReward	Chi Squared	Z Appr. 	Error	Two-Thetas	Sfs2
6 2 2			0.0		0.0		0.0		0.3	3.3001	58.5687226088	135.1206
3 1 9			0.0		0.0		25.93		0.46786	0.36	45.2950695798	8.7768
4 2 10			0.85		0.85		14.05		0.48116	1.1102	57.0442200735	11.3144
4 6 0			0.5		1.34		9.38		0.48116	0.7863	67.1083315067	59.4729
0 2 18			0.33		1.67		7.05		0.48051	0.3755	76.3208597895	3.7538
0 6 6			0.24		1.92		5.66		0.48067	1.0147	60.183190367	40.9583
6 0 6			0.2		2.12		4.72		0.48075	1.0815	60.1501886982	39.9969
0 6 8			0.17		2.28		4.05		0.48076	0.7694	64.1950429677	5.6946
1 5 3			-0.67		1.62		12.19		0.48082	0.9511	47.585042181	85.8034
6 4 0			0.12		1.74		10.84		0.48082	1.8287	67.0910631577	58.6803
1 5 1			-0.06		1.68		11.51		0.48081	0.4978	46.196563203	27.3004
2 0 14			0.07		1.76		10.72		0.47994	0.2634	58.6945218607	7.3942
5 1 13			0.08		1.84		9.93		0.4812	0.4567	71.2764535317	11.3258
2 4 14			-0.02		1.81		10.16		0.48118	0.5221	70.6383718296	19.4111
3 3 11			-0.53		1.29		21.39		0.47702	2.1204	58.6030846927	249.5822
7 3 1			0.03		1.32		20.77		0.47701	0.5095	71.5359286583	22.1332
0 6 2			-0.04		1.28		21.62		0.4766	0.2356	55.3895592761	6.1752
6 0 4			0.03		1.31		21.07		0.47693	0.7069	57.1830782131	42.6751
6 0 10			0.06		1.36		19.91		0.47716	1.0728	69.1331306246	8.9056
4 6 2			0.01		1.38		19.65		0.47697	0.2349	67.657370766	5.5969
2 4 10			0.05		1.43		18.74		0.47743	0.607	57.0555982332	12.0937
6 4 2			-0.0		1.43		18.74		0.47722	0.2211	67.6401768609	4.8049
9 1 1			0.02		1.45		18.36		0.47722	0.8793	87.9915459652	19.6393
6 0 8			0.04		1.49		17.58		0.47737	2.9234	64.163237895	5.3359
2 0 10			0.03		1.52		17.09		0.47814	0.6169	42.9543880851	20.236
0 6 10			0.04		1.56		16.41		0.47814	0.8527	69.1637693973	8.5049
0 4 20			0.02		1.58		16.16		0.47856	1.027	94.1654323607	18.6345
3 1 15			0.03		1.61		15.63		0.47952	0.2871	67.3554895111	7.7692
1 1 9			0.04		1.65		15.08		0.47954	0.2216	37.1193146943	1.1702
3 7 1			0.01		1.65		14.98		0.47954	1.2822	71.5694631273	22.2453
5 3 1			-0.01		1.64		15.17		0.47954	0.5252	53.2386121167	32.835
5 1 9			0.01		1.65		15.03		0.47929	0.4583	58.9619928854	19.0838
3 3 9			0.02		1.67		14.78		0.47918	0.3816	52.4524123761	12.0632
3 3 15			0.02		1.68		14.54		0.48064	0.3402	73.0835579415	3.8877
2 0 16			0.02		1.7		14.31		0.48077	0.5935	67.2372591268	11.8907
3 5 5			-0.15		1.55		16.82		0.4806	1.2751	56.9624934876	133.7285
5 3 7			0.03		1.58		16.36		0.48058	0.2523	60.5057581853	5.4388
1 3 15			0.03		1.61		15.92		0.48069	0.2862	67.3623786269	8.1809
6 0 2			-0.04		1.56		16.61		0.48059	0.2214	55.354768557	5.4487
0 6 12			0.01		1.58		16.4		0.47971	0.3425	75.0250979777	1.887
0 0 20			0.02		1.6		16.02		0.47977	0.4542	83.3712939521	4.3689
0 4 16			-0.02		1.58		16.41		0.48058	1.5557	75.7704700384	94.8658
4 0 10			0.02		1.6		16.03		0.48048	0.6243	53.7713327333	45.2096
6 2 10			0.02		1.62		15.67		0.48036	0.7103	71.9901825081	43.9921
4 4 10			0.02		1.65		15.32		0.48033	0.6886	66.23802526	47.6672
1 1 15			0.01		1.66		15.11		0.48007	0.656	61.3839959686	20.6242
0 2 14			0.02		1.68		14.82		0.47997	0.2479	58.6982494177	6.3292
0 0 18			0.02		1.7		14.51		0.48005	0.6609	73.530655613	37.988
4 2 2			0.01		1.72		14.3		0.48004	0.457	40.8620305525	12.2524
2 0 12			0.02		1.74		14.01		0.47998	0.8079	50.6101057273	16.6151
1 3 9			0.01		1.75		13.81		0.47997	0.2622	45.3040218183	7.1674
6 4 6			0.02		1.77		13.6		0.47988	0.9247	71.9614498967	41.9809
4 6 6			0.02		1.78		13.39		0.47978	1.1903	71.9781772466	41.9784
2 4 2			0.01		1.8		13.2		0.47977	0.3828	40.8766170199	13.2501
0 2 12			0.02		1.82		12.96		0.47975	0.3827	50.6142203783	17.5707
2 2 12			-0.06		1.76		13.74		0.48044	1.9766	54.0147953295	208.0279
5 3 9			0.0		1.76		13.74		0.48041	0.4833	65.0662013285	20.8409
0 2 16			0.01		1.77		13.64		0.48045	1.8687	67.2407114996	13.8307
4 2 14			0.0		1.77		13.64		0.48043	1.2576	70.6282605877	19.9713
2 4 8			0.02		1.78		13.41		0.48042	0.1687	51.4325245866	2.4593
1 3 13			0.02		1.8		13.21		0.48058	0.3907	59.4200243294	11.5335
0 0 2			-0.01		1.78		13.39		0.4806	1.161	7.62646333295	98.931
0 0 10			0.02		1.8		13.19		0.48052	0.8316	38.8438017949	41.7013
2 2 10			0.02		1.82		12.98		0.48047	0.6429	46.7739448495	44.8949
2 0 4			-0.07		1.75		13.93		0.48052	1.3874	23.4143586184	109.347
3 5 9			0.0		1.75		13.91		0.48049	0.4755	65.0802252419	19.5165
2 2 16			-0.03		1.72		14.29		0.48103	1.1693	70.1293332912	108.6018
2 4 12			0.01		1.73		14.18		0.48067	0.2205	63.4791913795	4.8908
5 1 1			-0.0		1.73		14.22		0.48067	0.5346	46.1701152	26.7419
3 3 1			-0.01		1.72		14.31		0.48067	0.5106	38.1558496662	33.1617
4 0 2			-0.01		1.71		14.48		0.48068	1.7854	36.5531212028	138.5255