HKL Value		Reward		TotalReward	Chi Squared	Z Appr. 	Error	Two-Thetas	Sfs2
4 2 10			0.0		0.0		0.0		0.3	1.1102	57.0442200735	11.3144
4 6 0			0.0		0.0		0.04		0.38048	0.7863	67.1083315067	59.4729
0 6 6			-0.98		-0.98		2.1		0.35022	1.0147	60.183190367	40.9583
0 2 18			0.4		-0.58		1.5		0.35262	0.3755	76.3208597895	3.7538
1 1 13			-0.41		-0.99		2.55		0.35322	0.3722	52.9310122384	10.9703
6 0 6			0.24		-0.75		2.06		0.353	1.0815	60.1501886982	39.9969
0 6 8			0.17		-0.58		1.76		0.35349	0.7694	64.1950429677	5.6946
0 2 16			-0.35		-0.94		2.73		0.353	1.8687	67.2407114996	13.8307
1 3 11			-0.84		-1.78		17.08		0.36212	2.4293	52.0561920156	298.4303
5 5 5			-0.02		-1.79		17.35		0.36316	1.5862	69.0631626084	104.8873
6 4 0			0.11		-1.68		15.62		0.36316	1.8287	67.0910631577	58.6803
1 1 15			0.04		-1.64		15.05		0.36348	0.656	61.3839959686	20.6242
2 0 12			0.05		-1.6		14.38		0.36291	0.8079	50.6101057273	16.6151
0 6 2			0.07		-1.53		13.43		0.36297	0.2356	55.3895592761	6.1752
0 0 20			0.05		-1.48		12.79		0.36474	0.4542	83.3712939521	4.3689
2 4 10			0.03		-1.45		12.42		0.36473	0.607	57.0555982332	12.0937
2 0 10			-0.01		-1.45		12.49		0.3647	0.6169	42.9543880851	20.236
9 1 1			0.03		-1.42		12.07		0.36468	0.8793	87.9915459652	19.6393
3 1 7			0.05		-1.36		11.47		0.3647	0.257	39.2655360855	5.205
0 6 12			0.05		-1.31		10.9		0.3647	0.3425	75.0250979777	1.887
4 6 2			0.04		-1.27		10.49		0.3647	0.2349	67.657370766	5.5969
4 0 10			-0.03		-1.3		10.78		0.36517	0.6243	53.7713327333	45.2096
1 1 3			-0.02		-1.32		11.04		0.36508	0.4514	16.9416048235	36.8187
2 4 14			0.03		-1.29		10.7		0.36481	0.5221	70.6383718296	19.4111
0 6 10			0.02		-1.27		10.45		0.36481	0.8527	69.1637693973	8.5049
4 4 10			-0.03		-1.3		10.78		0.36531	0.6886	66.23802526	47.6672
6 2 10			-0.01		-1.31		10.94		0.36587	0.7103	71.9901825081	43.9921
2 0 14			0.04		-1.28		10.55		0.36572	0.2634	58.6945218607	7.3942
3 1 15			0.03		-1.25		10.25		0.36575	0.2871	67.3554895111	7.7692
2 6 4			-0.12		-1.37		11.66		0.36568	0.8772	60.3635846112	78.02
6 0 8			0.02		-1.35		11.43		0.3654	2.9234	64.163237895	5.3359
6 4 2			0.03		-1.32		11.13		0.3654	0.2211	67.6401768609	4.8049
3 7 1			0.01		-1.31		11.0		0.36538	1.2822	71.5694631273	22.2453
6 0 10			0.02		-1.29		10.82		0.36539	1.0728	69.1331306246	8.9056
1 3 15			0.02		-1.27		10.57		0.36542	0.2862	67.3623786269	8.1809
1 7 3			-0.05		-1.32		11.13		0.36527	0.9932	66.8968211493	90.2271
0 4 16			0.03		-1.29		10.82		0.36544	1.5557	75.7704700384	94.8658
2 0 16			0.03		-1.27		10.55		0.3652	0.5935	67.2372591268	11.8907
5 1 9			0.01		-1.26		10.5		0.36502	0.4583	58.9619928854	19.0838
3 3 9			0.01		-1.25		10.38		0.3649	0.3816	52.4524123761	12.0632
1 3 9			0.02		-1.23		10.19		0.36481	0.2622	45.3040218183	7.1674
5 3 1			-0.01		-1.24		10.29		0.36479	0.5252	53.2386121167	32.835
1 1 9			0.02		-1.22		10.05		0.3648	0.2216	37.1193146943	1.1702
1 1 17			-0.19		-1.41		12.41		0.36326	2.447	70.2810461715	248.4175
4 2 2			0.01		-1.4		12.29		0.36326	0.457	40.8620305525	12.2524
7 3 1			0.01		-1.39		12.16		0.36325	0.5095	71.5359286583	22.1332
2 2 6			-0.4		-1.78		20.17		0.3626	8.3224	34.2684003079	615.2447
4 2 14			0.02		-1.76		19.78		0.36252	1.2576	70.6282605877	19.9713
3 3 15			0.02		-1.74		19.38		0.36254	0.3402	73.0835579415	3.8877
6 4 4			0.01		-1.74		19.26		0.36257	0.6669	69.2748711385	33.991
5 1 3			-0.01		-1.74		19.4		0.3625	0.9592	47.5591860667	88.1873
6 0 2			0.02		-1.73		19.05		0.36252	0.2214	55.354768557	5.4487
3 1 9			0.02		-1.71		18.74		0.36244	0.36	45.2950695798	8.7768
3 5 9			0.01		-1.7		18.55		0.36231	0.4755	65.0802252419	19.5165
6 0 0			0.01		-1.68		18.3		0.36231	0.7256	54.7363985401	55.434
0 0 10			-0.0		-1.69		18.31		0.36249	0.8316	38.8438017949	41.7013
2 4 8			0.01		-1.67		18.04		0.36236	0.1687	51.4325245866	2.4593
5 3 3			-0.02		-1.69		18.37		0.3623	0.9351	54.4936931553	89.9375
4 2 12			0.02		-1.67		18.08		0.36224	0.2244	63.468523569	4.7972
0 2 14			0.02		-1.66		17.77		0.36227	0.2479	58.6982494177	6.3292
5 3 9			0.01		-1.65		17.64		0.36214	0.4833	65.0662013285	20.8409
2 4 2			0.01		-1.64		17.48		0.36214	0.3828	40.8766170199	13.2501
2 2 10			-0.0		-1.64		17.53		0.36233	0.6429	46.7739448495	44.8949
0 2 20			0.02		-1.63		17.26		0.36239	0.4494	86.0769303832	2.8517
3 3 1			0.0		-1.62		17.2		0.36238	0.5106	38.1558496662	33.1617
0 6 18			0.02		-1.61		16.94		0.36237	0.7949	98.0280769063	1.8601
6 4 6			0.02		-1.59		16.69		0.36237	0.9247	71.9614498967	41.9809
4 6 6			0.02		-1.58		16.44		0.36236	1.1903	71.9781772466	41.9784
5 1 13			0.01		-1.56		16.2		0.36241	0.4567	71.2764535317	11.3258
0 2 12			0.01		-1.55		16.06		0.36228	0.3827	50.6142203783	17.5707
5 1 5			-0.03		-1.58		16.52		0.3625	1.1901	50.2495039981	127.1383
2 6 10			-0.0		-1.58		16.56		0.36268	0.7069	72.0169435829	44.7171
2 4 12			0.01		-1.57		16.35		0.36263	0.2205	63.4791913795	4.8908
1 3 1			-0.0		-1.57		16.39		0.36261	0.5324	28.3265170018	42.1271
4 2 8			0.01		-1.56		16.22		0.3625	0.7605	51.4203212226	2.5419
4 6 4			0.0		-1.56		16.17		0.36252	1.0731	69.291881243	33.3045
3 3 11			-0.05		-1.61		17.05		0.36257	2.1204	58.6030846927	249.5822
0 4 0			-0.27		-1.88		23.38		0.36257	6.137	35.7152072575	818.959
2 2 4			-0.01		-1.9		23.73		0.36255	0.7551	29.4672289371	73.6026