HKL Value		Reward		TotalReward	Chi Squared	Z Appr. 	Error	Two-Thetas	Sfs2
2 4 8			0.0		0.0		0.0		0.3	0.1687	51.4325245866	2.4593
6 4 2			0.0		0.0		0.16		0.28864	0.2211	67.6401768609	4.8049
4 2 10			-0.76		-0.76		0.65		0.28089	1.1102	57.0442200735	11.3144
4 6 0			0.45		-0.3		0.45		0.28089	0.7863	67.1083315067	59.4729
0 2 18			-0.93		-1.23		6.7		0.29469	0.3755	76.3208597895	3.7538
3 7 1			0.21		-1.02		5.53		0.29465	1.2822	71.5694631273	22.2453
0 6 6			-0.16		-1.19		6.6		0.29534	1.0147	60.183190367	40.9583
6 0 6			-0.08		-1.26		7.16		0.29633	1.0815	60.1501886982	39.9969
0 6 8			0.14		-1.12		6.27		0.29643	0.7694	64.1950429677	5.6946
6 4 0			0.12		-1.0		5.58		0.29643	1.8287	67.0910631577	58.6803
2 4 14			0.0		-1.0		5.57		0.29536	0.5221	70.6383718296	19.4111
2 0 14			0.08		-0.91		5.15		0.29505	0.2634	58.6945218607	7.3942
0 6 2			0.07		-0.85		4.83		0.29503	0.2356	55.3895592761	6.1752
3 3 7			-0.44		-1.29		8.67		0.319	0.1558	47.1418707618	3.5073
4 6 2			0.07		-1.22		8.11		0.319	0.2349	67.657370766	5.5969
1 5 11			-0.57		-1.8		19.06		0.319	1.8219	64.7342781598	204.7444
2 4 10			0.07		-1.73		17.87		0.319	0.607	57.0555982332	12.0937
9 1 1			0.06		-1.67		16.92		0.319	0.8793	87.9915459652	19.6393
2 0 10			0.05		-1.62		16.12		0.31881	0.6169	42.9543880851	20.236
0 6 10			0.05		-1.57		15.33		0.31898	0.8527	69.1637693973	8.5049
6 0 8			0.04		-1.53		14.68		0.31905	2.9234	64.163237895	5.3359
3 1 15			0.05		-1.48		13.98		0.31898	0.2871	67.3554895111	7.7692
4 0 8			-0.39		-1.87		22.85		0.31906	2.9483	47.8850437629	244.3799
5 5 7			-0.04		-1.91		23.81		0.32017	0.6639	72.2860687267	4.3062
0 2 22			0.01		-1.9		23.64		0.31996	1.8317	96.7387030121	97.213
6 0 10			0.04		-1.86		22.71		0.32001	1.0728	69.1331306246	8.9056
1 3 15			0.04		-1.82		21.86		0.31992	0.2862	67.3623786269	8.1809
1 1 9			0.01		-1.81		21.74		0.31947	0.2216	37.1193146943	1.1702
5 1 9			0.03		-1.78		21.06		0.31936	0.4583	58.9619928854	19.0838
1 1 15			0.02		-1.76		20.56		0.31954	0.656	61.3839959686	20.6242
3 3 9			0.03		-1.73		20.0		0.31942	0.3816	52.4524123761	12.0632
2 0 16			0.02		-1.71		19.52		0.31966	0.5935	67.2372591268	11.8907
0 6 14			0.02		-1.69		19.19		0.31969	0.9096	81.7552219026	27.2955
3 3 15			0.02		-1.67		18.77		0.31936	0.3402	73.0835579415	3.8877
4 2 12			-0.03		-1.69		19.28		0.31852	0.2244	63.468523569	4.7972
0 6 12			-0.03		-1.73		19.96		0.31747	0.3425	75.0250979777	1.887
0 4 16			0.02		-1.7		19.47		0.31757	1.5557	75.7704700384	94.8658
2 0 0			-0.04		-1.74		20.2		0.31757	2.02	17.6289686615	175.6782
0 2 6			0.0		-1.73		20.15		0.31765	1.1672	29.1471999487	131.5155
6 2 2			-0.1		-1.83		22.28		0.31767	3.3001	58.5687226088	135.1206
4 0 10			0.02		-1.81		21.77		0.31777	0.6243	53.7713327333	45.2096
5 1 13			-0.03		-1.83		22.39		0.31847	0.4567	71.2764535317	11.3258
6 2 10			0.02		-1.81		21.89		0.31854	0.7103	71.9901825081	43.9921
4 4 10			0.02		-1.79		21.4		0.31857	0.6886	66.23802526	47.6672
0 2 14			0.01		-1.78		21.11		0.3185	0.2479	58.6982494177	6.3292
0 0 20			0.02		-1.75		20.65		0.31847	0.4542	83.3712939521	4.3689
2 2 12			-0.01		-1.76		20.89		0.31874	1.9766	54.0147953295	208.0279
6 0 2			0.02		-1.75		20.49		0.31874	0.2214	55.354768557	5.4487
4 2 2			0.02		-1.73		20.18		0.31874	0.457	40.8620305525	12.2524
7 3 1			0.02		-1.71		19.82		0.31873	0.5095	71.5359286583	22.1332
1 7 1			0.01		-1.7		19.56		0.31872	0.5219	65.7901743415	26.2984
2 0 12			0.01		-1.69		19.38		0.31848	0.8079	50.6101057273	16.6151
1 3 9			0.01		-1.68		19.16		0.31835	0.2622	45.3040218183	7.1674
0 6 0			0.01		-1.66		18.92		0.31835	1.4277	54.7714555341	59.4019
4 2 4			-0.03		-1.7		19.51		0.31835	0.7624	43.1345383828	64.2766
0 0 18			0.01		-1.68		19.31		0.31803	0.6609	73.530655613	37.988
3 5 11			-0.12		-1.81		22.02		0.31803	1.8915	70.5555824797	206.4699
2 0 6			0.0		-1.8		21.92		0.31808	1.6278	29.1406672869	128.8477
6 2 6			-0.08		-1.89		23.9		0.31819	3.9921	63.2107357729	344.5633
3 1 9			0.01		-1.87		23.57		0.31811	0.36	45.2950695798	8.7768
6 4 6			0.01		-1.86		23.29		0.31806	0.9247	71.9614498967	41.9809
0 2 2			0.0		-1.86		23.23		0.31805	0.4614	19.2417464495	36.8131
5 5 1			0.01		-1.84		22.89		0.31805	0.5073	65.769247456	23.9531
4 6 6			0.01		-1.83		22.63		0.318	1.1903	71.9781772466	41.9784
2 4 2			0.01		-1.82		22.37		0.318	0.3828	40.8766170199	13.2501
0 4 14			-0.05		-1.87		23.59		0.31799	1.2337	67.7597167724	121.3788
5 3 9			0.02		-1.86		23.23		0.31799	0.4833	65.0662013285	20.8409
3 3 11			-0.11		-1.96		26.02		0.31799	2.1204	58.6030846927	249.5822
0 2 16			0.01		-1.95		25.72		0.3181	1.8687	67.2407114996	13.8307
0 4 8			-0.09		-2.04		28.26		0.31812	4.1351	47.9021960727	235.0989
0 2 12			0.01		-2.03		27.96		0.31796	0.3827	50.6142203783	17.5707
4 2 14			0.01		-2.02		27.6		0.31798	1.2576	70.6282605877	19.9713
0 0 10			0.01		-2.0		27.25		0.31804	0.8316	38.8438017949	41.7013
1 3 11			-0.1		-2.11		30.36		0.31804	2.4293	52.0561920156	298.4303
2 2 10			0.01		-2.09		29.97		0.31809	0.6429	46.7739448495	44.8949
1 3 13			-0.01		-2.1		30.14		0.31855	0.3907	59.4200243294	11.5335
3 5 9			0.01		-2.09		29.75		0.31855	0.4755	65.0802252419	19.5165
3 3 1			0.01		-2.08		29.47		0.31853	0.5106	38.1558496662	33.1617
1 1 1			0.01		-2.07		29.31		0.31852	0.5749	13.0194761966	56.7652
6 2 0			-0.1		-2.17		32.51		0.31852	4.3933	57.9728440251	566.5186
5 3 1			0.01		-2.16		32.21		0.31852	0.5252	53.2386121167	32.835
1 3 5			-0.04		-2.2		33.68		0.31855	3.1323	34.189462707	190.138
1 5 1			0.01		-2.19		33.36		0.31854	0.4978	46.196563203	27.3004
2 4 12			0.0		-2.19		33.32		0.31814	0.2205	63.4791913795	4.8908
5 1 1			0.01		-2.18		33.01		0.31814	0.5346	46.1701152	26.7419
2 2 16			0.01		-2.17		32.62		0.31814	1.1693	70.1293332912	108.6018
4 6 4			0.0		-2.17		32.52		0.31814	1.0731	69.291881243	33.3045
3 5 7			-0.0		-2.17		32.57		0.31842	0.2309	60.5203777188	5.6046
2 4 6			0.01		-2.16		32.21		0.31843	0.785	46.7364348384	64.2552
0 0 4			0.0		-2.15		32.05		0.31839	0.8482	15.2869714585	59.1035
6 0 0			0.01		-2.14		31.75		0.31839	0.7256	54.7363985401	55.434
4 4 0			-0.09		-2.24		34.98		0.31839	4.9852	51.3853572345	648.027
4 2 0			0.01		-2.23		34.74		0.31839	0.9287	40.0811891304	86.5118
3 5 5			-0.02		-2.25		35.47		0.31841	1.2751	56.9624934876	133.7285
0 6 16			0.01		-2.25		35.26		0.3186	0.4825	89.3859051251	7.6515
4 2 8			0.0		-2.24		35.11		0.31867	0.7605	51.4203212226	2.5419
0 4 10			0.01		-2.23		34.76		0.31871	0.9893	53.7871001638	44.1425
1 1 7			-0.0		-2.23		34.82		0.31898	0.2012	29.7561292971	6.5386
3 1 13			-0.0		-2.23		34.83		0.31931	0.3869	59.4126405656	11.7895
1 5 7			-0.0		-2.23		34.84		0.31954	0.6035	54.1236034243	4.2528