HKL Value		Reward		TotalReward	Chi Squared	Z Appr. 	Error	Two-Thetas	Sfs2
3 1 9			0.0		0.0		0.0		0.3	0.36	45.2950695798	8.7768
4 2 10			0.0		0.0		3.54		0.31596	1.1102	57.0442200735	11.3144
1 1 1			-0.65		-0.65		10.03		0.31559	0.5749	13.0194761966	56.7652
7 3 5			-0.64		-1.28		27.63		0.31643	1.0496	74.7140851895	88.0788
4 0 0			-0.8		-2.09		139.73		0.31643	8.3901	35.6934066618	787.9925
4 6 0			0.25		-1.84		111.79		0.31643	0.7863	67.1083315067	59.4729
0 6 6			0.2		-1.64		93.16		0.31641	1.0147	60.183190367	40.9583
6 0 6			0.17		-1.47		79.86		0.31633	1.0815	60.1501886982	39.9969
4 2 14			0.14		-1.33		70.32		0.31724	1.2576	70.6282605877	19.9713
0 2 18			0.12		-1.21		62.74		0.31537	0.3755	76.3208597895	3.7538
0 6 8			0.11		-1.11		56.73		0.31548	0.7694	64.1950429677	5.6946
6 4 0			0.1		-1.01		51.58		0.31548	1.8287	67.0910631577	58.6803
2 4 14			0.08		-0.92		47.61		0.31582	0.5221	70.6383718296	19.4111
0 6 2			0.08		-0.85		44.13		0.3158	0.2356	55.3895592761	6.1752
2 0 14			0.07		-0.77		41.19		0.31525	0.2634	58.6945218607	7.3942
4 6 2			0.07		-0.7		38.49		0.31522	0.2349	67.657370766	5.5969
2 4 10			0.06		-0.64		36.18		0.31564	0.607	57.0555982332	12.0937
9 1 1			0.06		-0.58		34.14		0.31561	0.8793	87.9915459652	19.6393
6 4 2			0.06		-0.52		32.26		0.31559	0.2211	67.6401768609	4.8049
0 6 10			0.05		-0.48		30.83		0.31629	0.8527	69.1637693973	8.5049
2 2 16			0.05		-0.42		29.32		0.31643	1.1693	70.1293332912	108.6018
5 1 7			-0.03		-0.46		30.28		0.31824	0.2609	54.1000446603	4.252
3 1 15			0.05		-0.41		28.91		0.31825	0.2871	67.3554895111	7.7692
2 0 10			0.04		-0.37		27.74		0.31812	0.6169	42.9543880851	20.236
6 0 8			0.04		-0.33		26.68		0.31817	2.9234	64.163237895	5.3359
6 0 10			0.04		-0.29		25.67		0.31833	1.0728	69.1331306246	8.9056
1 3 15			0.04		-0.25		24.69		0.31835	0.2862	67.3623786269	8.1809
1 1 9			0.02		-0.23		24.26		0.31786	0.2216	37.1193146943	1.1702
1 1 7			-0.03		-0.26		24.98		0.31877	0.2012	29.7561292971	6.5386
0 2 0			-0.03		-0.29		25.76		0.31877	1.4407	17.6394681947	177.2483
3 7 1			0.03		-0.26		24.99		0.31875	1.2822	71.5694631273	22.2453
5 1 9			0.03		-0.23		24.25		0.31866	0.4583	58.9619928854	19.0838
3 3 9			0.03		-0.2		23.58		0.31853	0.3816	52.4524123761	12.0632
0 4 2			-0.1		-0.29		26.07		0.31857	3.2657	36.5744795411	137.7475
2 0 16			0.02		-0.27		25.52		0.31887	0.5935	67.2372591268	11.8907
0 6 12			-0.02		-0.29		26.08		0.31751	0.3425	75.0250979777	1.887
3 3 15			0.03		-0.27		25.38		0.31739	0.3402	73.0835579415	3.8877
0 4 16			0.02		-0.24		24.76		0.31751	1.5557	75.7704700384	94.8658
4 0 10			0.02		-0.22		24.17		0.31762	0.6243	53.7713327333	45.2096
6 2 10			0.02		-0.19		23.62		0.31774	0.7103	71.9901825081	43.9921
4 4 10			0.02		-0.17		23.05		0.31781	0.6886	66.23802526	47.6672
0 0 20			0.02		-0.14		22.49		0.31778	0.4542	83.3712939521	4.3689
1 1 15			0.01		-0.13		22.17		0.31791	0.656	61.3839959686	20.6242
6 0 2			0.02		-0.11		21.7		0.3179	0.2214	55.354768557	5.4487
7 3 1			0.02		-0.09		21.27		0.31789	0.5095	71.5359286583	22.1332
4 2 2			0.02		-0.07		20.92		0.31789	0.457	40.8620305525	12.2524
0 2 14			0.01		-0.06		20.63		0.31778	0.2479	58.6982494177	6.3292
2 0 12			0.01		-0.04		20.35		0.31751	0.8079	50.6101057273	16.6151
1 3 9			0.01		-0.03		20.05		0.31736	0.2622	45.3040218183	7.1674
6 4 6			0.01		-0.01		19.76		0.3173	0.9247	71.9614498967	41.9809
2 4 2			0.01		0.0		19.49		0.31729	0.3828	40.8766170199	13.2501
0 2 12			0.01		0.02		19.2		0.31708	0.3827	50.6142203783	17.5707
0 2 16			0.01		0.03		18.98		0.31725	1.8687	67.2407114996	13.8307
5 3 9			0.02		0.05		18.62		0.31727	0.4833	65.0662013285	20.8409
0 0 4			0.0		0.05		18.59		0.3172	0.8482	15.2869714585	59.1035
4 6 6			0.01		0.06		18.36		0.31713	1.1903	71.9781772466	41.9784
2 4 8			-0.0		0.06		18.45		0.31723	0.1687	51.4325245866	2.4593
1 3 13			-0.03		0.03		18.99		0.31794	0.3907	59.4200243294	11.5335
0 0 10			0.02		0.04		18.7		0.31803	0.8316	38.8438017949	41.7013
2 4 0			0.0		0.05		18.62		0.31803	1.4359	40.0960076051	88.2765
1 5 11			-0.12		-0.07		21.18		0.31803	1.8219	64.7342781598	204.7444
2 2 10			0.02		-0.06		20.86		0.31809	0.6429	46.7739448495	44.8949
5 1 13			-0.02		-0.08		21.24		0.31868	0.4567	71.2764535317	11.3258
6 2 6			-0.08		-0.16		23.06		0.3188	3.9921	63.2107357729	344.5633
3 5 9			0.02		-0.14		22.7		0.3188	0.4755	65.0802252419	19.5165
5 3 1			0.01		-0.13		22.49		0.31878	0.5252	53.2386121167	32.835
2 4 12			-0.01		-0.14		22.63		0.31828	0.2205	63.4791913795	4.8908
5 5 5			-0.03		-0.17		23.39		0.31831	1.5862	69.0631626084	104.8873
3 3 1			0.01		-0.16		23.17		0.3183	0.5106	38.1558496662	33.1617
5 1 1			0.01		-0.15		22.93		0.31829	0.5346	46.1701152	26.7419
0 0 18			0.01		-0.14		22.72		0.318	0.6609	73.530655613	37.988
4 6 4			-0.0		-0.14		22.74		0.318	1.0731	69.291881243	33.3045
3 1 13			-0.01		-0.15		23.02		0.31846	0.3869	59.4126405656	11.7895
2 4 6			0.01		-0.14		22.72		0.31847	0.785	46.7364348384	64.2552
1 5 1			0.01		-0.13		22.51		0.31847	0.4978	46.196563203	27.3004
1 1 13			-0.01		-0.14		22.78		0.3189	0.3722	52.9310122384	10.9703
4 2 8			0.0		-0.14		22.74		0.31897	0.7605	51.4203212226	2.5419
6 0 0			0.01		-0.13		22.51		0.31897	0.7256	54.7363985401	55.434
3 3 13			-0.02		-0.15		22.87		0.31945	0.5636	65.4922780779	9.1158
3 5 1			0.01		-0.14		22.69		0.31944	0.5283	53.2544885252	31.9012
6 0 12			-0.04		-0.17		23.54		0.31855	0.5892	74.995462768	0.9301
0 4 10			0.01		-0.16		23.26		0.31859	0.9893	53.7871001638	44.1425
0 6 14			0.01		-0.15		23.09		0.31861	0.9096	81.7552219026	27.2955
4 2 0			0.01		-0.15		22.97		0.31861	0.9287	40.0811891304	86.5118
4 4 2			-0.04		-0.19		23.89		0.31862	1.2125	52.0311030722	128.6454
3 1 1			0.01		-0.18		23.77		0.31862	0.5239	28.3131072915	41.7464
2 6 10			0.01		-0.17		23.5		0.31865	0.7069	72.0169435829	44.7171
1 7 1			0.01		-0.16		23.31		0.31865	0.5219	65.7901743415	26.2984
4 4 6			-0.06		-0.23		24.91		0.31873	4.3817	57.0116572758	400.3855
0 2 20			0.0		-0.23		24.85		0.31841	0.4494	86.0769303832	2.8517
6 2 4			0.0		-0.22		24.79		0.31836	0.8727	60.3342977717	77.9073
4 4 0			-0.12		-0.34		28.1		0.31836	4.9852	51.3853572345	648.027
6 4 4			0.0		-0.34		28.07		0.31836	0.6669	69.2748711385	33.991
0 6 16			0.0		-0.33		27.94		0.31852	0.4825	89.3859051251	7.6515
1 1 3			0.01		-0.33		27.78		0.31853	0.4514	16.9416048235	36.8187
7 1 1			0.01		-0.32		27.55		0.31853	0.5207	65.7483230412	25.2044
2 2 4			0.0		-0.32		27.5		0.31849	0.7551	29.4672289371	73.6026
3 5 7			-0.0		-0.32		27.57		0.3187	0.2309	60.5203777188	5.6046
1 3 11			-0.08		-0.4		29.88		0.3187	2.4293	52.0561920156	298.4303
0 2 10			0.01		-0.39		29.61		0.31867	0.4317	42.9590557724	21.0204
4 4 12			0.01		-0.38		29.33		0.31871	1.9475	72.2035773977	130.2426
0 0 16			0.01		-0.37		29.04		0.3187	1.3342	64.286058028	116.6634