HKL Value		Reward		TotalReward	Chi Squared	Z Appr. 	Error	Two-Thetas	Sfs2
0 4 10			0.0		0.0		0.0		0.3	0.9893	53.7871001638	44.1425
0 0 20			0.0		0.0		1.5		0.3206	0.4542	83.3712939521	4.3689
0 2 18			-0.59		-0.59		3.66		0.31616	0.3755	76.3208597895	3.7538
4 2 10			0.28		-0.31		2.87		0.31645	1.1102	57.0442200735	11.3144
4 6 0			0.33		0.01		2.16		0.31645	0.7863	67.1083315067	59.4729
6 0 6			0.25		0.26		1.73		0.31643	1.0815	60.1501886982	39.9969
0 6 6			0.2		0.46		1.45		0.31643	1.0147	60.183190367	40.9583
1 3 1			-0.53		-0.07		3.1		0.31638	0.5324	28.3265170018	42.1271
6 0 4			-0.53		-0.61		6.65		0.31633	0.7069	57.1830782131	42.6751
2 2 12			-0.35		-0.96		10.22		0.31763	1.9766	54.0147953295	208.0279
2 2 6			-0.76		-1.72		42.42		0.31827	8.3224	34.2684003079	615.2447
5 5 5			-0.06		-1.78		45.24		0.3184	1.5862	69.0631626084	104.8873
5 3 11			-0.19		-1.96		55.53		0.3184	1.8677	70.5420870211	204.0714
5 1 11			-0.14		-2.1		64.45		0.31842	3.2753	64.7131722767	203.727
0 6 8			0.07		-2.03		59.99		0.31849	0.7694	64.1950429677	5.6946
4 4 10			0.07		-1.96		56.02		0.31861	0.6886	66.23802526	47.6672
6 2 10			0.06		-1.89		52.61		0.31882	0.7103	71.9901825081	43.9921
0 6 2			0.06		-1.83		49.67		0.31881	0.2356	55.3895592761	6.1752
2 0 4			-0.04		-1.88		51.94		0.31885	1.3874	23.4143586184	109.347
4 4 12			0.05		-1.82		49.29		0.31905	1.9475	72.2035773977	130.2426
2 4 10			0.05		-1.77		46.83		0.31905	0.607	57.0555982332	12.0937
1 3 7			0.01		-1.76		46.26		0.31998	0.1893	39.2755843192	5.3372
2 0 10			0.04		-1.72		44.32		0.31984	0.6169	42.9543880851	20.236
0 4 16			0.05		-1.67		42.41		0.31992	1.5557	75.7704700384	94.8658
2 4 0			0.03		-1.64		41.21		0.31992	1.4359	40.0960076051	88.2765
0 6 10			0.04		-1.6		39.58		0.31999	0.8527	69.1637693973	8.5049
4 0 10			0.04		-1.56		38.07		0.32004	0.6243	53.7713327333	45.2096
9 1 1			0.04		-1.52		36.73		0.32003	0.8793	87.9915459652	19.6393
2 4 14			0.03		-1.49		35.49		0.32005	0.5221	70.6383718296	19.4111
6 4 0			0.04		-1.45		34.27		0.32005	1.8287	67.0910631577	58.6803
2 0 16			0.03		-1.42		33.25		0.32029	0.5935	67.2372591268	11.8907
4 6 2			0.03		-1.39		32.21		0.32029	0.2349	67.657370766	5.5969
1 1 15			0.03		-1.36		31.36		0.32047	0.656	61.3839959686	20.6242
4 6 6			0.02		-1.34		30.66		0.32037	1.1903	71.9781772466	41.9784
6 0 10			0.03		-1.31		29.77		0.32041	1.0728	69.1331306246	8.9056
5 1 9			0.03		-1.28		29.02		0.32029	0.4583	58.9619928854	19.0838
7 3 1			0.03		-1.26		28.29		0.32028	0.5095	71.5359286583	22.1332
6 0 8			0.03		-1.23		27.57		0.32032	2.9234	64.163237895	5.3359
1 1 9			0.01		-1.23		27.38		0.31988	0.2216	37.1193146943	1.1702
2 2 4			0.0		-1.22		27.28		0.31977	0.7551	29.4672289371	73.6026
3 1 15			0.03		-1.2		26.61		0.31969	0.2871	67.3554895111	7.7692
2 4 8			0.01		-1.19		26.44		0.31986	0.1687	51.4325245866	2.4593
0 0 10			0.02		-1.17		25.82		0.31991	0.8316	38.8438017949	41.7013
0 0 2			-0.05		-1.21		27.1		0.31992	1.161	7.62646333295	98.931
1 3 9			0.01		-1.2		26.73		0.3197	0.2622	45.3040218183	7.1674
0 2 6			0.01		-1.19		26.5		0.31977	1.1672	29.1471999487	131.5155
1 5 1			0.02		-1.18		26.09		0.31977	0.4978	46.196563203	27.3004
2 6 10			0.02		-1.15		25.54		0.31981	0.7069	72.0169435829	44.7171
5 1 13			-0.0		-1.16		25.63		0.32049	0.4567	71.2764535317	11.3258
0 4 4			0.0		-1.15		25.57		0.32041	0.8482	39.0545896029	78.0016
1 3 15			0.02		-1.14		25.08		0.32032	0.2862	67.3623786269	8.1809
2 0 14			0.01		-1.12		24.73		0.32029	0.2634	58.6945218607	7.3942
4 2 2			0.02		-1.11		24.36		0.32028	0.457	40.8620305525	12.2524
0 2 16			0.02		-1.09		23.94		0.32039	1.8687	67.2407114996	13.8307
4 2 14			0.02		-1.07		23.54		0.32039	1.2576	70.6282605877	19.9713
3 7 1			0.02		-1.06		23.16		0.32039	1.2822	71.5694631273	22.2453
2 2 10			0.02		-1.04		22.75		0.3204	0.6429	46.7739448495	44.8949
4 2 4			-0.02		-1.06		23.24		0.3204	0.7624	43.1345383828	64.2766
3 5 9			0.02		-1.04		22.85		0.32037	0.4755	65.0802252419	19.5165
2 4 12			-0.02		-1.06		23.23		0.31962	0.2205	63.4791913795	4.8908
6 4 2			0.02		-1.04		22.86		0.31962	0.2211	67.6401768609	4.8049
5 1 7			-0.01		-1.05		23.03		0.32002	0.2609	54.1000446603	4.252
6 0 2			0.01		-1.03		22.7		0.32002	0.2214	55.354768557	5.4487
2 2 16			0.02		-1.02		22.34		0.31999	1.1693	70.1293332912	108.6018
2 4 2			0.01		-1.01		22.09		0.31999	0.3828	40.8766170199	13.2501
3 1 1			0.01		-1.0		21.96		0.31997	0.5239	28.3131072915	41.7464
6 0 0			0.01		-0.99		21.69		0.31997	0.7256	54.7363985401	55.434
5 3 1			0.01		-0.98		21.5		0.31996	0.5252	53.2386121167	32.835
5 3 9			0.01		-0.96		21.19		0.31995	0.4833	65.0662013285	20.8409
4 2 8			0.0		-0.96		21.15		0.32006	0.7605	51.4203212226	2.5419
6 4 6			0.01		-0.95		20.96		0.32001	0.9247	71.9614498967	41.9809
0 6 16			0.01		-0.95		20.8		0.32024	0.4825	89.3859051251	7.6515
3 3 9			0.01		-0.94		20.58		0.32016	0.3816	52.4524123761	12.0632
3 1 13			-0.0		-0.94		20.65		0.32058	0.3869	59.4126405656	11.7895
2 4 6			0.01		-0.93		20.38		0.32059	0.785	46.7364348384	64.2552
3 1 9			0.01		-0.92		20.22		0.32049	0.36	45.2950695798	8.7768
4 6 4			-0.0		-0.92		20.27		0.32049	1.0731	69.291881243	33.3045
3 5 11			-0.09		-1.01		22.22		0.32051	1.8915	70.5555824797	206.4699
0 2 12			0.0		-1.0		22.14		0.32027	0.3827	50.6142203783	17.5707
1 3 13			-0.0		-1.01		22.19		0.32065	0.3907	59.4200243294	11.5335
0 0 16			0.01		-0.99		21.93		0.32059	1.3342	64.286058028	116.6634
4 2 0			0.01		-0.99		21.82		0.32059	0.9287	40.0811891304	86.5118
3 5 1			0.01		-0.98		21.65		0.32058	0.5283	53.2544885252	31.9012
4 2 6			0.01		-0.97		21.4		0.32058	1.6049	46.7233273538	62.1975
5 3 3			-0.01		-0.98		21.52		0.3206	0.9351	54.4936931553	89.9375
5 1 1			0.01		-0.97		21.35		0.32059	0.5346	46.1701152	26.7419
3 3 15			0.01		-0.96		21.21		0.32036	0.3402	73.0835579415	3.8877
0 2 14			0.01		-0.96		21.08		0.32033	0.2479	58.6982494177	6.3292
0 6 14			0.01		-0.95		20.94		0.32034	0.9096	81.7552219026	27.2955
3 7 3			0.0		-0.95		20.92		0.32035	0.8954	72.6346668965	71.6226
1 5 13			-0.0		-0.95		20.93		0.32065	1.1973	71.2966048402	12.6128
0 0 22			0.01		-0.94		20.74		0.32061	2.2765	94.0325860765	137.6091
2 0 12			0.0		-0.94		20.71		0.32039	0.8079	50.6101057273	16.6151
5 1 3			-0.0		-0.94		20.72		0.3204	0.9592	47.5591860667	88.1873
7 1 1			0.01		-0.93		20.57		0.3204	0.5207	65.7483230412	25.2044
3 5 7			-0.0		-0.93		20.61		0.32059	0.2309	60.5203777188	5.6046
0 4 0			-0.2		-1.13		25.65		0.32059	6.137	35.7152072575	818.959
6 4 4			0.0		-1.13		25.64		0.32059	0.6669	69.2748711385	33.991
3 3 5			-0.03		-1.16		26.56		0.32062	1.3995	42.8396693434	151.0913
3 3 1			0.01		-1.16		26.38		0.32062	0.5106	38.1558496662	33.1617
0 2 20			-0.0		-1.16		26.49		0.32018	0.4494	86.0769303832	2.8517
0 4 12			0.01		-1.15		26.35		0.32029	1.4889	60.4300914167	161.7651