HKL Value		Reward		TotalReward	Chi Squared	Z Appr. 	Error	Two-Thetas	Sfs2
4 2 10			0.0		0.0		0.0		0.3	1.1102	57.0442200735	11.3144
4 6 0			0.0		0.0		0.04		0.38048	0.7863	67.1083315067	59.4729
5 3 3			-1.0		-1.0		22.71		0.37698	0.9351	54.4936931553	89.9375
0 6 6			0.87		-0.13		12.14		0.34731	1.0147	60.183190367	40.9583
0 4 12			0.28		0.15		9.48		0.32643	1.4889	60.4300914167	161.7651
0 2 18			-0.21		-0.06		12.0		0.31719	0.3755	76.3208597895	3.7538
1 1 11			-0.81		-0.87		63.29		0.31711	2.144	44.8525636461	378.5934
6 0 6			0.17		-0.7		54.25		0.31708	1.0815	60.1501886982	39.9969
1 7 1			0.12		-0.58		48.27		0.31704	0.5219	65.7901743415	26.2984
0 6 8			0.12		-0.46		43.17		0.31713	0.7694	64.1950429677	5.6946
6 4 0			0.11		-0.35		38.85		0.31713	1.8287	67.0910631577	58.6803
0 6 2			0.09		-0.25		35.55		0.31711	0.2356	55.3895592761	6.1752
3 3 13			-0.05		-0.3		37.32		0.31987	0.5636	65.4922780779	9.1158
1 3 3			0.04		-0.26		35.99		0.3199	0.7045	30.3940112777	66.1614
1 3 11			-0.3		-0.57		51.57		0.31995	2.4293	52.0561920156	298.4303
0 0 4			0.04		-0.52		49.41		0.3198	0.8482	15.2869714585	59.1035
2 4 14			0.06		-0.46		46.46		0.31983	0.5221	70.6383718296	19.4111
2 4 10			0.06		-0.4		43.73		0.3198	0.607	57.0555982332	12.0937
2 0 10			0.05		-0.34		41.49		0.31964	0.6169	42.9543880851	20.236
2 0 4			-0.06		-0.4		44.07		0.31967	1.3874	23.4143586184	109.347
3 3 5			-0.08		-0.48		47.68		0.31978	1.3995	42.8396693434	151.0913
4 6 2			0.05		-0.43		45.46		0.31976	0.2349	67.657370766	5.5969
2 2 6			-0.22		-0.65		58.27		0.32015	8.3224	34.2684003079	615.2447
3 3 11			-0.1		-0.75		64.85		0.3202	2.1204	58.6030846927	249.5822
2 0 14			0.04		-0.71		62.46		0.32012	0.2634	58.6945218607	7.3942
9 1 1			0.04		-0.67		60.03		0.32011	0.8793	87.9915459652	19.6393
3 5 9			0.04		-0.63		57.74		0.32005	0.4755	65.0802252419	19.5165
0 6 10			0.04		-0.59		55.61		0.32014	0.8527	69.1637693973	8.5049
6 4 2			0.04		-0.56		53.65		0.32014	0.2211	67.6401768609	4.8049
3 1 15			0.04		-0.52		51.82		0.31996	0.2871	67.3554895111	7.7692
5 3 9			0.03		-0.49		50.1		0.31993	0.4833	65.0662013285	20.8409
7 1 1			0.03		-0.46		48.68		0.31991	0.5207	65.7483230412	25.2044
5 3 1			0.03		-0.43		47.44		0.31989	0.5252	53.2386121167	32.835
4 0 0			-0.21		-0.65		60.43		0.31989	8.3901	35.6934066618	787.9925
6 0 8			0.03		-0.62		58.7		0.31995	2.9234	64.163237895	5.3359
6 0 10			0.03		-0.59		57.03		0.32001	1.0728	69.1331306246	8.9056
0 6 12			0.0		-0.59		57.02		0.31812	0.3425	75.0250979777	1.887
5 3 7			0.01		-0.58		56.46		0.31885	0.2523	60.5057581853	5.4388
1 1 9			0.02		-0.56		55.37		0.31845	0.2216	37.1193146943	1.1702
1 3 15			0.03		-0.53		53.95		0.31846	0.2862	67.3623786269	8.1809
3 7 1			0.02		-0.51		52.67		0.31845	1.2822	71.5694631273	22.2453
5 1 9			0.02		-0.48		51.42		0.31837	0.4583	58.9619928854	19.0838
0 4 16			0.02		-0.46		50.24		0.31847	1.5557	75.7704700384	94.8658
4 0 10			0.02		-0.44		49.1		0.31856	0.6243	53.7713327333	45.2096
2 0 16			0.02		-0.42		48.14		0.31881	0.5935	67.2372591268	11.8907
1 3 1			0.02		-0.4		47.37		0.31879	0.5324	28.3265170018	42.1271
4 4 10			0.02		-0.38		46.35		0.31884	0.6886	66.23802526	47.6672
0 0 20			0.02		-0.36		45.38		0.3188	0.4542	83.3712939521	4.3689
0 4 4			0.01		-0.35		44.87		0.3187	0.8482	39.0545896029	78.0016
3 3 9			0.02		-0.33		44.01		0.31861	0.3816	52.4524123761	12.0632
3 5 11			-0.05		-0.38		46.55		0.31861	1.8915	70.5555824797	206.4699
6 2 10			0.02		-0.36		45.66		0.3187	0.7103	71.9901825081	43.9921
3 3 15			0.02		-0.34		44.84		0.31851	0.3402	73.0835579415	3.8877
1 1 15			0.02		-0.33		44.14		0.31864	0.656	61.3839959686	20.6242
3 5 7			0.0		-0.32		43.94		0.31907	0.2309	60.5203777188	5.6046
4 2 14			0.02		-0.31		43.19		0.31909	1.2576	70.6282605877	19.9713
1 5 13			0.01		-0.3		42.96		0.3196	1.1973	71.2966048402	12.6128
6 0 2			0.02		-0.28		42.24		0.3196	0.2214	55.354768557	5.4487
3 5 5			-0.02		-0.31		43.27		0.31964	1.2751	56.9624934876	133.7285
4 4 0			-0.1		-0.41		48.07		0.31964	4.9852	51.3853572345	648.027
7 3 1			0.02		-0.39		47.31		0.31964	0.5095	71.5359286583	22.1332
0 4 8			-0.05		-0.44		49.82		0.31966	4.1351	47.9021960727	235.0989
4 2 2			0.01		-0.43		49.1		0.31966	0.457	40.8620305525	12.2524
0 2 6			0.01		-0.42		48.58		0.31971	1.1672	29.1471999487	131.5155
2 0 12			0.01		-0.4		48.05		0.31943	0.8079	50.6101057273	16.6151
2 6 4			0.01		-0.4		47.63		0.31936	0.8772	60.3635846112	78.02
1 3 9			0.01		-0.38		47.06		0.31922	0.2622	45.3040218183	7.1674
0 2 14			0.01		-0.37		46.49		0.31916	0.2479	58.6982494177	6.3292
1 1 3			0.01		-0.36		46.0		0.31917	0.4514	16.9416048235	36.8187
3 1 9			0.01		-0.35		45.42		0.31906	0.36	45.2950695798	8.7768
0 2 12			0.01		-0.34		44.91		0.31883	0.3827	50.6142203783	17.5707
2 4 8			0.01		-0.33		44.58		0.31893	0.1687	51.4325245866	2.4593
2 4 2			0.01		-0.32		44.05		0.31893	0.3828	40.8766170199	13.2501
6 4 6			0.01		-0.31		43.54		0.31887	0.9247	71.9614498967	41.9809
3 3 1			0.01		-0.29		43.06		0.31887	0.5106	38.1558496662	33.1617
3 1 7			0.0		-0.29		43.01		0.31926	0.257	39.2655360855	5.205
1 5 7			0.0		-0.29		42.92		0.31962	0.6035	54.1236034243	4.2528
5 1 5			-0.02		-0.31		43.65		0.31965	1.1901	50.2495039981	127.1383
4 2 0			0.01		-0.3		43.26		0.31965	0.9287	40.0811891304	86.5118
0 2 16			0.01		-0.29		42.75		0.31974	1.8687	67.2407114996	13.8307
4 6 6			0.01		-0.28		42.31		0.3197	1.1903	71.9781772466	41.9784
6 2 6			-0.03		-0.3		43.44		0.31979	3.9921	63.2107357729	344.5633
0 0 10			0.01		-0.29		42.92		0.31982	0.8316	38.8438017949	41.7013
2 2 16			0.01		-0.28		42.4		0.3198	1.1693	70.1293332912	108.6018
5 5 3			0.01		-0.27		42.13		0.3198	0.8107	66.8760743485	64.1048
1 3 13			0.0		-0.27		41.98		0.3202	0.3907	59.4200243294	11.5335
2 0 0			-0.0		-0.27		42.03		0.3202	2.02	17.6289686615	175.6782
4 4 2			-0.02		-0.28		42.7		0.32021	1.2125	52.0311030722	128.6454
1 3 5			-0.03		-0.31		43.92		0.32025	3.1323	34.189462707	190.138