HKL Value		Reward		TotalReward	Chi Squared	Z Appr. 	Error	Two-Thetas	Sfs2
4 0 14			0.0		0.0		0.0		0.3	1.986	67.7459682929	124.3248
2 0 8			0.0		0.0		28.87		0.28419	0.1665	35.7565424018	1.5727
4 2 10			0.92		0.92		15.04		0.28308	1.1102	57.0442200735	11.3144
1 7 7			0.39		1.3		10.86		0.21694	0.4353	72.3061031614	6.1143
4 6 0			0.33		1.64		8.15		0.21694	0.7863	67.1083315067	59.4729
0 2 18			-0.54		1.1		17.59		0.20759	0.3755	76.3208597895	3.7538
6 0 6			0.04		1.14		16.95		0.20734	1.0815	60.1501886982	39.9969
6 2 6			-0.62		0.52		44.4		0.20643	3.9921	63.2107357729	344.5633
0 6 6			0.1		0.62		40.51		0.2061	1.0147	60.183190367	40.9583
6 4 0			0.12		0.74		36.01		0.2061	1.8287	67.0910631577	58.6803
2 2 4			0.1		0.84		32.72		0.20624	0.7551	29.4672289371	73.6026
0 6 8			0.1		0.94		29.78		0.20618	0.7694	64.1950429677	5.6946
2 0 14			0.09		1.03		27.33		0.20628	0.2634	58.6945218607	7.3942
1 5 7			0.08		1.11		25.31		0.20625	0.6035	54.1236034243	4.2528
2 4 14			0.07		1.18		23.74		0.20651	0.5221	70.6383718296	19.4111
4 6 2			0.07		1.25		22.16		0.20651	0.2349	67.657370766	5.5969
0 6 2			0.06		1.31		20.85		0.20652	0.2356	55.3895592761	6.1752
6 0 8			0.06		1.37		19.65		0.20647	2.9234	64.163237895	5.3359
6 4 2			0.06		1.43		18.56		0.20646	0.2211	67.6401768609	4.8049
3 1 15			-0.01		1.42		18.76		0.20774	0.2871	67.3554895111	7.7692
2 4 10			0.01		1.43		18.5		0.20812	0.607	57.0555982332	12.0937
0 6 10			-0.02		1.41		18.89		0.20871	0.8527	69.1637693973	8.5049
3 3 15			-0.04		1.38		19.59		0.21009	0.3402	73.0835579415	3.8877
6 0 10			0.0		1.38		19.56		0.21046	1.0728	69.1331306246	8.9056
2 0 10			0.04		1.42		18.76		0.2105	0.6169	42.9543880851	20.236
3 5 7			0.04		1.46		18.09		0.2105	0.2309	60.5203777188	5.6046
9 1 1			0.02		1.48		17.74		0.21053	0.8793	87.9915459652	19.6393
4 0 12			-0.14		1.33		20.73		0.21061	2.7435	60.4154589103	161.2613
1 3 15			0.03		1.36		20.18		0.21093	0.2862	67.3623786269	8.1809
3 3 9			0.02		1.38		19.73		0.21078	0.3816	52.4524123761	12.0632
0 0 16			-0.06		1.32		21.06		0.21039	1.3342	64.286058028	116.6634
1 1 9			-0.01		1.31		21.19		0.2099	0.2216	37.1193146943	1.1702
5 1 9			0.03		1.34		20.66		0.20977	0.4583	58.9619928854	19.0838
3 5 11			-0.15		1.19		24.36		0.20935	1.8915	70.5555824797	206.4699
3 7 1			0.02		1.21		23.83		0.20938	1.2822	71.5694631273	22.2453
1 3 1			0.03		1.24		23.15		0.20938	0.5324	28.3265170018	42.1271
2 0 16			0.02		1.26		22.71		0.2094	0.5935	67.2372591268	11.8907
6 0 2			0.03		1.29		22.12		0.2094	0.2214	55.354768557	5.4487
0 2 14			0.03		1.31		21.54		0.20938	0.2479	58.6982494177	6.3292
1 1 15			0.03		1.34		21.01		0.20929	0.656	61.3839959686	20.6242
4 2 2			0.02		1.36		20.56		0.20929	0.457	40.8620305525	12.2524
1 3 9			0.01		1.37		20.35		0.20901	0.2622	45.3040218183	7.1674
7 3 1			0.02		1.39		20.02		0.20904	0.5095	71.5359286583	22.1332
3 1 9			0.01		1.4		19.73		0.20882	0.36	45.2950695798	8.7768
0 0 8			-0.13		1.27		22.79		0.20895	2.1948	30.8548203523	183.9052
6 2 10			0.0		1.27		22.79		0.20929	0.7103	71.9901825081	43.9921
2 0 12			0.01		1.28		22.52		0.20929	0.8079	50.6101057273	16.6151
2 4 2			0.02		1.3		22.12		0.2093	0.3828	40.8766170199	13.2501
0 4 16			-0.02		1.28		22.47		0.20883	1.5557	75.7704700384	94.8658
1 5 5			0.0		1.28		22.38		0.20878	1.8923	50.2743192378	127.3636
2 0 4			-0.05		1.23		23.63		0.20884	1.3874	23.4143586184	109.347
6 4 6			0.01		1.25		23.31		0.20872	0.9247	71.9614498967	41.9809
0 2 12			0.01		1.26		23.08		0.20872	0.3827	50.6142203783	17.5707
0 6 12			0.02		1.27		22.65		0.20872	0.3425	75.0250979777	1.887
4 6 6			0.01		1.29		22.36		0.20859	1.1903	71.9781772466	41.9784
4 0 10			0.0		1.29		22.34		0.20894	0.6243	53.7713327333	45.2096
4 4 4			0.02		1.31		21.98		0.20899	0.8476	53.9354251327	76.9211
4 2 14			0.02		1.32		21.62		0.20905	1.2576	70.6282605877	19.9713
0 4 6			-0.2		1.12		27.09		0.20861	3.7688	42.9189471786	481.9509
4 4 10			0.01		1.13		26.92		0.2089	0.6886	66.23802526	47.6672
0 0 20			-0.01		1.11		27.33		0.21085	0.4542	83.3712939521	4.3689
2 4 8			0.02		1.13		26.88		0.21085	0.1687	51.4325245866	2.4593
0 2 20			0.02		1.14		26.46		0.21087	0.4494	86.0769303832	2.8517
5 3 9			0.02		1.16		26.05		0.21085	0.4833	65.0662013285	20.8409
4 2 6			-0.0		1.16		26.08		0.21076	1.6049	46.7233273538	62.1975
6 0 0			0.01		1.17		25.75		0.21076	0.7256	54.7363985401	55.434
3 1 3			-0.02		1.16		26.15		0.21075	1.2003	30.3814370344	67.5761
4 2 0			0.01		1.16		25.95		0.21075	0.9287	40.0811891304	86.5118
0 2 16			0.01		1.17		25.69		0.21078	1.8687	67.2407114996	13.8307
2 4 12			0.01		1.19		25.34		0.21078	0.2205	63.4791913795	4.8908
5 1 13			0.01		1.2		24.99		0.21073	0.4567	71.2764535317	11.3258
4 2 8			0.01		1.22		24.64		0.21073	0.7605	51.4203212226	2.5419
4 2 12			0.01		1.23		24.32		0.21073	0.2244	63.468523569	4.7972
2 2 10			0.01		1.23		24.19		0.2109	0.6429	46.7739448495	44.8949
3 1 13			0.01		1.25		23.87		0.21086	0.3869	59.4126405656	11.7895
1 3 13			0.01		1.26		23.56		0.21082	0.3907	59.4200243294	11.5335
5 1 1			0.01		1.27		23.26		0.21082	0.5346	46.1701152	26.7419
2 2 16			-0.02		1.26		23.67		0.21061	1.1693	70.1293332912	108.6018
0 6 14			0.01		1.27		23.4		0.21064	0.9096	81.7552219026	27.2955
3 3 1			0.01		1.28		23.11		0.21064	0.5106	38.1558496662	33.1617
3 5 9			0.01		1.29		22.83		0.21061	0.4755	65.0802252419	19.5165
1 5 1			0.01		1.3		22.56		0.21061	0.4978	46.196563203	27.3004
0 0 10			0.0		1.31		22.49		0.21079	0.8316	38.8438017949	41.7013
5 5 5			0.01		1.32		22.24		0.21077	1.5862	69.0631626084	104.8873
0 4 10			0.0		1.32		22.19		0.21095	0.9893	53.7871001638	44.1425
2 4 6			-0.0		1.32		22.27		0.21087	0.785	46.7364348384	64.2552
0 0 22			-0.03		1.29		22.93		0.21122	2.2765	94.0325860765	137.6091
3 3 13			0.01		1.3		22.69		0.21111	0.5636	65.4922780779	9.1158
2 6 10			0.0		1.3		22.62		0.21128	0.7069	72.0169435829	44.7171
0 2 22			-0.03		1.28		23.23		0.21139	1.8317	96.7387030121	97.213
1 7 1			0.01		1.29		22.99		0.21139	0.5219	65.7901743415	26.2984
4 6 4			0.0		1.29		22.91		0.21142	1.0731	69.291881243	33.3045
0 2 10			0.01		1.3		22.66		0.21143	0.4317	42.9590557724	21.0204
1 5 9			0.01		1.31		22.5		0.21134	0.4394	58.984264935	17.7365
1 1 3			0.0		1.31		22.45		0.21132	0.4514	16.9416048235	36.8187
3 7 5			0.01		1.32		22.22		0.21131	1.0548	74.7470539899	89.5814
0 0 18			-0.01		1.31		22.44		0.21049	0.6609	73.530655613	37.988
0 2 6			-0.02		1.29		22.89		0.21038	1.1672	29.1471999487	131.5155
4 4 12			-0.02		1.27		23.34		0.21041	1.9475	72.2035773977	130.2426