HKL Value		Reward		TotalReward	Chi Squared	Z Appr. 	Error	Two-Thetas	Sfs2
4 2 10			0.0		0.0		0.0		0.3	1.1102	57.0442200735	11.3144
4 6 0			0.0		0.0		0.04		0.38048	0.7863	67.1083315067	59.4729
1 7 3			-1.0		-1.0		18.71		0.37673	0.9932	66.8968211493	90.2271
6 2 0			-0.82		-1.82		106.54		0.37673	4.3933	57.9728440251	566.5186
0 6 6			0.37		-1.45		77.62		0.34739	1.0147	60.183190367	40.9583
0 2 18			0.25		-1.2		62.34		0.3522	0.3755	76.3208597895	3.7538
6 0 6			0.2		-1.0		51.96		0.35216	1.0815	60.1501886982	39.9969
0 6 8			0.16		-0.84		44.6		0.35247	0.7694	64.1950429677	5.6946
6 4 0			0.14		-0.7		39.03		0.35247	1.8287	67.0910631577	58.6803
0 6 2			0.12		-0.58		35.0		0.35253	0.2356	55.3895592761	6.1752
3 1 7			0.11		-0.48		31.65		0.35246	0.257	39.2655360855	5.205
2 4 14			0.1		-0.38		28.88		0.35295	0.5221	70.6383718296	19.4111
4 6 2			0.08		-0.3		26.7		0.35293	0.2349	67.657370766	5.5969
2 4 10			0.07		-0.23		25.02		0.35278	0.607	57.0555982332	12.0937
6 4 6			0.07		-0.16		23.45		0.35369	0.9247	71.9614498967	41.9809
9 1 1			0.06		-0.11		22.19		0.35356	0.8793	87.9915459652	19.6393
2 0 14			0.07		-0.04		20.81		0.35338	0.2634	58.6945218607	7.3942
3 1 9			0.06		0.02		19.6		0.35376	0.36	45.2950695798	8.7768
0 6 10			0.05		0.07		18.66		0.35361	0.8527	69.1637693973	8.5049
2 0 10			0.02		0.09		18.23		0.35341	0.6169	42.9543880851	20.236
6 4 2			0.05		0.14		17.43		0.3534	0.2211	67.6401768609	4.8049
3 1 15			0.04		0.18		16.74		0.35275	0.2871	67.3554895111	7.7692
0 4 0			-0.57		-0.39		38.91		0.35275	6.137	35.7152072575	818.959
6 0 8			0.05		-0.34		37.23		0.35293	2.9234	64.163237895	5.3359
0 6 12			0.04		-0.31		35.88		0.35534	0.3425	75.0250979777	1.887
6 0 10			0.04		-0.27		34.58		0.3552	1.0728	69.1331306246	8.9056
3 7 1			0.03		-0.23		33.48		0.35514	1.2822	71.5694631273	22.2453
4 2 0			0.02		-0.21		32.71		0.35514	0.9287	40.0811891304	86.5118
6 2 10			0.01		-0.2		32.44		0.35551	0.7103	71.9901825081	43.9921
4 2 4			-0.01		-0.21		32.73		0.3558	0.7624	43.1345383828	64.2766
4 0 10			0.01		-0.2		32.49		0.35639	0.6243	53.7713327333	45.2096
0 0 20			0.02		-0.19		31.94		0.36507	0.4542	83.3712939521	4.3689
1 3 15			0.03		-0.16		31.02		0.36516	0.2862	67.3623786269	8.1809
1 3 5			-0.04		-0.2		32.42		0.37075	3.1323	34.189462707	190.138
1 1 9			0.03		-0.17		31.47		0.37048	0.2216	37.1193146943	1.1702
0 4 16			0.03		-0.14		30.59		0.36709	1.5557	75.7704700384	94.8658
4 4 10			0.02		-0.12		30.07		0.37139	0.6886	66.23802526	47.6672
2 0 16			0.02		-0.1		29.45		0.36687	0.5935	67.2372591268	11.8907
3 3 9			0.02		-0.08		28.84		0.36661	0.3816	52.4524123761	12.0632
5 1 9			0.02		-0.06		28.35		0.36614	0.4583	58.9619928854	19.0838
2 2 6			-0.24		-0.31		37.38		0.36444	8.3224	34.2684003079	615.2447
2 0 6			-0.0		-0.31		37.39		0.36391	1.6278	29.1406672869	128.8477
3 3 15			0.02		-0.28		36.52		0.36394	0.3402	73.0835579415	3.8877
1 1 15			0.02		-0.27		35.88		0.36404	0.656	61.3839959686	20.6242
0 6 16			0.02		-0.24		35.08		0.36378	0.4825	89.3859051251	7.6515
4 2 14			0.02		-0.22		34.36		0.36364	1.2576	70.6282605877	19.9713
3 3 11			-0.03		-0.25		35.41		0.36364	2.1204	58.6030846927	249.5822
3 1 11			-0.04		-0.3		37.06		0.36364	2.3814	52.0481274199	292.2152
6 0 4			0.01		-0.29		36.77		0.36367	0.7069	57.1830782131	42.6751
6 0 2			0.02		-0.27		36.05		0.36368	0.2214	55.354768557	5.4487
4 2 2			0.02		-0.25		35.47		0.36369	0.457	40.8620305525	12.2524
7 3 1			0.02		-0.24		34.91		0.36368	0.5095	71.5359286583	22.1332
2 0 12			0.02		-0.22		34.37		0.36355	0.8079	50.6101057273	16.6151
1 1 3			0.01		-0.21		34.03		0.3635	0.4514	16.9416048235	36.8187
1 3 9			0.02		-0.19		33.44		0.36343	0.2622	45.3040218183	7.1674
3 5 9			0.01		-0.18		33.01		0.36329	0.4755	65.0802252419	19.5165
0 2 14			0.02		-0.16		32.42		0.36331	0.2479	58.6982494177	6.3292
2 4 8			0.02		-0.15		31.92		0.36316	0.1687	51.4325245866	2.4593
2 4 2			0.01		-0.13		31.51		0.36317	0.3828	40.8766170199	13.2501
0 2 2			0.0		-0.13		31.43		0.36316	0.4614	19.2417464495	36.8131
0 2 16			0.02		-0.11		30.91		0.36326	1.8687	67.2407114996	13.8307
0 2 12			0.01		-0.1		30.53		0.36313	0.3827	50.6142203783	17.5707
5 3 9			0.01		-0.09		30.2		0.36301	0.4833	65.0662013285	20.8409
4 6 6			0.02		-0.07		29.73		0.36299	1.1903	71.9781772466	41.9784
0 0 10			0.01		-0.07		29.55		0.36318	0.8316	38.8438017949	41.7013
0 6 4			0.0		-0.06		29.45		0.36321	0.6675	57.2171401797	42.9768
0 4 12			-0.02		-0.09		30.18		0.36265	1.4889	60.4300914167	161.7651
4 4 8			-0.03		-0.12		31.14		0.36297	3.9407	61.1479986878	218.5721
2 2 16			0.01		-0.11		30.79		0.36341	1.1693	70.1293332912	108.6018
3 1 13			0.01		-0.09		30.34		0.36341	0.3869	59.4126405656	11.7895
0 0 22			0.01		-0.08		29.94		0.36343	2.2765	94.0325860765	137.6091
0 0 14			0.01		-0.07		29.77		0.36321	0.8389	55.4890953336	74.9432
1 5 1			0.01		-0.07		29.52		0.36321	0.4978	46.196563203	27.3004
3 5 5			-0.01		-0.07		29.72		0.3634	1.2751	56.9624934876	133.7285
1 3 13			0.01		-0.06		29.32		0.3634	0.3907	59.4200243294	11.5335
1 5 7			0.01		-0.05		28.95		0.3634	0.6035	54.1236034243	4.2528
5 1 13			0.01		-0.03		28.56		0.3634	0.4567	71.2764535317	11.3258
0 2 22			0.0		-0.03		28.43		0.36341	1.8317	96.7387030121	97.213
3 1 5			-0.02		-0.05		29.09		0.36362	2.8985	34.1781376955	186.2389
5 3 1			0.01		-0.04		28.9		0.36361	0.5252	53.2386121167	32.835
3 3 1			0.01		-0.04		28.71		0.3636	0.5106	38.1558496662	33.1617
3 7 5			0.01		-0.03		28.52		0.36371	1.0548	74.7470539899	89.5814
2 4 12			0.01		-0.02		28.2		0.36368	0.2205	63.4791913795	4.8908
5 1 1			0.01		-0.01		28.0		0.36368	0.5346	46.1701152	26.7419
7 1 5			0.0		-0.01		27.96		0.36381	1.5264	69.0427278305	98.726
2 2 10			0.0		-0.01		27.85		0.36396	0.6429	46.7739448495	44.8949
3 5 1			0.01		-0.0		27.68		0.36396	0.5283	53.2544885252	31.9012
1 7 1			0.01		0.01		27.49		0.36393	0.5219	65.7901743415	26.2984
2 4 6			0.01		0.01		27.32		0.36381	0.785	46.7364348384	64.2552
4 6 4			0.01		0.02		27.15		0.36383	1.0731	69.291881243	33.3045
0 4 10			0.0		0.02		27.04		0.36397	0.9893	53.7871001638	44.1425
4 2 12			0.01		0.03		26.76		0.36395	0.2244	63.468523569	4.7972
0 6 14			0.01		0.04		26.52		0.36385	0.9096	81.7552219026	27.2955
0 0 18			0.01		0.05		26.29		0.36393	0.6609	73.530655613	37.988
2 2 12			-0.03		0.02		27.15		0.3635	1.9766	54.0147953295	208.0279
4 4 6			-0.07		-0.05		29.05		0.3631	4.3817	57.0116572758	400.3855
3 3 13			0.01		-0.04		28.75		0.36306	0.5636	65.4922780779	9.1158
4 2 8			0.01		-0.03		28.49		0.36298	0.7605	51.4203212226	2.5419
3 1 1			0.0		-0.02		28.4		0.36296	0.5239	28.3131072915	41.7464
6 0 0			0.01		-0.01		28.16		0.36296	0.7256	54.7363985401	55.434
2 6 10			0.0		-0.01		28.06		0.3631	0.7069	72.0169435829	44.7171
5 5 7			0.01		-0.0		27.8		0.3631	0.6639	72.2860687267	4.3062