HKL Value		Reward		TotalReward	Chi Squared	Z Appr. 	Error	Two-Thetas	Sfs2
4 2 10			0.0		0.0		0.0		0.3	1.1102	57.0442200735	11.3144
4 6 0			0.0		0.0		0.04		0.38048	0.7863	67.1083315067	59.4729
0 2 18			-0.99		-0.99		2.91		0.37005	0.3755	76.3208597895	3.7538
6 0 6			0.98		-0.01		1.48		0.35268	1.0815	60.1501886982	39.9969
0 6 6			0.3		0.29		1.13		0.35252	1.0147	60.183190367	40.9583
6 4 0			0.25		0.54		0.91		0.35252	1.8287	67.0910631577	58.6803
0 6 8			0.1		0.64		0.82		0.35288	0.7694	64.1950429677	5.6946
2 0 14			0.15		0.79		0.72		0.35273	0.2634	58.6945218607	7.3942
2 4 14			-0.06		0.73		0.76		0.3532	0.5221	70.6383718296	19.4111
0 0 4			-0.85		-0.12		5.06		0.35281	0.8482	15.2869714585	59.1035
4 6 2			0.05		-0.07		4.83		0.35278	0.2349	67.657370766	5.5969
2 0 6			-0.22		-0.29		6.2		0.35173	1.6278	29.1406672869	128.8477
7 1 7			0.06		-0.23		5.83		0.35169	0.3505	72.2660298289	5.0526
0 6 2			0.04		-0.19		5.59		0.35173	0.2356	55.3895592761	6.1752
3 1 15			0.05		-0.13		5.31		0.35118	0.2871	67.3554895111	7.7692
6 0 8			0.06		-0.07		5.0		0.35135	2.9234	64.163237895	5.3359
6 4 2			0.04		-0.04		4.83		0.35134	0.2211	67.6401768609	4.8049
4 4 12			-0.02		-0.06		4.93		0.35029	1.9475	72.2035773977	130.2426
2 4 10			0.0		-0.05		4.92		0.35028	0.607	57.0555982332	12.0937
0 0 2			-0.43		-0.48		8.62		0.35039	1.161	7.62646333295	98.931
0 6 10			0.04		-0.45		8.31		0.35038	0.8527	69.1637693973	8.5049
3 3 15			0.05		-0.4		7.92		0.35047	0.3402	73.0835579415	3.8877
2 0 10			-0.01		-0.41		8.02		0.35046	0.6169	42.9543880851	20.236
6 0 10			0.03		-0.38		7.79		0.35046	1.0728	69.1331306246	8.9056
9 1 1			0.02		-0.36		7.64		0.35043	0.8793	87.9915459652	19.6393
7 3 3			-0.05		-0.41		8.06		0.35037	1.9283	72.601334037	69.5466
1 3 15			0.04		-0.38		7.78		0.35016	0.2862	67.3623786269	8.1809
2 6 10			-0.08		-0.46		8.49		0.35016	0.7069	72.0169435829	44.7171
3 3 9			0.03		-0.43		8.22		0.35033	0.3816	52.4524123761	12.0632
1 1 9			0.0		-0.42		8.19		0.351	0.2216	37.1193146943	1.1702
5 1 9			0.03		-0.39		7.93		0.35109	0.4583	58.9619928854	19.0838
3 7 1			0.01		-0.38		7.85		0.35105	1.2822	71.5694631273	22.2453
2 0 16			0.01		-0.37		7.8		0.35092	0.5935	67.2372591268	11.8907
6 0 2			0.02		-0.35		7.64		0.35094	0.2214	55.354768557	5.4487
0 2 14			0.03		-0.32		7.41		0.35091	0.2479	58.6982494177	6.3292
1 1 15			-0.02		-0.34		7.53		0.35061	0.656	61.3839959686	20.6242
4 2 2			0.0		-0.34		7.53		0.35061	0.457	40.8620305525	12.2524
1 3 9			0.01		-0.32		7.43		0.35098	0.2622	45.3040218183	7.1674
7 3 1			0.01		-0.32		7.38		0.35096	0.5095	71.5359286583	22.1332
3 1 9			0.02		-0.3		7.23		0.35119	0.36	45.2950695798	8.7768
2 0 12			0.02		-0.28		7.1		0.35159	0.8079	50.6101057273	16.6151
2 4 12			-0.0		-0.28		7.12		0.3526	0.2205	63.4791913795	4.8908
1 1 3			-0.02		-0.3		7.28		0.35256	0.4514	16.9416048235	36.8187
2 4 2			-0.0		-0.31		7.3		0.35256	0.3828	40.8766170199	13.2501