HKL Value		Reward		TotalReward	Chi Squared	Z Appr. 	Error	Two-Thetas	Sfs2
4 2 10			0.0		0.0		0.0		0.3	1.1102	57.0442200735	11.3144
4 6 0			0.0		0.0		0.04		0.38048	0.7863	67.1083315067	59.4729
6 0 6			-0.98		-0.98		2.11		0.35067	1.0815	60.1501886982	39.9969
1 1 11			-0.96		-1.94		56.94		0.3619	2.144	44.8525636461	378.5934
0 6 6			0.31		-1.63		43.49		0.36074	1.0147	60.183190367	40.9583
0 2 18			0.24		-1.39		35.08		0.36073	0.3755	76.3208597895	3.7538
5 3 7			0.19		-1.21		29.54		0.36079	0.2523	60.5057581853	5.4388
6 4 0			0.17		-1.04		25.32		0.36079	1.8287	67.0910631577	58.6803
0 2 2			-0.01		-1.05		25.48		0.36063	0.4614	19.2417464495	36.8131
0 6 8			0.12		-0.93		22.76		0.35986	0.7694	64.1950429677	5.6946
2 0 14			0.11		-0.82		20.51		0.36008	0.2634	58.6945218607	7.3942
2 4 14			0.1		-0.72		18.71		0.35977	0.5221	70.6383718296	19.4111
4 6 2			0.08		-0.64		17.38		0.35978	0.2349	67.657370766	5.5969
9 1 1			0.06		-0.59		16.42		0.35966	0.8793	87.9915459652	19.6393
3 7 3			-0.02		-0.61		16.82		0.35914	0.8954	72.6346668965	71.6226
0 6 2			0.06		-0.55		15.86		0.35926	0.2356	55.3895592761	6.1752
6 0 8			0.06		-0.48		14.91		0.35871	2.9234	64.163237895	5.3359
3 1 3			-0.03		-0.52		15.44		0.35827	1.2003	30.3814370344	67.5761
3 1 5			-0.21		-0.72		19.42		0.36081	2.8985	34.1781376955	186.2389
6 4 2			0.05		-0.68		18.51		0.36081	0.2211	67.6401768609	4.8049
3 1 15			0.04		-0.63		17.75		0.3612	0.2871	67.3554895111	7.7692
2 4 10			0.03		-0.6		17.22		0.36091	0.607	57.0555982332	12.0937
4 2 0			0.01		-0.59		17.02		0.36091	0.9287	40.0811891304	86.5118
1 3 9			0.04		-0.55		16.33		0.3604	0.2622	45.3040218183	7.1674
0 6 10			0.03		-0.52		15.82		0.36013	0.8527	69.1637693973	8.5049
3 3 13			0.04		-0.47		15.2		0.36066	0.5636	65.4922780779	9.1158
2 0 10			0.01		-0.47		15.1		0.36032	0.6169	42.9543880851	20.236
6 0 10			0.03		-0.44		14.7		0.3601	1.0728	69.1331306246	8.9056
0 2 20			0.03		-0.41		14.22		0.36032	0.4494	86.0769303832	2.8517
1 3 15			0.03		-0.38		13.85		0.36079	0.2862	67.3623786269	8.1809
1 1 9			0.03		-0.35		13.39		0.36067	0.2216	37.1193146943	1.1702
3 3 15			0.03		-0.32		13.0		0.36095	0.3402	73.0835579415	3.8877
3 3 9			0.02		-0.29		12.69		0.36	0.3816	52.4524123761	12.0632
5 1 9			0.02		-0.27		12.4		0.3586	0.4583	58.9619928854	19.0838
1 5 11			-0.11		-0.38		13.89		0.36029	1.8219	64.7342781598	204.7444
2 0 16			0.03		-0.35		13.55		0.3612	0.5935	67.2372591268	11.8907
3 7 1			0.01		-0.34		13.35		0.36114	1.2822	71.5694631273	22.2453
6 0 0			0.02		-0.32		13.11		0.36114	0.7256	54.7363985401	55.434
3 7 5			-0.01		-0.32		13.19		0.36185	1.0548	74.7470539899	89.5814
3 1 11			-0.16		-0.49		15.76		0.36217	2.3814	52.0481274199	292.2152
6 0 2			0.02		-0.46		15.41		0.36219	0.2214	55.354768557	5.4487
0 2 14			0.02		-0.44		15.03		0.36227	0.2479	58.6982494177	6.3292
1 1 15			0.01		-0.43		14.91		0.36248	0.656	61.3839959686	20.6242
4 4 10			-0.01		-0.44		15.08		0.36293	0.6886	66.23802526	47.6672
3 5 11			-0.05		-0.5		15.95		0.363	1.8915	70.5555824797	206.4699
0 0 20			0.01		-0.48		15.74		0.36408	0.4542	83.3712939521	4.3689
4 2 2			0.01		-0.47		15.55		0.36408	0.457	40.8620305525	12.2524
4 0 10			-0.0		-0.47		15.59		0.3643	0.6243	53.7713327333	45.2096
6 2 10			-0.0		-0.47		15.61		0.36452	0.7103	71.9901825081	43.9921
7 3 1			0.01		-0.46		15.43		0.36451	0.5095	71.5359286583	22.1332
1 7 7			0.02		-0.45		15.17		0.36452	0.4353	72.3061031614	6.1143
0 6 12			0.02		-0.43		14.88		0.36452	0.3425	75.0250979777	1.887
0 4 16			0.02		-0.41		14.61		0.36468	1.5557	75.7704700384	94.8658
0 0 10			-0.0		-0.41		14.64		0.36488	0.8316	38.8438017949	41.7013
3 1 9			0.01		-0.4		14.44		0.36482	0.36	45.2950695798	8.7768
2 4 2			0.01		-0.39		14.32		0.36483	0.3828	40.8766170199	13.2501
6 4 6			0.02		-0.37		14.07		0.36479	0.9247	71.9614498967	41.9809
0 2 12			0.01		-0.36		13.98		0.3647	0.3827	50.6142203783	17.5707
2 0 12			0.01		-0.36		13.87		0.3646	0.8079	50.6101057273	16.6151
4 6 6			0.02		-0.34		13.64		0.36456	1.1903	71.9781772466	41.9784
4 2 14			0.01		-0.33		13.47		0.36444	1.2576	70.6282605877	19.9713
1 7 5			-0.01		-0.34		13.64		0.36462	1.0841	69.0835930101	99.7513
2 4 8			0.01		-0.33		13.51		0.36448	0.1687	51.4325245866	2.4593
5 3 9			0.0		-0.33		13.47		0.36438	0.4833	65.0662013285	20.8409
3 5 9			0.0		-0.32		13.42		0.36428	0.4755	65.0802252419	19.5165
0 2 16			0.02		-0.31		13.22		0.36429	1.8687	67.2407114996	13.8307
2 2 10			-0.01		-0.31		13.29		0.36449	0.6429	46.7739448495	44.8949
2 4 12			0.01		-0.3		13.12		0.36446	0.2205	63.4791913795	4.8908
5 1 13			0.01		-0.28		12.93		0.36438	0.4567	71.2764535317	11.3258
4 2 12			0.01		-0.27		12.77		0.36435	0.2244	63.468523569	4.7972
3 1 13			0.01		-0.26		12.59		0.36431	0.3869	59.4126405656	11.7895
4 2 8			0.01		-0.25		12.48		0.36419	0.7605	51.4203212226	2.5419
1 5 7			0.01		-0.24		12.33		0.3642	0.6035	54.1236034243	4.2528
1 3 13			0.01		-0.22		12.16		0.36416	0.3907	59.4200243294	11.5335
1 1 17			-0.1		-0.32		13.47		0.36329	2.447	70.2810461715	248.4175
2 2 16			0.01		-0.31		13.38		0.36358	1.1693	70.1293332912	108.6018
5 1 1			0.0		-0.31		13.36		0.36357	0.5346	46.1701152	26.7419
3 3 1			-0.0		-0.31		13.37		0.36356	0.5106	38.1558496662	33.1617
0 6 14			0.01		-0.3		13.25		0.36347	0.9096	81.7552219026	27.2955
1 5 1			0.0		-0.3		13.24		0.36346	0.4978	46.196563203	27.3004
0 4 10			-0.0		-0.31		13.29		0.3636	0.9893	53.7871001638	44.1425
5 1 5			-0.03		-0.34		13.69		0.36376	1.1901	50.2495039981	127.1383
0 2 22			-0.0		-0.34		13.75		0.36376	1.8317	96.7387030121	97.213