HKL Value		Reward		TotalReward	Chi Squared	Z Appr. 	Error	Two-Thetas	Sfs2
4 2 10			0.0		0.0		0.0		0.3	1.1102	57.0442200735	11.3144
4 6 0			0.0		0.0		0.04		0.38048	0.7863	67.1083315067	59.4729
0 4 2			-1.0		-1.0		37.25		0.38308	3.2657	36.5744795411	137.7475
6 4 0			0.5		-0.5		24.83		0.38308	1.8287	67.0910631577	58.6803
0 6 6			0.04		-0.46		23.97		0.37903	1.0147	60.183190367	40.9583
0 6 8			0.17		-0.29		20.52		0.38267	0.7694	64.1950429677	5.6946
6 0 6			0.28		-0.02		16.06		0.35499	1.0815	60.1501886982	39.9969
0 2 18			0.16		0.15		13.8		0.35396	0.3755	76.3208597895	3.7538
3 5 1			0.01		0.16		13.64		0.35367	0.5283	53.2544885252	31.9012
3 3 9			0.12		0.28		12.12		0.35364	0.3816	52.4524123761	12.0632
4 4 2			-0.38		-0.1		19.65		0.35459	1.2125	52.0311030722	128.6454
2 0 14			0.1		-0.0		17.89		0.35432	0.2634	58.6945218607	7.3942
2 4 14			0.09		0.09		16.46		0.35469	0.5221	70.6383718296	19.4111
6 0 8			0.08		0.17		15.19		0.3548	2.9234	64.163237895	5.3359
4 6 2			0.06		0.23		14.31		0.35478	0.2349	67.657370766	5.5969
0 6 2			0.06		0.29		13.53		0.35488	0.2356	55.3895592761	6.1752
6 4 2			0.05		0.34		12.82		0.35487	0.2211	67.6401768609	4.8049
3 3 15			0.06		0.4		12.14		0.3542	0.3402	73.0835579415	3.8877
3 1 7			0.05		0.45		11.55		0.35414	0.257	39.2655360855	5.205
3 1 15			0.04		0.49		11.12		0.35323	0.2871	67.3554895111	7.7692
1 1 3			-0.01		0.48		11.26		0.35301	0.4514	16.9416048235	36.8187
1 5 7			0.04		0.52		10.79		0.35297	0.6035	54.1236034243	4.2528
1 3 3			-0.04		0.48		11.26		0.35272	0.7045	30.3940112777	66.1614
0 6 10			0.03		0.51		10.89		0.35263	0.8527	69.1637693973	8.5049
2 4 10			0.02		0.54		10.64		0.35253	0.607	57.0555982332	12.0937
0 4 10			-0.06		0.48		11.26		0.35273	0.9893	53.7871001638	44.1425
0 4 20			-0.0		0.48		11.29		0.36213	1.027	94.1654323607	18.6345
6 0 10			0.02		0.5		11.05		0.36204	1.0728	69.1331306246	8.9056
0 4 8			-0.22		0.28		14.24		0.36342	4.1351	47.9021960727	235.0989
1 3 15			0.03		0.3		13.84		0.36358	0.2862	67.3623786269	8.1809
9 1 1			0.02		0.33		13.56		0.36353	0.8793	87.9915459652	19.6393
5 3 3			-0.05		0.27		14.32		0.36323	0.9351	54.4936931553	89.9375
1 1 9			0.03		0.3		13.88		0.36322	0.2216	37.1193146943	1.1702
6 2 4			-0.07		0.23		14.99		0.36307	0.8727	60.3342977717	77.9073
4 4 0			-0.38		-0.15		24.14		0.36307	4.9852	51.3853572345	648.027
0 2 14			0.03		-0.12		23.45		0.36313	0.2479	58.6982494177	6.3292
6 0 2			0.03		-0.09		22.85		0.36318	0.2214	55.354768557	5.4487
2 0 10			0.01		-0.08		22.59		0.36304	0.6169	42.9543880851	20.236
3 7 1			0.02		-0.06		22.17		0.363	1.2822	71.5694631273	22.2453
6 4 6			0.03		-0.04		21.6		0.36293	0.9247	71.9614498967	41.9809
5 1 9			0.02		-0.02		21.22		0.36243	0.4583	58.9619928854	19.0838
1 3 9			0.02		0.0		20.75		0.3622	0.2622	45.3040218183	7.1674
2 0 16			0.02		0.03		20.26		0.36249	0.5935	67.2372591268	11.8907
3 1 9			0.02		0.05		19.86		0.36228	0.36	45.2950695798	8.7768
0 6 4			-0.0		0.04		19.94		0.36235	0.6675	57.2171401797	42.9768
1 1 15			0.01		0.06		19.71		0.36259	0.656	61.3839959686	20.6242
0 6 14			0.02		0.07		19.36		0.36232	0.9096	81.7552219026	27.2955
4 2 2			0.01		0.09		19.1		0.36233	0.457	40.8620305525	12.2524
0 6 12			0.02		0.11		18.71		0.36228	0.3425	75.0250979777	1.887
7 3 1			0.01		0.12		18.46		0.36224	0.5095	71.5359286583	22.1332
3 5 3			-0.02		0.1		18.79		0.36208	0.9259	54.5093201099	87.7589
1 1 7			0.02		0.12		18.46		0.36211	0.2012	29.7561292971	6.5386
2 0 4			-0.05		0.07		19.5		0.36223	1.3874	23.4143586184	109.347
0 2 20			0.02		0.09		19.13		0.36239	0.4494	86.0769303832	2.8517
4 6 6			0.02		0.11		18.78		0.36237	1.1903	71.9781772466	41.9784
1 7 1			0.01		0.12		18.64		0.36234	0.5219	65.7901743415	26.2984
0 2 12			0.01		0.13		18.43		0.362	0.3827	50.6142203783	17.5707
4 2 14			0.02		0.14		18.13		0.36185	1.2576	70.6282605877	19.9713
2 4 6			0.01		0.15		17.98		0.3615	0.785	46.7364348384	64.2552
2 0 12			0.01		0.16		17.77		0.36116	0.8079	50.6101057273	16.6151
2 4 2			0.01		0.17		17.61		0.36116	0.3828	40.8766170199	13.2501
2 4 8			0.01		0.19		17.35		0.36092	0.1687	51.4325245866	2.4593
5 3 9			0.01		0.2		17.21		0.36059	0.4833	65.0662013285	20.8409
6 4 4			0.0		0.2		17.15		0.36065	0.6669	69.2748711385	33.991
0 4 16			0.01		0.21		17.01		0.36165	1.5557	75.7704700384	94.8658
6 0 0			0.01		0.22		16.82		0.36165	0.7256	54.7363985401	55.434
1 3 5			-0.06		0.16		17.86		0.36222	3.1323	34.189462707	190.138
6 2 10			-0.0		0.16		17.88		0.36258	0.7103	71.9901825081	43.9921
0 2 16			0.01		0.17		17.63		0.3628	1.8687	67.2407114996	13.8307
0 2 22			-0.0		0.17		17.65		0.36294	1.8317	96.7387030121	97.213
4 4 10			-0.0		0.17		17.7		0.36323	0.6886	66.23802526	47.6672
0 0 10			-0.0		0.17		17.7		0.3635	0.8316	38.8438017949	41.7013