HKL Value		Reward		TotalReward	Chi Squared	Z Appr. 	Error	Two-Thetas	Sfs2
0 4 10			0.0		0.0		0.0		0.3	0.9893	53.7871001638	44.1425
4 2 10			0.0		0.0		0.28		0.42079	1.1102	57.0442200735	11.3144
0 2 18			-0.54		-0.54		0.6		0.42133	0.3755	76.3208597895	3.7538
4 6 0			0.45		-0.09		0.41		0.42133	0.7863	67.1083315067	59.4729
0 0 20			-0.39		-0.48		0.67		0.42059	0.4542	83.3712939521	4.3689
6 0 6			-0.9		-1.37		6.49		0.42055	1.0815	60.1501886982	39.9969
5 3 11			-0.78		-2.16		30.15		0.42687	1.8677	70.5420870211	204.0714
0 6 6			-0.0		-2.16		30.22		0.42687	1.0147	60.183190367	40.9583
0 6 12			-0.15		-2.31		35.41		0.43158	0.3425	75.0250979777	1.887
4 0 14			0.02		-2.29		34.71		0.4314	1.986	67.7459682929	124.3248
4 2 4			-0.04		-2.33		36.32		0.4314	0.7624	43.1345383828	64.2766
1 1 17			-0.25		-2.58		48.62		0.43039	2.447	70.2810461715	248.4175
0 6 8			0.09		-2.5		44.7		0.43033	0.7694	64.1950429677	5.6946
1 5 11			-0.13		-2.63		51.48		0.43111	1.8219	64.7342781598	204.7444
2 4 10			0.07		-2.56		48.28		0.43104	0.607	57.0555982332	12.0937
2 2 16			0.07		-2.49		45.06		0.43104	1.1693	70.1293332912	108.6018
2 0 10			0.05		-2.44		43.06		0.43099	0.6169	42.9543880851	20.236
5 3 9			0.06		-2.38		40.53		0.43095	0.4833	65.0662013285	20.8409
4 0 8			-0.19		-2.57		49.89		0.43088	2.9483	47.8850437629	244.3799
0 6 2			0.05		-2.52		47.69		0.4308	0.2356	55.3895592761	6.1752
6 4 0			0.05		-2.47		45.31		0.4308	1.8287	67.0910631577	58.6803
9 1 1			0.04		-2.43		43.59		0.43079	0.8793	87.9915459652	19.6393
6 2 4			0.02		-2.41		42.55		0.43096	0.8727	60.3342977717	77.9073
0 6 10			0.04		-2.37		40.87		0.4309	0.8527	69.1637693973	8.5049
2 4 2			0.04		-2.32		39.17		0.4309	0.3828	40.8766170199	13.2501
4 4 8			-0.13		-2.45		45.1		0.43084	3.9407	61.1479986878	218.5721
0 2 12			0.03		-2.42		43.74		0.43143	0.3827	50.6142203783	17.5707
4 4 10			0.03		-2.4		42.59		0.43116	0.6886	66.23802526	47.6672
3 1 5			-0.02		-2.42		43.54		0.43088	2.8985	34.1781376955	186.2389
6 2 10			0.03		-2.39		42.36		0.43061	0.7103	71.9901825081	43.9921
2 4 14			0.03		-2.36		40.97		0.43059	0.5221	70.6383718296	19.4111
4 6 2			0.03		-2.32		39.7		0.43056	0.2349	67.657370766	5.5969
1 5 7			-0.22		-2.54		50.96		0.4312	0.6035	54.1236034243	4.2528
6 0 2			0.02		-2.52		49.73		0.4311	0.2214	55.354768557	5.4487
4 0 10			0.02		-2.5		48.57		0.43075	0.6243	53.7713327333	45.2096
1 5 5			0.01		-2.49		48.25		0.43045	1.8923	50.2743192378	127.3636
0 4 16			0.03		-2.46		46.92		0.43031	1.5557	75.7704700384	94.8658
0 0 16			0.03		-2.43		45.67		0.43044	1.3342	64.286058028	116.6634
2 4 0			0.02		-2.41		44.84		0.43044	1.4359	40.0960076051	88.2765
6 0 10			0.02		-2.39		43.79		0.43037	1.0728	69.1331306246	8.9056
3 5 9			0.03		-2.37		42.7		0.43032	0.4755	65.0802252419	19.5165
2 6 2			0.0		-2.36		42.63		0.43042	1.2892	58.5985395934	134.3564
3 1 15			0.02		-2.34		41.67		0.43046	0.2871	67.3554895111	7.7692
6 0 8			0.02		-2.32		40.75		0.4304	2.9234	64.163237895	5.3359
5 1 9			0.02		-2.3		39.88		0.43023	0.4583	58.9619928854	19.0838
1 3 15			0.02		-2.27		39.05		0.43026	0.2862	67.3623786269	8.1809
0 2 22			-0.02		-2.3		39.95		0.43026	1.8317	96.7387030121	97.213
2 0 14			0.02		-2.28		39.1		0.43029	0.2634	58.6945218607	7.3942
5 3 5			0.0		-2.27		39.01		0.43005	2.2247	56.9473208346	134.0256
2 0 16			0.02		-2.25		38.29		0.42966	0.5935	67.2372591268	11.8907
1 1 15			0.02		-2.24		37.71		0.42974	0.656	61.3839959686	20.6242
7 3 1			0.01		-2.23		37.19		0.42974	0.5095	71.5359286583	22.1332
4 2 8			0.01		-2.21		36.81		0.42943	0.7605	51.4203212226	2.5419
3 3 9			0.02		-2.2		36.17		0.42925	0.3816	52.4524123761	12.0632
1 3 9			0.02		-2.18		35.63		0.4289	0.2622	45.3040218183	7.1674
5 1 5			0.0		-2.18		35.61		0.42867	1.1901	50.2495039981	127.1383
1 1 9			0.01		-2.17		35.16		0.42812	0.2216	37.1193146943	1.1702
2 0 4			-0.03		-2.2		36.13		0.42807	1.3874	23.4143586184	109.347
5 1 11			-0.05		-2.24		37.93		0.42874	3.2753	64.7131722767	203.727
2 0 12			0.01		-2.23		37.63		0.42956	0.8079	50.6101057273	16.6151
7 3 3			-0.01		-2.24		37.9		0.42953	1.9283	72.601334037	69.5466
6 4 2			0.02		-2.23		37.31		0.42949	0.2211	67.6401768609	4.8049
4 2 2			0.02		-2.21		36.71		0.42949	0.457	40.8620305525	12.2524
0 2 16			0.02		-2.19		36.15		0.42932	1.8687	67.2407114996	13.8307
1 3 1			0.0		-2.19		35.99		0.42931	0.5324	28.3265170018	42.1271
4 2 14			0.02		-2.17		35.44		0.42931	1.2576	70.6282605877	19.9713
5 3 3			-0.02		-2.19		35.99		0.42927	0.9351	54.4936931553	89.9375
2 4 8			0.01		-2.18		35.72		0.429	0.1687	51.4325245866	2.4593
7 1 7			-0.12		-2.3		40.37		0.4291	0.3505	72.2660298289	5.0526
1 5 1			0.01		-2.29		40.03		0.4291	0.4978	46.196563203	27.3004
0 6 16			0.01		-2.28		39.54		0.42859	0.4825	89.3859051251	7.6515
0 0 10			0.01		-2.26		39.06		0.42834	0.8316	38.8438017949	41.7013
1 3 11			-0.06		-2.32		41.5		0.42908	2.4293	52.0561920156	298.4303
3 3 15			0.01		-2.31		40.95		0.4291	0.3402	73.0835579415	3.8877
3 1 9			0.01		-2.3		40.45		0.4289	0.36	45.2950695798	8.7768
3 7 1			0.01		-2.29		40.06		0.42889	1.2822	71.5694631273	22.2453
6 2 8			-0.05		-2.33		41.98		0.42879	3.3751	67.1207225085	222.106
5 3 7			-0.09		-2.42		46.05		0.42884	0.2523	60.5057581853	5.4388
4 4 2			0.0		-2.42		46.02		0.42894	1.2125	52.0311030722	128.6454
6 0 4			0.0		-2.42		45.84		0.42895	0.7069	57.1830782131	42.6751
2 4 4			-0.0		-2.42		45.91		0.42895	0.8182	43.1484985256	64.6996
4 6 6			0.0		-2.41		45.69		0.42901	1.1903	71.9781772466	41.9784
5 1 13			0.01		-2.4		45.21		0.42904	0.4567	71.2764535317	11.3258
5 5 5			0.01		-2.39		44.79		0.4289	1.5862	69.0631626084	104.8873
3 3 1			0.01		-2.39		44.48		0.42888	0.5106	38.1558496662	33.1617
4 4 12			0.01		-2.37		43.96		0.42882	1.9475	72.2035773977	130.2426
6 0 0			0.01		-2.36		43.5		0.42882	0.7256	54.7363985401	55.434
2 6 10			0.01		-2.35		43.08		0.42852	0.7069	72.0169435829	44.7171
1 7 3			-0.01		-2.36		43.36		0.42843	0.9932	66.8968211493	90.2271
2 2 10			0.01		-2.35		42.95		0.4281	0.6429	46.7739448495	44.8949
1 3 5			-0.01		-2.36		43.22		0.42774	3.1323	34.189462707	190.138
2 6 0			-0.06		-2.41		45.77		0.42774	4.3567	58.0028534629	558.9791
2 2 4			0.0		-2.41		45.55		0.42793	0.7551	29.4672289371	73.6026
4 0 4			0.0		-2.4		45.33		0.42814	1.2165	39.0343929222	79.1487
4 0 0			-0.09		-2.5		49.91		0.42814	8.3901	35.6934066618	787.9925
0 2 14			0.01		-2.49		49.4		0.42814	0.2479	58.6982494177	6.3292
3 5 11			-0.02		-2.5		50.3		0.42897	1.8915	70.5555824797	206.4699
0 2 10			0.01		-2.5		49.91		0.42886	0.4317	42.9590557724	21.0204
2 4 6			0.0		-2.5		49.91		0.42886	0.785	46.7364348384	64.2552
2 0 0			0.0		-2.49		49.87		0.42886	2.02	17.6289686615	175.6782
6 4 6			0.0		-2.49		49.66		0.42892	0.9247	71.9614498967	41.9809
6 2 0			-0.04		-2.53		51.96		0.42892	4.3933	57.9728440251	566.5186