HKL Value		Reward		TotalReward	Chi Squared	Z Appr. 	Error	Two-Thetas	Sfs2
4 2 10			0.0		0.0		0.0		0.3	1.1102	57.0442200735	11.3144
4 6 0			0.0		0.0		0.04		0.38048	0.7863	67.1083315067	59.4729
6 4 0			0.53		0.53		0.03		0.38048	1.8287	67.0910631577	58.6803
0 6 8			-0.99		-0.46		2.04		0.38331	0.7694	64.1950429677	5.6946
0 2 0			-0.85		-1.31		13.4		0.38332	1.4407	17.6394681947	177.2483
6 0 6			0.28		-1.03		10.46		0.35308	1.0815	60.1501886982	39.9969
0 6 6			0.2		-0.83		8.73		0.35245	1.0147	60.183190367	40.9583
0 0 14			-0.08		-0.91		9.49		0.35507	0.8389	55.4890953336	74.9432
0 2 18			0.14		-0.77		8.35		0.35448	0.3755	76.3208597895	3.7538
2 0 14			0.12		-0.65		7.45		0.35427	0.2634	58.6945218607	7.3942
2 4 14			0.1		-0.55		6.78		0.35456	0.5221	70.6383718296	19.4111
6 0 8			0.1		-0.45		6.16		0.35466	2.9234	64.163237895	5.3359
4 6 2			0.05		-0.41		5.88		0.35464	0.2349	67.657370766	5.5969
1 1 11			-0.68		-1.09		18.59		0.3587	2.144	44.8525636461	378.5934
5 5 7			0.07		-1.02		17.35		0.35871	0.6639	72.2860687267	4.3062
0 6 2			0.06		-0.96		16.35		0.35879	0.2356	55.3895592761	6.1752
6 4 2			0.06		-0.9		15.47		0.35879	0.2211	67.6401768609	4.8049
3 3 15			0.06		-0.84		14.65		0.35897	0.3402	73.0835579415	3.8877
3 1 15			0.04		-0.8		14.05		0.35926	0.2871	67.3554895111	7.7692
6 0 4			-0.04		-0.84		14.56		0.35951	0.7069	57.1830782131	42.6751
3 3 9			0.04		-0.79		13.94		0.35882	0.3816	52.4524123761	12.0632
0 6 10			0.04		-0.76		13.45		0.35857	0.8527	69.1637693973	8.5049
2 4 10			0.03		-0.73		13.12		0.35827	0.607	57.0555982332	12.0937
6 0 10			0.03		-0.7		12.72		0.35799	1.0728	69.1331306246	8.9056
1 3 15			0.03		-0.67		12.37		0.35824	0.2862	67.3623786269	8.1809
1 1 9			0.04		-0.63		11.87		0.35827	0.2216	37.1193146943	1.1702
9 1 1			0.02		-0.6		11.6		0.35818	0.8793	87.9915459652	19.6393
0 2 14			0.04		-0.57		11.21		0.35832	0.2479	58.6982494177	6.3292
6 0 2			0.03		-0.54		10.88		0.35841	0.2214	55.354768557	5.4487
0 0 20			-0.03		-0.57		11.18		0.36361	0.4542	83.3712939521	4.3689
2 0 10			-0.01		-0.57		11.25		0.36356	0.6169	42.9543880851	20.236
3 7 1			0.01		-0.56		11.1		0.36354	1.2822	71.5694631273	22.2453
6 4 6			0.03		-0.53		10.76		0.36351	0.9247	71.9614498967	41.9809
5 1 9			0.01		-0.52		10.65		0.3633	0.4583	58.9619928854	19.0838
1 3 9			0.02		-0.49		10.4		0.3632	0.2622	45.3040218183	7.1674
2 0 4			-0.15		-0.64		12.17		0.36326	1.3874	23.4143586184	109.347
0 0 4			-0.06		-0.7		12.99		0.36323	0.8482	15.2869714585	59.1035
2 0 16			0.03		-0.67		12.64		0.36328	0.5935	67.2372591268	11.8907
1 1 5			-0.17		-0.84		15.18		0.36377	1.9661	22.8949597146	247.5537
3 1 9			0.02		-0.82		14.88		0.36366	0.36	45.2950695798	8.7768
4 2 2			0.01		-0.81		14.68		0.36368	0.457	40.8620305525	12.2524
1 1 15			0.01		-0.8		14.55		0.36377	0.656	61.3839959686	20.6242
7 3 1			0.01		-0.79		14.36		0.36375	0.5095	71.5359286583	22.1332
4 6 6			0.02		-0.76		14.03		0.36371	1.1903	71.9781772466	41.9784
0 2 20			0.02		-0.74		13.71		0.36366	0.4494	86.0769303832	2.8517
0 2 12			0.01		-0.73		13.58		0.36352	0.3827	50.6142203783	17.5707
3 1 3			-0.02		-0.75		13.85		0.36345	1.2003	30.3814370344	67.5761
3 3 1			0.0		-0.75		13.85		0.36343	0.5106	38.1558496662	33.1617
0 6 12			0.02		-0.73		13.57		0.36341	0.3425	75.0250979777	1.887
1 5 5			-0.05		-0.77		14.23		0.3637	1.8923	50.2743192378	127.3636
4 2 14			0.02		-0.76		14.0		0.36357	1.2576	70.6282605877	19.9713
0 2 16			0.02		-0.74		13.73		0.36365	1.8687	67.2407114996	13.8307
2 0 12			0.01		-0.73		13.6		0.36352	0.8079	50.6101057273	16.6151
4 0 4			-0.05		-0.78		14.32		0.36348	1.2165	39.0343929222	79.1487
5 1 1			0.0		-0.78		14.28		0.36347	0.5346	46.1701152	26.7419
2 4 2			0.01		-0.77		14.16		0.36348	0.3828	40.8766170199	13.2501
2 4 8			0.01		-0.75		13.98		0.36333	0.1687	51.4325245866	2.4593
5 3 9			0.0		-0.75		13.92		0.36319	0.4833	65.0662013285	20.8409
0 4 16			0.01		-0.74		13.73		0.36349	1.5557	75.7704700384	94.8658
6 0 0			0.01		-0.73		13.58		0.36349	0.7256	54.7363985401	55.434
6 2 10			-0.0		-0.73		13.64		0.36369	0.7103	71.9901825081	43.9921
4 4 10			-0.01		-0.74		13.75		0.36392	0.6886	66.23802526	47.6672
2 4 12			0.01		-0.72		13.56		0.36387	0.2205	63.4791913795	4.8908
5 1 13			0.02		-0.71		13.35		0.36383	0.4567	71.2764535317	11.3258
3 1 13			0.02		-0.69		13.14		0.36381	0.3869	59.4126405656	11.7895
4 2 8			0.01		-0.68		13.01		0.36369	0.7605	51.4203212226	2.5419
4 0 10			-0.01		-0.69		13.09		0.36388	0.6243	53.7713327333	45.2096
7 3 3			-0.01		-0.7		13.22		0.36382	1.9283	72.601334037	69.5466
3 3 3			-0.01		-0.71		13.4		0.36377	0.8081	39.7679129272	70.9373