HKL Value		Reward		TotalReward	Chi Squared	Z Appr. 	Error	Two-Thetas	Sfs2
4 2 10			0.0		0.0		0.0		0.3	1.1102	57.0442200735	11.3144
4 6 0			0.0		0.0		0.04		0.38048	0.7863	67.1083315067	59.4729
6 4 0			0.53		0.53		0.03		0.38048	1.8287	67.0910631577	58.6803
2 4 10			0.17		0.69		0.02		0.38073	0.607	57.0555982332	12.0937
0 4 2			-1.0		-0.3		18.69		0.38211	3.2657	36.5744795411	137.7475
5 5 3			-0.12		-0.43		21.32		0.38108	0.8107	66.8760743485	64.1048
0 2 14			0.2		-0.23		17.77		0.38125	0.2479	58.6982494177	6.3292
0 6 8			0.1		-0.13		16.12		0.38211	0.7694	64.1950429677	5.6946
5 1 11			-0.3		-0.43		23.18		0.36196	3.2753	64.7131722767	203.727
0 2 18			0.12		-0.31		20.76		0.36206	0.3755	76.3208597895	3.7538
6 2 4			-0.12		-0.44		23.68		0.3613	0.8727	60.3342977717	77.9073
6 0 6			0.09		-0.35		21.74		0.35973	1.0815	60.1501886982	39.9969
3 3 15			0.08		-0.26		20.04		0.36034	0.3402	73.0835579415	3.8877
0 6 6			0.07		-0.19		18.67		0.35887	1.0147	60.183190367	40.9583
4 0 0			-0.64		-0.83		51.34		0.35887	8.3901	35.6934066618	787.9925
0 0 20			0.06		-0.77		48.54		0.36475	0.4542	83.3712939521	4.3689
2 0 14			0.07		-0.7		45.52		0.36466	0.2634	58.6945218607	7.3942
2 2 4			-0.01		-0.71		45.83		0.36459	0.7551	29.4672289371	73.6026
0 2 22			0.03		-0.67		44.33		0.36437	1.8317	96.7387030121	97.213
2 4 14			0.05		-0.62		42.14		0.36418	0.5221	70.6383718296	19.4111
6 0 8			0.05		-0.57		40.22		0.36398	2.9234	64.163237895	5.3359
4 6 2			0.05		-0.53		38.43		0.36399	0.2349	67.657370766	5.5969
4 4 4			-0.02		-0.54		39.03		0.36395	0.8476	53.9354251327	76.9211
6 4 2			0.04		-0.5		37.43		0.36395	0.2211	67.6401768609	4.8049
0 6 2			0.04		-0.46		35.96		0.36397	0.2356	55.3895592761	6.1752
3 3 13			0.04		-0.42		34.55		0.36378	0.5636	65.4922780779	9.1158
2 0 16			0.04		-0.38		33.22		0.36377	0.5935	67.2372591268	11.8907
3 1 15			0.04		-0.34		32.08		0.36381	0.2871	67.3554895111	7.7692
3 3 9			0.03		-0.31		31.11		0.3637	0.3816	52.4524123761	12.0632
0 6 10			0.03		-0.28		30.2		0.36369	0.8527	69.1637693973	8.5049
6 0 10			0.03		-0.25		29.36		0.36367	1.0728	69.1331306246	8.9056
1 3 15			0.03		-0.22		28.5		0.36371	0.2862	67.3623786269	8.1809
1 1 9			0.03		-0.19		27.62		0.36371	0.2216	37.1193146943	1.1702
9 1 1			0.03		-0.17		26.94		0.3637	0.8793	87.9915459652	19.6393
6 0 2			0.03		-0.14		26.2		0.36371	0.2214	55.354768557	5.4487
3 7 1			0.02		-0.12		25.64		0.3637	1.2822	71.5694631273	22.2453
5 1 9			0.02		-0.1		25.13		0.36353	0.4583	58.9619928854	19.0838
6 2 6			-0.14		-0.24		29.2		0.36299	3.9921	63.2107357729	344.5633
7 1 5			0.0		-0.23		29.09		0.3632	1.5264	69.0427278305	98.726
1 3 9			0.02		-0.21		28.4		0.36314	0.2622	45.3040218183	7.1674
6 4 6			0.03		-0.18		27.69		0.36311	0.9247	71.9614498967	41.9809
2 0 10			0.01		-0.17		27.34		0.36307	0.6169	42.9543880851	20.236
4 2 2			0.02		-0.15		26.86		0.36308	0.457	40.8620305525	12.2524
6 2 10			0.01		-0.14		26.65		0.3633	0.7103	71.9901825081	43.9921
1 1 15			0.01		-0.13		26.26		0.36338	0.656	61.3839959686	20.6242
7 3 1			0.02		-0.11		25.82		0.36337	0.5095	71.5359286583	22.1332
4 6 6			0.02		-0.09		25.26		0.36335	1.1903	71.9781772466	41.9784
0 2 20			0.02		-0.07		24.73		0.36335	0.4494	86.0769303832	2.8517
3 1 9			0.02		-0.05		24.28		0.36327	0.36	45.2950695798	8.7768
0 2 12			0.01		-0.03		23.94		0.36314	0.3827	50.6142203783	17.5707
0 4 6			-0.18		-0.22		29.34		0.3626	3.7688	42.9189471786	481.9509
0 0 6			-0.2		-0.42		36.8		0.36194	7.4326	23.0169618987	709.6598
2 2 12			-0.03		-0.45		37.99		0.36127	1.9766	54.0147953295	208.0279