HKL Value		Reward		TotalReward	Chi Squared	Z Appr. 	Error	Two-Thetas	Sfs2
4 2 10			0.0		0.0		0.0		0.3	1.1102	57.0442200735	11.3144
4 6 0			0.0		0.0		0.04		0.38048	0.7863	67.1083315067	59.4729
0 6 6			-0.98		-0.98		2.1		0.35022	1.0147	60.183190367	40.9583
0 2 18			0.4		-0.58		1.5		0.35262	0.3755	76.3208597895	3.7538
6 0 6			0.32		-0.26		1.13		0.35252	1.0815	60.1501886982	39.9969
0 6 8			0.15		-0.11		0.99		0.35288	0.7694	64.1950429677	5.6946
4 0 2			-0.94		-1.05		16.21		0.35396	1.7854	36.5531212028	138.5255
6 4 0			0.17		-0.88		13.9		0.35396	1.8287	67.0910631577	58.6803
2 4 14			0.13		-0.75		12.26		0.3545	0.5221	70.6383718296	19.4111
0 4 12			-0.14		-0.89		14.3		0.35053	1.4889	60.4300914167	161.7651
5 3 3			-0.11		-1.0		16.14		0.3504	0.9351	54.4936931553	89.9375
0 6 2			0.08		-0.92		14.93		0.35043	0.2356	55.3895592761	6.1752
2 0 14			0.09		-0.83		13.69		0.35048	0.2634	58.6945218607	7.3942
4 6 2			0.07		-0.76		12.84		0.35048	0.2349	67.657370766	5.5969
2 4 10			0.05		-0.72		12.26		0.35048	0.607	57.0555982332	12.0937
4 0 0			-0.72		-1.43		43.18		0.35048	8.3901	35.6934066618	787.9925
9 1 1			0.06		-1.37		40.74		0.35043	0.8793	87.9915459652	19.6393
2 2 0			-0.47		-1.84		76.56		0.35043	11.1953	25.0390113278	1035.9387
0 6 10			0.06		-1.78		72.45		0.35043	0.8527	69.1637693973	8.5049
0 4 16			0.02		-1.76		71.08		0.35231	1.5557	75.7704700384	94.8658
6 4 2			0.05		-1.71		67.64		0.35229	0.2211	67.6401768609	4.8049
3 1 15			0.05		-1.67		64.51		0.35157	0.2871	67.3554895111	7.7692
2 0 10			0.04		-1.63		62.04		0.35151	0.6169	42.9543880851	20.236
5 3 5			-0.0		-1.63		62.06		0.35359	2.2247	56.9473208346	134.0256
6 4 4			0.03		-1.59		60.11		0.35484	0.6669	69.2748711385	33.991
6 0 8			0.04		-1.55		57.7		0.35508	2.9234	64.163237895	5.3359
2 0 0			0.01		-1.54		57.27		0.35509	2.02	17.6289686615	175.6782
6 0 10			0.04		-1.51		55.26		0.35444	1.0728	69.1331306246	8.9056
1 3 15			0.03		-1.47		53.42		0.35293	0.2862	67.3623786269	8.1809
1 1 9			0.03		-1.44		51.63		0.35573	0.2216	37.1193146943	1.1702
3 7 1			0.03		-1.41		50.11		0.35543	1.2822	71.5694631273	22.2453
5 1 9			0.03		-1.38		48.51		0.35442	0.4583	58.9619928854	19.0838
0 6 12			0.03		-1.34		47.05		0.3566	0.3425	75.0250979777	1.887
0 4 14			0.01		-1.33		46.4		0.35676	1.2337	67.7597167724	121.3788
5 3 1			0.02		-1.31		45.44		0.35667	0.5252	53.2386121167	32.835
2 0 16			0.03		-1.28		44.31		0.35745	0.5935	67.2372591268	11.8907
3 3 9			0.03		-1.26		43.1		0.35695	0.3816	52.4524123761	12.0632
3 3 15			0.03		-1.23		41.99		0.35691	0.3402	73.0835579415	3.8877
4 0 10			0.01		-1.22		41.54		0.35772	0.6243	53.7713327333	45.2096
6 2 10			0.01		-1.21		41.07		0.35881	0.7103	71.9901825081	43.9921
4 4 10			0.01		-1.2		40.68		0.36007	0.6886	66.23802526	47.6672
1 1 15			0.02		-1.18		39.96		0.36089	0.656	61.3839959686	20.6242
0 0 20			0.02		-1.16		39.24		0.36421	0.4542	83.3712939521	4.3689
4 2 14			0.02		-1.14		38.4		0.36401	1.2576	70.6282605877	19.9713
6 0 2			0.02		-1.12		37.56		0.36403	0.2214	55.354768557	5.4487
4 2 2			0.02		-1.1		36.88		0.36405	0.457	40.8620305525	12.2524
7 3 1			0.02		-1.08		36.22		0.36403	0.5095	71.5359286583	22.1332
2 0 12			0.02		-1.06		35.61		0.36385	0.8079	50.6101057273	16.6151
0 2 14			0.02		-1.04		34.87		0.36385	0.2479	58.6982494177	6.3292
1 3 9			0.02		-1.02		34.21		0.36375	0.2622	45.3040218183	7.1674
3 1 9			0.02		-1.0		33.59		0.36364	0.36	45.2950695798	8.7768
6 4 6			0.02		-0.98		32.94		0.3636	0.9247	71.9614498967	41.9809
2 4 2			0.01		-0.97		32.45		0.3636	0.3828	40.8766170199	13.2501
0 4 2			-0.03		-1.0		33.46		0.36375	3.2657	36.5744795411	137.7475
2 4 8			0.02		-0.98		32.92		0.36354	0.1687	51.4325245866	2.4593
0 2 12			0.01		-0.97		32.47		0.36336	0.3827	50.6142203783	17.5707
0 2 16			0.02		-0.95		31.89		0.36348	1.8687	67.2407114996	13.8307
0 2 0			-0.01		-0.96		32.17		0.36348	1.4407	17.6394681947	177.2483
1 1 3			0.01		-0.95		31.89		0.36343	0.4514	16.9416048235	36.8187
5 3 9			0.01		-0.94		31.53		0.36326	0.4833	65.0662013285	20.8409
4 6 6			0.02		-0.92		31.0		0.36324	1.1903	71.9781772466	41.9784
1 3 13			0.02		-0.91		30.5		0.36324	0.3907	59.4200243294	11.5335
2 2 16			0.01		-0.89		30.11		0.36373	1.1693	70.1293332912	108.6018
0 0 10			0.01		-0.89		29.9		0.36396	0.8316	38.8438017949	41.7013
5 1 13			0.02		-0.87		29.44		0.36391	0.4567	71.2764535317	11.3258
1 3 7			0.01		-0.86		29.01		0.36392	0.1893	39.2755843192	5.3372
3 5 9			0.01		-0.85		28.72		0.3638	0.4755	65.0802252419	19.5165
1 3 5			-0.03		-0.87		29.51		0.36413	3.1323	34.189462707	190.138
2 4 12			0.01		-0.86		29.1		0.36409	0.2205	63.4791913795	4.8908
3 3 1			0.01		-0.85		28.88		0.36407	0.5106	38.1558496662	33.1617
3 3 11			-0.03		-0.88		29.66		0.36404	2.1204	58.6030846927	249.5822
5 1 1			0.01		-0.87		29.4		0.36403	0.5346	46.1701152	26.7419
2 2 10			0.01		-0.86		29.25		0.36425	0.6429	46.7739448495	44.8949
2 4 0			0.01		-0.86		29.04		0.36425	1.4359	40.0960076051	88.2765
4 0 8			-0.03		-0.89		30.06		0.36459	2.9483	47.8850437629	244.3799
0 0 18			0.01		-0.88		29.71		0.36476	0.6609	73.530655613	37.988
1 5 1			0.01		-0.87		29.49		0.36474	0.4978	46.196563203	27.3004
3 1 13			0.01		-0.86		29.11		0.36465	0.3869	59.4126405656	11.7895
0 4 6			-0.11		-0.96		32.57		0.36409	3.7688	42.9189471786	481.9509
3 1 5			-0.02		-0.98		33.14		0.36438	2.8985	34.1781376955	186.2389
0 0 14			0.01		-0.98		32.97		0.36408	0.8389	55.4890953336	74.9432
4 6 4			0.01		-0.97		32.72		0.3641	1.0731	69.291881243	33.3045
7 3 5			0.01		-0.96		32.47		0.36425	1.0496	74.7140851895	88.0788
4 0 6			-0.09		-1.05		35.73		0.36373	5.3963	42.900258124	488.2208
0 4 10			0.01		-1.05		35.52		0.36393	0.9893	53.7871001638	44.1425
2 4 6			0.01		-1.04		35.24		0.36377	0.785	46.7364348384	64.2552
1 7 7			0.01		-1.03		34.86		0.36377	0.4353	72.3061031614	6.1143
3 7 5			0.01		-1.02		34.61		0.36393	1.0548	74.7470539899	89.5814
2 0 8			0.01		-1.01		34.22		0.3639	0.1665	35.7565424018	1.5727
4 2 8			0.01		-1.0		33.88		0.36377	0.7605	51.4203212226	2.5419
0 6 4			0.0		-0.99		33.77		0.3638	0.6675	57.2171401797	42.9768
0 4 0			-0.13		-1.13		38.94		0.3638	6.137	35.7152072575	818.959
6 0 0			0.01		-1.12		38.57		0.3638	0.7256	54.7363985401	55.434
3 3 13			0.01		-1.11		38.16		0.36369	0.5636	65.4922780779	9.1158
4 2 0			0.01		-1.1		37.89		0.36369	0.9287	40.0811891304	86.5118
4 4 4			-0.0		-1.1		38.03		0.36366	0.8476	53.9354251327	76.9211
0 6 14			0.01		-1.09		37.68		0.36355	0.9096	81.7552219026	27.2955
3 1 1			0.01		-1.09		37.49		0.36354	0.5239	28.3131072915	41.7464
2 6 10			0.01		-1.08		37.3		0.3637	0.7069	72.0169435829	44.7171
1 5 3			0.0		-1.08		37.17		0.36366	0.9511	47.585042181	85.8034
1 7 1			0.01		-1.07		36.92		0.36364	0.5219	65.7901743415	26.2984
5 3 11			-0.0		-1.08		37.06		0.36364	1.8677	70.5420870211	204.0714