HKL Value		Reward		TotalReward	Chi Squared	Z Appr. 	Error	Two-Thetas	Sfs2
4 2 10			0.0		0.0		0.0		0.3	1.1102	57.0442200735	11.3144
0 6 6			0.0		0.0		0.17		0.3191	1.0147	60.183190367	40.9583
4 6 0			0.61		0.61		0.11		0.3191	0.7863	67.1083315067	59.4729
6 4 0			0.41		1.03		0.08		0.3191	1.8287	67.0910631577	58.6803
1 5 11			-1.0		0.03		43.16		0.3199	1.8219	64.7342781598	204.7444
0 6 8			2.02		2.04		14.31		0.35999	0.7694	64.1950429677	5.6946
6 0 6			0.17		2.21		12.23		0.35907	1.0815	60.1501886982	39.9969
2 6 0			-0.75		1.46		49.85		0.35907	4.3567	58.0028534629	558.9791
1 1 3			0.1		1.55		45.49		0.35867	0.4514	16.9416048235	36.8187
0 2 18			0.12		1.68		40.58		0.35843	0.3755	76.3208597895	3.7538
2 0 14			0.11		1.79		36.56		0.35861	0.2634	58.6945218607	7.3942
2 4 14			0.1		1.88		33.29		0.35844	0.5221	70.6383718296	19.4111
6 0 8			0.09		1.97		30.55		0.3579	2.9234	64.163237895	5.3359
4 6 2			0.08		2.05		28.41		0.3579	0.2349	67.657370766	5.5969
0 6 2			0.07		2.12		26.55		0.35802	0.2356	55.3895592761	6.1752
6 4 2			0.06		2.18		24.94		0.35802	0.2211	67.6401768609	4.8049
3 3 15			0.06		2.25		23.48		0.35823	0.3402	73.0835579415	3.8877
3 1 15			0.05		2.3		22.33		0.3587	0.2871	67.3554895111	7.7692
3 3 9			0.05		2.35		21.17		0.35734	0.3816	52.4524123761	12.0632
2 4 10			0.04		2.39		20.36		0.35668	0.607	57.0555982332	12.0937
0 6 10			0.04		2.44		19.5		0.35619	0.8527	69.1637693973	8.5049
3 3 13			0.04		2.48		18.69		0.35771	0.5636	65.4922780779	9.1158
4 0 2			-0.15		2.33		21.92		0.35887	1.7854	36.5531212028	138.5255
6 0 10			0.04		2.37		21.14		0.35844	1.0728	69.1331306246	8.9056
1 3 15			0.03		2.4		20.44		0.35894	0.2862	67.3623786269	8.1809
1 1 9			0.04		2.45		19.62		0.35889	0.2216	37.1193146943	1.1702
9 1 1			0.03		2.47		19.05		0.35875	0.8793	87.9915459652	19.6393
2 2 16			0.01		2.48		18.88		0.36263	1.1693	70.1293332912	108.6018
0 2 14			0.04		2.52		18.21		0.36272	0.2479	58.6982494177	6.3292
6 0 2			0.03		2.55		17.64		0.36276	0.2214	55.354768557	5.4487
5 1 9			0.02		2.58		17.26		0.36221	0.4583	58.9619928854	19.0838
1 3 9			0.03		2.6		16.76		0.36192	0.2622	45.3040218183	7.1674
4 0 0			-0.46		2.14		31.11		0.36192	8.3901	35.6934066618	787.9925
3 7 1			0.02		2.17		30.37		0.36186	1.2822	71.5694631273	22.2453
0 4 2			-0.05		2.12		32.03		0.36224	3.2657	36.5744795411	137.7475
3 7 5			0.02		2.13		31.53		0.36289	1.0548	74.7470539899	89.5814
2 2 8			-0.06		2.08		33.43		0.36396	1.8488	40.1384116224	216.1995
2 0 16			0.03		2.1		32.53		0.36391	0.5935	67.2372591268	11.8907
6 4 6			0.03		2.13		31.68		0.36384	0.9247	71.9614498967	41.9809
2 0 12			0.02		2.15		31.05		0.36354	0.8079	50.6101057273	16.6151
2 0 10			0.01		2.16		30.61		0.36346	0.6169	42.9543880851	20.236
2 6 2			-0.04		2.13		31.86		0.36371	1.2892	58.5985395934	134.3564
1 5 13			0.02		2.15		31.1		0.36373	1.1973	71.2966048402	12.6128
0 6 12			0.02		2.17		30.39		0.36371	0.3425	75.0250979777	1.887
4 2 2			0.02		2.19		29.86		0.36373	0.457	40.8620305525	12.2524
0 2 20			0.02		2.21		29.2		0.36365	0.4494	86.0769303832	2.8517
1 1 15			0.02		2.23		28.76		0.36375	0.656	61.3839959686	20.6242
3 5 3			-0.01		2.22		28.91		0.36364	0.9259	54.5093201099	87.7589
7 3 1			0.02		2.24		28.44		0.36361	0.5095	71.5359286583	22.1332
0 2 12			0.01		2.25		28.02		0.36339	0.3827	50.6142203783	17.5707
4 6 6			0.02		2.28		27.47		0.36335	1.1903	71.9781772466	41.9784
3 1 9			0.02		2.29		26.99		0.36321	0.36	45.2950695798	8.7768
1 5 7			0.02		2.31		26.5		0.36323	0.6035	54.1236034243	4.2528
1 7 7			0.02		2.33		26.04		0.36324	0.4353	72.3061031614	6.1143
4 2 14			0.02		2.35		25.6		0.36306	1.2576	70.6282605877	19.9713
2 4 8			0.02		2.36		25.2		0.36279	0.1687	51.4325245866	2.4593
2 4 2			0.01		2.37		24.89		0.36281	0.3828	40.8766170199	13.2501
5 3 9			0.01		2.38		24.63		0.36253	0.4833	65.0662013285	20.8409
6 0 0			0.01		2.4		24.29		0.36253	0.7256	54.7363985401	55.434
4 2 8			0.01		2.41		23.93		0.36224	0.7605	51.4203212226	2.5419
2 4 12			0.02		2.43		23.55		0.36211	0.2205	63.4791913795	4.8908
6 2 10			0.0		2.43		23.48		0.36254	0.7103	71.9901825081	43.9921
4 4 10			0.0		2.43		23.46		0.36299	0.6886	66.23802526	47.6672
5 1 13			0.02		2.45		23.08		0.36301	0.4567	71.2764535317	11.3258
3 1 13			0.02		2.47		22.72		0.36307	0.3869	59.4126405656	11.7895
0 6 14			0.01		2.48		22.43		0.36287	0.9096	81.7552219026	27.2955
0 4 16			0.01		2.49		22.14		0.36333	1.5557	75.7704700384	94.8658
4 0 10			0.0		2.49		22.09		0.36359	0.6243	53.7713327333	45.2096
1 3 1			0.0		2.5		22.06		0.36357	0.5324	28.3265170018	42.1271
5 1 3			-0.0		2.49		22.13		0.36348	0.9592	47.5591860667	88.1873
0 6 0			0.01		2.5		21.9		0.36348	1.4277	54.7714555341	59.4019
1 3 13			0.01		2.52		21.59		0.36348	0.3907	59.4200243294	11.5335
0 2 16			0.01		2.53		21.3		0.36356	1.8687	67.2407114996	13.8307
1 5 9			0.01		2.54		21.09		0.36342	0.4394	58.984264935	17.7365
3 3 1			0.0		2.55		20.99		0.3634	0.5106	38.1558496662	33.1617
0 0 18			0.01		2.56		20.78		0.36351	0.6609	73.530655613	37.988
0 0 20			0.01		2.57		20.58		0.36415	0.4542	83.3712939521	4.3689
1 5 1			0.01		2.57		20.47		0.36414	0.4978	46.196563203	27.3004
5 5 5			0.0		2.57		20.44		0.36428	1.5862	69.0631626084	104.8873
0 0 22			0.01		2.58		20.21		0.36425	2.2765	94.0325860765	137.6091
5 1 1			0.01		2.59		20.1		0.36424	0.5346	46.1701152	26.7419
0 0 10			0.0		2.59		20.06		0.36438	0.8316	38.8438017949	41.7013
3 5 9			0.01		2.6		19.94		0.36431	0.4755	65.0802252419	19.5165
0 4 10			0.0		2.6		19.9		0.36446	0.9893	53.7871001638	44.1425
4 2 0			0.0		2.6		19.82		0.36446	0.9287	40.0811891304	86.5118
4 0 12			-0.04		2.57		20.55		0.3641	2.7435	60.4154589103	161.2613
2 6 10			0.0		2.57		20.51		0.36425	0.7069	72.0169435829	44.7171
0 6 16			0.01		2.58		20.29		0.36411	0.4825	89.3859051251	7.6515
2 2 10			0.0		2.58		20.26		0.36426	0.6429	46.7739448495	44.8949
0 2 8			0.01		2.59		20.04		0.36424	0.1155	35.7619852008	1.7384
4 6 4			0.0		2.6		19.96		0.36426	1.0731	69.291881243	33.3045
6 0 12			0.01		2.61		19.74		0.36426	0.5892	74.995462768	0.9301
2 4 6			0.0		2.61		19.66		0.36414	0.785	46.7364348384	64.2552
4 2 12			0.01		2.62		19.47		0.36411	0.2244	63.468523569	4.7972
5 3 1			0.0		2.63		19.41		0.3641	0.5252	53.2386121167	32.835
5 1 11			-0.02		2.6		19.83		0.36408	3.2753	64.7131722767	203.727
0 0 14			0.0		2.6		19.83		0.36389	0.8389	55.4890953336	74.9432
0 0 8			-0.04		2.57		20.58		0.36406	2.1948	30.8548203523	183.9052
7 1 1			0.0		2.57		20.47		0.36405	0.5207	65.7483230412	25.2044
0 0 16			0.01		2.58		20.34		0.36431	1.3342	64.286058028	116.6634
4 4 12			-0.01		2.56		20.64		0.36402	1.9475	72.2035773977	130.2426
6 2 4			-0.01		2.55		20.94		0.364	0.8727	60.3342977717	77.9073