HKL Value		Reward		TotalReward	Chi Squared	Z Appr. 	Error	Two-Thetas	Sfs2
4 2 2			0.0		0.0		0.0		0.3	0.457	40.8620305525	12.2524
4 2 10			0.0		0.0		2.35		0.21977	1.1102	57.0442200735	11.3144
4 6 0			0.97		0.97		1.2		0.21977	0.7863	67.1083315067	59.4729
6 4 0			0.49		1.46		0.8		0.21977	1.8287	67.0910631577	58.6803
6 2 8			-0.96		0.5		19.99		0.25	3.3751	67.1207225085	222.106
0 6 6			-0.0		0.5		20.03		0.01188	1.0147	60.183190367	40.9583
5 1 3			-0.01		0.49		20.21		0.01144	0.9592	47.5591860667	88.1873
6 0 6			0.16		0.65		17.42		0.01195	1.0815	60.1501886982	39.9969
0 6 8			0.12		0.77		15.49		0.01335	0.7694	64.1950429677	5.6946
0 2 18			0.07		0.84		14.48		0.01725	0.3755	76.3208597895	3.7538
2 0 14			0.08		0.92		13.41		0.01737	0.2634	58.6945218607	7.3942
2 4 14			0.01		0.93		13.34		0.01714	0.5221	70.6383718296	19.4111
2 4 8			0.09		1.01		12.28		0.01734	0.1687	51.4325245866	2.4593
6 0 8			0.08		1.09		11.35		0.01746	2.9234	64.163237895	5.3359
4 6 2			-0.03		1.06		11.7		0.01761	0.2349	67.657370766	5.5969
0 6 2			-0.12		0.94		13.36		0.01786	0.2356	55.3895592761	6.1752
4 6 6			0.04		0.98		12.79		0.01842	1.1903	71.9781772466	41.9784
6 4 2			-0.03		0.95		13.22		0.01865	0.2211	67.6401768609	4.8049
5 3 7			-0.22		0.73		17.01		0.03652	0.2523	60.5057581853	5.4388
0 2 16			0.03		0.76		16.46		0.03581	1.8687	67.2407114996	13.8307
3 3 15			0.05		0.81		15.66		0.03562	0.3402	73.0835579415	3.8877
3 1 15			0.04		0.86		15.03		0.03534	0.2871	67.3554895111	7.7692
3 3 9			0.02		0.88		14.66		0.03496	0.3816	52.4524123761	12.0632
2 4 6			-0.0		0.88		14.69		0.03214	0.785	46.7364348384	64.2552
0 2 10			0.0		0.88		14.66		0.03167	0.4317	42.9590557724	21.0204
2 4 10			0.02		0.9		14.34		0.03104	0.607	57.0555982332	12.0937
4 2 0			0.0		0.91		14.28		0.03098	0.9287	40.0811891304	86.5118
0 6 10			0.03		0.93		13.9		0.03031	0.8527	69.1637693973	8.5049
1 3 1			-0.03		0.9		14.35		0.03039	0.5324	28.3265170018	42.1271
6 0 10			0.03		0.93		13.99		0.02962	1.0728	69.1331306246	8.9056
5 3 1			-0.06		0.87		14.92		0.02985	0.5252	53.2386121167	32.835
1 3 15			0.03		0.89		14.53		0.03027	0.2862	67.3623786269	8.1809
9 1 1			-0.17		0.73		17.41		0.03081	0.8793	87.9915459652	19.6393
4 4 2			-0.02		0.71		17.71		0.03048	1.2125	52.0311030722	128.6454
1 1 9			0.03		0.74		17.2		0.03043	0.2216	37.1193146943	1.1702
0 2 14			0.02		0.76		16.81		0.02849	0.2479	58.6982494177	6.3292
6 0 2			-0.03		0.73		17.37		0.02903	0.2214	55.354768557	5.4487
2 0 10			0.01		0.74		17.23		0.02839	0.6169	42.9543880851	20.236
3 5 9			0.01		0.75		16.98		0.02751	0.4755	65.0802252419	19.5165
2 6 2			-0.01		0.74		17.16		0.02729	1.2892	58.5985395934	134.3564
3 7 1			-0.1		0.65		19.0		0.02747	1.2822	71.5694631273	22.2453
6 4 6			0.02		0.67		18.54		0.02756	0.9247	71.9614498967	41.9809
5 1 9			0.02		0.69		18.2		0.02683	0.4583	58.9619928854	19.0838
1 3 9			0.02		0.71		17.8		0.02656	0.2622	45.3040218183	7.1674
1 5 7			-0.03		0.68		18.39		0.03858	0.6035	54.1236034243	4.2528
2 0 16			0.01		0.7		18.12		0.03832	0.5935	67.2372591268	11.8907
3 1 9			0.02		0.71		17.83		0.03836	0.36	45.2950695798	8.7768
3 1 11			-0.21		0.5		22.63		0.03725	2.3814	52.0481274199	292.2152
1 1 15			0.01		0.51		22.36		0.03642	0.656	61.3839959686	20.6242
0 0 6			-0.26		0.25		30.41		0.02832	7.4326	23.0169618987	709.6598
0 6 12			0.02		0.27		29.8		0.02825	0.3425	75.0250979777	1.887
4 0 4			0.02		0.29		29.22		0.02825	1.2165	39.0343929222	79.1487
7 3 1			-0.04		0.25		30.42		0.02844	0.5095	71.5359286583	22.1332
4 0 10			0.02		0.26		29.95		0.02772	0.6243	53.7713327333	45.2096
0 2 20			0.0		0.27		29.91		0.03304	0.4494	86.0769303832	2.8517
0 2 12			0.01		0.28		29.54		0.03281	0.3827	50.6142203783	17.5707
4 2 14			0.02		0.29		29.07		0.03294	1.2576	70.6282605877	19.9713
2 0 12			0.01		0.31		28.71		0.03274	0.8079	50.6101057273	16.6151
2 4 2			0.02		0.32		28.25		0.03279	0.3828	40.8766170199	13.2501
5 3 9			0.01		0.33		27.99		0.03254	0.4833	65.0662013285	20.8409
0 4 16			-0.02		0.32		28.47		0.03279	1.5557	75.7704700384	94.8658
6 0 0			0.01		0.33		28.08		0.03279	0.7256	54.7363985401	55.434
6 2 10			0.01		0.34		27.81		0.03184	0.7103	71.9901825081	43.9921
4 4 10			0.01		0.35		27.57		0.03076	0.6886	66.23802526	47.6672
2 4 12			0.01		0.36		27.17		0.03054	0.2205	63.4791913795	4.8908
3 1 13			0.01		0.37		26.84		0.03016	0.3869	59.4126405656	11.7895
4 2 8			0.01		0.39		26.45		0.03016	0.7605	51.4203212226	2.5419
5 1 13			0.01		0.4		26.13		0.0296	0.4567	71.2764535317	11.3258
0 0 20			0.01		0.42		25.77		0.0299	0.4542	83.3712939521	4.3689
3 3 1			-0.01		0.41		26.04		0.03024	0.5106	38.1558496662	33.1617
0 6 14			0.01		0.41		25.82		0.03104	0.9096	81.7552219026	27.2955
1 3 13			0.01		0.42		25.54		0.03078	0.3907	59.4200243294	11.5335
0 6 0			0.01		0.44		25.27		0.03078	1.4277	54.7714555341	59.4019
1 5 9			0.01		0.45		25.01		0.02972	0.4394	58.984264935	17.7365
0 0 18			0.01		0.46		24.75		0.0306	0.6609	73.530655613	37.988
2 2 16			-0.01		0.45		24.93		0.0212	1.1693	70.1293332912	108.6018
1 1 1			0.0		0.45		24.88		0.02121	0.5749	13.0194761966	56.7652
1 5 1			-0.01		0.44		25.19		0.02122	0.4978	46.196563203	27.3004
4 6 4			0.01		0.45		24.98		0.02117	1.0731	69.291881243	33.3045
0 0 10			0.01		0.46		24.66		0.02117	0.8316	38.8438017949	41.7013
4 0 14			-0.03		0.43		25.46		0.02071	1.986	67.7459682929	124.3248
0 2 6			0.0		0.43		25.44		0.02053	1.1672	29.1471999487	131.5155
3 3 13			0.01		0.44		25.14		0.02065	0.5636	65.4922780779	9.1158
0 0 22			-0.03		0.41		25.98		0.02042	2.2765	94.0325860765	137.6091
5 1 1			-0.01		0.4		26.27		0.02042	0.5346	46.1701152	26.7419
0 4 10			0.01		0.41		25.96		0.02046	0.9893	53.7871001638	44.1425
2 2 10			0.01		0.42		25.66		0.0205	0.6429	46.7739448495	44.8949
2 6 10			0.01		0.43		25.37		0.02054	0.7069	72.0169435829	44.7171
3 1 5			-0.01		0.42		25.69		0.0204	2.8985	34.1781376955	186.2389
0 2 8			0.01		0.43		25.4		0.02037	0.1155	35.7619852008	1.7384
0 6 16			0.01		0.44		25.17		0.02037	0.4825	89.3859051251	7.6515
4 2 12			0.01		0.45		24.93		0.02063	0.2244	63.468523569	4.7972
0 0 16			-0.01		0.44		25.18		0.02012	1.3342	64.286058028	116.6634
3 7 5			0.01		0.45		24.94		0.02008	1.0548	74.7470539899	89.5814
4 4 12			0.01		0.46		24.81		0.01979	1.9475	72.2035773977	130.2426
0 6 18			0.01		0.47		24.55		0.01979	0.7949	98.0280769063	1.8601
7 1 1			-0.01		0.45		24.9		0.0198	0.5207	65.7483230412	25.2044
2 2 4			0.01		0.46		24.66		0.0198	0.7551	29.4672289371	73.6026
1 1 3			0.0		0.47		24.55		0.0198	0.4514	16.9416048235	36.8187
3 1 1			-0.0		0.47		24.59		0.0198	0.5239	28.3131072915	41.7464
6 4 4			0.01		0.47		24.43		0.01977	0.6669	69.2748711385	33.991
1 1 5			-0.02		0.45		24.95		0.01966	1.9661	22.8949597146	247.5537