Number of epochs: 250e-02
-3.952127854725492884e-01
7.235661129721921575e-03
-4.812775557512314478e-02
-4.029610995673482132e-01
7.129179126503988086e-03
-3.449593840573229597e-01
-3.815181700464339576e-01
-3.016649057060499101e-02
-3.317482319433414095e-01
9.228405818462395716e-02
-9.387044617663048082e-03
-2.121808819466297347e-01
4.477907691030037496e-01
-1.140465194666994697e-01
6.548259703398958721e-03
9.346036593323668248e-03
1.463073463075900390e-03
3.525243024488432242e-02
-1.032486351771873256e-02
9.819988771187159252e-03
9.707631227971450297e-03
1.731909771403900705e-02
7.341384581760283454e-03
-3.944786795474255732e-04
-2.305100999968491202e-02
3.955476251588886313e-03
2.395155147563575102e-02
-1.679964453375911715e-01
-1.027323710716670883e-02
-2.073895972703813928e-01
1.833737609943611804e-02
-7.066135407453735112e-03
-1.829806194922913021e-01
1.739481884506589859e-02
-1.280648105853322560e-01
-1.620251381504194399e-01
1.355515419043933252e-02
-1.377258167245075104e-01
3.421403799153662634e-02
4.461722742709704759e-02
-1.530749571701492950e-01
4.050759719562332939e-02
2.513808975774604101e-03
-6.939183722757781558e-02
-4.363692857432768107e-02
-2.628932110182108720e-02
-6.001100694934879271e-02
-6.489059782336495212e-03
-6.625997869531922990e-02
-2.536603678787703597e-02
-3.902178403923528549e-02
-4.287983207050735657e-02
-1.464887919676736462e-02
-4.695334372650664806e-02
-1.949593539933143493e-02
-3.926238879304045498e-02
-1.543345507295176278e-01
-1.975183456732312187e-02
-5.221415497164829354e-03
-1.250020151221682974e-01
4.273021914280929505e-04
-5.670109940902567230e-02
-5.975067213099356095e-02
-9.534737477770820896e-03
-6.432515155991799793e-02
-4.041079582978214513e-02
2.644733100557231185e-03
-3.120512993900284582e-02
-1.068537004434980467e-02
7.714875085596549324e-03
-1.914204589919128729e-01
-1.452775193960776923e-01
-1.492538188626831852e-01
-3.399983052525669402e-02
-1.788404120639392747e-01
-1.144101957016533805e-01
-1.216144111605961670e-01
-7.031537582611083192e-02
-1.168255822976583813e-01
-1.243962082911613948e-01
-1.469106223156553190e-02
-6.022181351511460973e-02
1.580745780382245957e-03
-3.697934269335200752e-01
-2.234880030136591686e-02
-2.581892464420346145e-01
1.625004231795684206e-01
-5.149916097812922561e-02
-3.423247929924561617e-01
-2.991917424726451072e-02
-2.588871037507485262e-01
-2.128379290299843296e-01
7.452040952589594931e-03
-2.331297201972477862e-01
1.432076169213382724e-02
1.665619474524179522e-01
-2.252587782992666876e-01
1.384127128274580468e-02
-3.743278919143950417e-02
-9.839939715656362273e-02
-3.404212978252689481e-02
-7.732798438527618834e-02
-1.905987552046456077e-02
-5.762957002264317008e-02
-6.023338306835154810e-02
-4.839240928372055134e-02
-2.976283788047069797e-04
-6.727327674100795629e-02
-2.807567015323043924e-02
-1.327892249028024274e-01
-4.631578584440868007e-02
-2.056679957127967584e-01
3.060051743350463219e-02
-1.069367306501637976e-03
-2.270062620634472339e-01
7.082178190096792211e-03
-1.782035295630878813e-01
-1.783574688012758147e-01
1.251283263821831131e-02
-1.626508581058511982e-01
9.658255806883549177e-02
-1.440524201897518952e-01
2.490525232019799931e-02
1.447104296442397291e-02
2.376221224980984079e-02
1.569907484942540538e-02
2.361638455486377713e-02
1.337568826998009920e-02
-4.255449619444192678e-03
1.000832533366385543e-02
1.086162815813469622e-02
3.163660409469830348e-02
1.984040777084145404e-02
2.566911851506127260e-02
-4.279889101460677471e-04
1.081713616362175306e-02
1.316825876860624023e+00
1.982469628261409114e-02
6.970492828683758774e-03
3.536717233119653775e-02
1.967255800216524339e-02
3.111013699308822628e-02
5.817638561601049495e-03
-3.158694856499771331e-01
-2.487846645896959197e-01
-8.608643802114465671e-02
-1.600215438977508065e-01
-1.983279243834659700e-01
-2.382741595144736158e-01
-8.923953277677725004e-02
-1.307517124458425217e-01
-1.406899002609423299e-01
1.601573873178410365e-02
-5.505775007158549700e-02
-4.414669349772958051e-02
1.333087113647802441e-02
-7.852991474734416499e-02
-1.326240831315903717e-03
-5.393983720736739845e-02
9.484124675547012454e-03
-3.698862740121849468e-04
2.070930071678672366e-02
-2.734095795524060443e-02
6.565236714887391807e-03
1.038087627296972563e-02
1.070912767093912601e-02
6.412854700908878630e-03
-3.030674494771553804e-02
-2.752224280069712897e-02
4.466641225540535221e-02
-1.340379065840028860e-01
1.752740001464222347e-02
-5.237618284926275070e-02
1.310081638842074993e-02
-8.041591565776050332e-02
4.698466203817491110e-02
7.097939848793987511e-03
1.841678474429861087e-02
3.012967202743947401e-02
2.561824201143650392e-02
2.252161320967790981e-02
-1.246373693204885476e-03
2.339965515983715924e-02
1.336884145024038947e-02
8.639444499186217999e-03
1.992049699182283154e-02
7.091689064739021414e-03
-1.270790562588682282e-01
7.820239569747021793e-03
1.687961003051975384e-01
-5.021341976745268693e-02
-1.794163999059331235e-03
1.857811891098374787e-02
4.578709593760151540e-03
-7.782976133683102392e-03
-6.100610319514558275e-03
-2.394862510589614718e-02
