Number of epochs: 150e-02
-3.758763419184474319e-01
1.554689661088510567e-02
-2.917311211670233287e-02
-3.746524242651536607e-01
7.129278354760184080e-03
-2.323415386486511192e-01
-3.568038809531728917e-01
-3.827065887785790349e-02
-2.774315715232048007e-01
5.578783614639744315e-02
-2.735120902622049585e-02
-1.621660062213354792e-01
3.619631443023141881e-01
-9.501162134393423275e-02
9.960504198656169872e-03
9.734333489438836209e-03
-2.979808785286109166e-03
4.092711320878211073e-02
9.694879524952865896e-03
1.195546909433988295e-02
1.096598089640648740e-02
2.198770979457664865e-02
7.645550088075936390e-03
9.941495507717876268e-03
-3.209052142153777029e-03
5.494344799138633703e-03
2.610284245875540282e-02
-1.481543151300313277e-01
-1.398036967961444749e-02
-1.595712544102034225e-01
1.638643242086076923e-02
6.577571636551755689e-03
-1.363059215785993594e-01
1.818206335619784036e-02
-1.523535828996330221e-01
-1.583449281808041453e-01
1.326379676335908732e-02
-1.402316571548192503e-01
2.774889370126319005e-02
5.449397723851585190e-02
-9.840339752798503425e-02
3.645278571753726021e-02
-1.942669943272864932e-03
-1.040160324261918401e-01
3.700866144758378816e-04
-3.960301540316866348e-02
-7.533385490373772919e-02
2.824600744698449527e-04
-3.768592699403782581e-02
-2.097812943762614180e-02
-5.471110720712756004e-02
-2.027939195180845922e-02
-2.283627552350894416e-02
-1.193647170451675454e-02
1.818168510867025764e-03
-1.584957825561758918e-02
-1.098710530140981356e-01
-4.715571137892803077e-03
4.889317740002007383e-03
-4.051098093207429474e-02
1.042043967689601502e-02
-6.272038904698321038e-02
-2.290608510278865917e-02
4.399683085226176529e-03
-4.934575187237352084e-02
-4.635436009768412191e-02
2.651447010838373411e-04
-4.036426218262254700e-02
7.651146420625459105e-03
1.023466330940024822e-02
-1.234471067623246626e-01
-1.226757301462376021e-01
-1.569690190644932315e-01
-4.453106943745487739e-02
-2.383288455164418451e-01
-1.228561255449856920e-01
-8.777029822996605668e-02
-4.704084210648327991e-02
-1.424869698806145168e-01
-1.890931720377840575e-01
-2.758668639270067668e-02
-2.331269488947676494e-02
-1.285440535601270473e-02
-3.464003984600747543e-01
-2.169956124699637997e-03
-2.344512410706459660e-01
1.379283081585680748e-01
-1.324033836498664414e-02
-2.399297010999070223e-01
-2.266196928562575971e-02
-2.662840060670957354e-01
-2.092274447419065764e-01
8.730617282357727021e-03
-2.657048312291862557e-01
1.139947622551397248e-02
3.314530627334595358e-01
-1.739459251753170954e-01
1.098845705474998588e-02
-7.661082610974366547e-02
-1.218454825804391739e-01
-4.315528202919180489e-02
-1.048671271309255942e-01
-1.849060967768585695e-02
-4.036810914696202512e-02
-1.060992055722493055e-01
-8.372280497974408930e-02
-2.481306123126391858e-03
-8.897455015138146239e-02
-4.628075464813994483e-02
-1.542319555641534778e-01
-8.096004070526223451e-02
-1.975152615202377671e-01
2.786743154944260059e-02
-1.512702759338543576e-02
-1.929371940975337929e-01
6.444550633132605649e-03
-1.369902996493546909e-01
-1.338859443469661847e-01
1.476251752456624738e-02
-1.730329703794958873e-01
7.426664842960858937e-02
-1.451125411029196843e-01
1.963532109432940265e-02
1.611106839632717169e-02
2.925595076593739269e-02
2.004786732985686451e-02
2.036300148279558339e-02
1.338987255693355541e-02
-8.608987105319957853e-03
1.625671183295349098e-02
1.538215526420181646e-02
4.653725607817263410e-02
3.568021903935320732e-02
2.506093457680451386e-02
5.289736843245082011e-03
1.283655084064383618e-02
1.419831964074274699e+00
3.246836918204740186e-02
8.556259321592396896e-03
5.052870153060972508e-02
3.446911397543535316e-02
3.392703037305001140e-02
1.070324881142570295e-02
-3.323173331152939336e-01
-2.461677462986862353e-01
-5.732883265752811153e-02
-9.570174180270690778e-02
-1.368915685606260646e-01
-2.921252304983420478e-01
-1.064753133024768789e-01
-1.632435311105076559e-01
-1.594273176638231482e-01
1.769813975589801941e-02
-6.060475689216430345e-02
-1.395664724465620413e-02
1.066602561823040869e-02
-7.945064635602216985e-02
7.990974061455095867e-03
-5.086902249283223321e-02
1.105485189468476993e-02
1.218934030663601509e-03
4.674480690078547385e-02
-1.072804782468713726e-02
8.699067098119040234e-03
1.056512472388173272e-02
8.111253072840680228e-03
6.846277816462289709e-03
-2.623331260671893025e-02
-1.240870543687030286e-02
2.542926807247851070e-02
-1.132992406591547957e-01
1.390611973545107655e-02
-6.645797238085472680e-02
1.786817086379497224e-02
-1.079294291996440447e-01
3.328266821096464989e-02
5.912724578769798858e-03
2.071907955033460216e-02
2.801835097882539316e-02
2.399562744879122148e-02
1.750190910154522661e-02
6.547434960801061521e-03
2.305792159820750989e-02
1.635953333017267294e-02
9.528548879267165553e-03
2.381960754125875615e-02
-1.588304350109452298e-03
-1.465468889998567670e-01
5.702117958290912371e-03
3.164824817455106354e-01
-7.277243698425045482e-02
1.145434812609281462e-02
5.386669077023413521e-02
1.202415408987853387e-02
5.428822853760506550e-03
-1.985701309343449253e-02
-4.024597594472180406e-02
