Number of epochs: 350e-01
-3.896364344442923566e-01
1.154580487357462909e-02
-7.653857419237654336e-02
-4.210387502352668232e-01
3.666921286608045526e-03
-3.328866222038404099e-01
-4.048817663439954750e-01
-2.424136432349575238e-02
-3.408495050076444377e-01
1.095400937432055022e-01
3.713738711194006096e-04
-2.512107282354184012e-01
4.775534985933719834e-01
-8.964326540126933696e-02
-3.524937583045313107e-03
8.893220194684999316e-03
-4.050531796275120069e-03
2.705515517812304496e-02
-1.467900391402545378e-02
7.792478943334073434e-03
-1.387577264902588228e-03
1.601887130229963027e-02
7.199950986987033869e-03
-7.554342700595874198e-03
-1.502387571796597390e-02
3.502735443244630979e-03
2.261219731523442245e-02
-1.774320130357853464e-01
-7.368011352369679273e-03
-1.816093234490381292e-01
2.146885275683995536e-02
-1.554682075745645285e-02
-1.732491182280826991e-01
1.671980143622106216e-02
-1.541102064976828112e-01
-1.421119738312127956e-01
1.562021375617210495e-02
-1.272826817905220453e-01
3.694487266123252373e-02
4.042985314335887509e-02
-1.436590119546038435e-01
4.148847978933988684e-02
1.069647179540260222e-03
-6.102191827550224046e-02
-3.761420262715466784e-02
-1.917766356655586230e-02
-5.638869376165227959e-02
-3.260908388282307557e-02
-5.339894067111473908e-02
-2.226280781703420669e-02
-5.951987255485875067e-02
-4.025625028117065657e-02
-4.075448275392589553e-02
-3.814639644736356194e-02
-3.591864670052981323e-02
-2.573634214867907138e-02
-1.386302558503575422e-01
-8.036434530323501024e-02
-7.313711306663400920e-03
-1.063883194761885004e-01
2.533301870614730871e-03
-5.865880859370861677e-02
-4.325048502799512529e-02
-2.059814072889323486e-02
-3.759277205383123460e-02
-3.893745020604583162e-02
-6.009523320833890826e-04
-1.972746419181578559e-02
-9.983852934869218154e-03
2.473748077701631593e-03
-2.002333101429512319e-01
-1.346281598208758645e-01
-1.382149589445246796e-01
-2.484629634246134783e-02
-1.650127082568110526e-01
-1.315218093114534359e-01
-1.128560068743358624e-01
-5.717579046044749674e-02
-9.469759627162992188e-02
-1.254591266558973128e-01
-3.808582182548451295e-02
-6.364212153017699547e-02
5.262166566994871389e-04
-3.969650266837779773e-01
-4.161260021064335651e-02
-2.574185031295817550e-01
1.292815613924932217e-01
-4.167292203938883360e-02
-3.897359903682067195e-01
-2.261064198280451215e-02
-2.615795051129550797e-01
-2.490333290323632764e-01
5.454579717154677855e-03
-2.825496194799567706e-01
1.537889379712248025e-02
1.221692315311430077e-01
-2.143735265987357919e-01
1.478014639958091098e-02
-3.224062772516738534e-02
-7.898024368445222265e-02
-3.045501629753251047e-02
-6.989943140052089221e-02
-1.702009699863559281e-02
-4.695623643323961621e-02
-5.695346758583499230e-02
-6.931099772707481621e-02
-1.363740832244710391e-02
-4.718997561506594468e-02
-1.663701817184417425e-02
-1.607464872815589363e-01
-4.937670202666329111e-02
-2.086136239370229850e-01
3.796646444182809332e-02
-3.095694713672136108e-03
-1.948585482509001543e-01
9.680021564934934361e-03
-1.647381370297489045e-01
-2.053364798901661237e-01
1.332021596147893450e-02
-1.651289854003650248e-01
1.028335232842658015e-01
-1.338830338770825579e-01
2.527898157985068728e-02
1.593541100029887206e-02
2.312110188635009903e-02
1.662011839389580109e-02
2.544406254041654131e-02
1.277177002719169507e-02
1.903540151553639653e-03
7.600101091034785344e-03
5.849000551083970156e-03
2.726668674938842810e-02
1.427391506529764736e-02
2.711308483027734251e-02
2.374298194664550485e-03
8.922494117055255677e-03
1.214532087829075513e+00
1.554774992203841744e-02
4.992736850611645578e-03
2.977236150270194323e-02
1.354507174393006740e-02
2.844146832336841985e-02
3.674863952484168361e-03
-3.362394595357711680e-01
-2.157032111240155259e-01
-1.278664969088947334e-01
-2.031390698242658832e-01
-1.711892873898430978e-01
-2.050335045076786822e-01
-1.218270364461941924e-01
-1.227716321294402557e-01
-1.500994141946186966e-01
1.562413500725694931e-02
-6.067601598128814777e-02
-3.570661856984795601e-02
1.497307485718286403e-02
-7.393811147724094202e-02
9.588420473854126352e-03
-5.244305307791498338e-02
1.065795457790607963e-02
3.669099647477929447e-04
1.488495707982491652e-02
-1.801762845110109479e-02
9.068115199897240977e-03
9.806177353492392598e-03
8.970907634124742486e-03
5.025447648816439537e-03
-3.051548810166158227e-02
-3.975914993881228543e-02
6.526768823799024288e-02
-1.414603710362179190e-01
2.113324472826064518e-02
-4.207487608612089924e-02
1.389973855999206837e-02
-1.075832329884134630e-01
4.974034308866714243e-02
7.891554549869035998e-03
1.899803007805877381e-02
3.105096541031503177e-02
2.593020587809017133e-02
2.841052008056695055e-02
9.944393722481851411e-04
2.167884702973697786e-02
1.070651341400050832e-02
7.992488595736226692e-03
1.517046835564643190e-02
-1.448933376377692372e-03
-1.395387469911009426e-01
4.624507524843478280e-04
1.376780681201981438e-01
-7.352610170758216990e-02
-9.061965681878425202e-03
1.327574777160861474e-02
1.322491011537053895e-02
-6.388980337248768675e-03
4.295685676195778666e-03
1.957138990865020869e-03
