HKL Value		Reward		TotalReward	Chi Squared	Z Appr. 	Error	Two-Thetas	Sfs2
5 5 3			0.0		0.0		0.0		0.3	0.8107	66.8760743485	64.1048
1 5 7			0.0		0.0		18.32		0.33668	0.6035	54.1236034243	4.2528
3 1 3			-0.04		-0.04		19.11		0.33622	1.2003	30.3814370344	67.5761
6 4 0			0.5		0.46		12.74		0.33622	1.8287	67.0910631577	58.6803
1 3 7			0.33		0.79		9.56		0.33669	0.1893	39.2755843192	5.3372
1 1 7			0.25		1.04		7.66		0.33708	0.2012	29.7561292971	6.5386
5 3 7			0.2		1.24		6.38		0.33694	0.2523	60.5057581853	5.4388
5 1 7			0.17		1.41		5.47		0.33701	0.2609	54.1000446603	4.252
4 6 0			0.14		1.55		4.79		0.33701	0.7863	67.1083315067	59.4729
3 3 7			0.12		1.66		4.3		0.33761	0.1558	47.1418707618	3.5073
1 7 7			0.1		1.77		3.89		0.33724	0.4353	72.3061031614	6.1143
0 2 14			0.06		1.82		3.68		0.33608	0.2479	58.6982494177	6.3292
0 4 8			-0.7		1.12		12.47		0.37477	4.1351	47.9021960727	235.0989
2 0 14			0.06		1.18		11.77		0.37654	0.2634	58.6945218607	7.3942
6 2 2			-0.27		0.9		16.22		0.37779	3.3001	58.5687226088	135.1206
7 1 7			0.07		0.98		15.14		0.37782	0.3505	72.2660298289	5.0526
6 4 2			0.06		1.03		14.29		0.3779	0.2211	67.6401768609	4.8049
0 6 8			0.03		1.06		13.92		0.37838	0.7694	64.1950429677	5.6946
4 6 2			0.05		1.11		13.26		0.37847	0.2349	67.657370766	5.5969
4 2 8			0.01		1.12		13.13		0.3791	0.7605	51.4203212226	2.5419
3 1 13			0.03		1.15		12.7		0.36458	0.3869	59.4126405656	11.7895
6 0 2			0.04		1.2		12.17		0.36466	0.2214	55.354768557	5.4487
1 3 13			0.05		1.25		11.62		0.36425	0.3907	59.4200243294	11.5335
0 2 20			0.04		1.29		11.13		0.36392	0.4494	86.0769303832	2.8517
2 0 16			0.04		1.33		10.66		0.36388	0.5935	67.2372591268	11.8907
3 1 7			0.04		1.37		10.29		0.36391	0.257	39.2655360855	5.205
1 5 13			0.04		1.41		9.9		0.3639	1.1973	71.2966048402	12.6128
3 5 7			0.03		1.44		9.6		0.36392	0.2309	60.5203777188	5.6046
0 6 2			0.03		1.47		9.32		0.36395	0.2356	55.3895592761	6.1752
0 2 16			0.04		1.51		9.0		0.36403	1.8687	67.2407114996	13.8307
2 0 8			0.03		1.54		8.72		0.36397	0.1665	35.7565424018	1.5727
0 6 16			0.03		1.57		8.46		0.36372	0.4825	89.3859051251	7.6515
4 2 14			0.02		1.59		8.28		0.36356	1.2576	70.6282605877	19.9713
6 0 0			0.01		1.6		8.17		0.36356	0.7256	54.7363985401	55.434
6 0 6			0.01		1.62		8.05		0.3634	1.0815	60.1501886982	39.9969
3 1 15			0.02		1.64		7.89		0.36345	0.2871	67.3554895111	7.7692
5 5 7			0.03		1.66		7.7		0.36347	0.6639	72.2860687267	4.3062
0 0 22			0.02		1.68		7.55		0.36348	2.2765	94.0325860765	137.6091
4 2 6			-0.01		1.68		7.62		0.36325	1.6049	46.7233273538	62.1975
3 1 9			0.02		1.69		7.5		0.36314	0.36	45.2950695798	8.7768
3 3 11			-0.2		1.49		9.39		0.36318	2.1204	58.6030846927	249.5822
1 1 13			0.02		1.51		9.16		0.36318	0.3722	52.9310122384	10.9703
0 6 6			0.01		1.53		9.04		0.36304	1.0147	60.183190367	40.9583
1 3 9			0.02		1.55		8.88		0.36295	0.2622	45.3040218183	7.1674
6 0 8			0.02		1.56		8.74		0.3628	2.9234	64.163237895	5.3359
2 4 8			0.01		1.57		8.63		0.36262	0.1687	51.4325245866	2.4593
4 0 14			-0.06		1.52		9.16		0.36217	1.986	67.7459682929	124.3248
1 3 11			-0.2		1.31		11.48		0.36229	2.4293	52.0561920156	298.4303
0 2 12			0.01		1.32		11.38		0.3621	0.3827	50.6142203783	17.5707
5 5 1			0.01		1.33		11.28		0.36208	0.5073	65.769247456	23.9531
0 4 6			-0.33		1.0		16.84		0.36126	3.7688	42.9189471786	481.9509
2 4 10			0.01		1.01		16.65		0.3612	0.607	57.0555982332	12.0937
6 4 6			0.02		1.03		16.33		0.36122	0.9247	71.9614498967	41.9809
6 0 10			0.01		1.05		16.11		0.36117	1.0728	69.1331306246	8.9056
0 0 10			-0.0		1.04		16.18		0.36143	0.8316	38.8438017949	41.7013
0 6 10			0.01		1.06		15.97		0.36139	0.8527	69.1637693973	8.5049
3 3 3			-0.01		1.05		16.12		0.36129	0.8081	39.7679129272	70.9373
5 1 13			0.02		1.06		15.84		0.36144	0.4567	71.2764535317	11.3258
2 4 14			0.02		1.08		15.59		0.36135	0.5221	70.6383718296	19.4111
2 4 6			0.01		1.09		15.48		0.36111	0.785	46.7364348384	64.2552
1 3 15			0.01		1.1		15.28		0.36119	0.2862	67.3623786269	8.1809
1 1 15			0.01		1.11		15.2		0.36134	0.656	61.3839959686	20.6242
6 0 12			0.02		1.12		14.96		0.36133	0.5892	74.995462768	0.9301
3 5 9			0.01		1.13		14.84		0.36112	0.4755	65.0802252419	19.5165
4 6 6			0.02		1.15		14.61		0.36114	1.1903	71.9781772466	41.9784
0 6 14			0.01		1.16		14.43		0.36102	0.9096	81.7552219026	27.2955
9 1 1			0.01		1.17		14.29		0.361	0.8793	87.9915459652	19.6393
0 2 18			0.01		1.18		14.09		0.361	0.3755	76.3208597895	3.7538
2 0 12			0.01		1.19		13.96		0.36076	0.8079	50.6101057273	16.6151
0 0 20			-0.01		1.18		14.06		0.36259	0.4542	83.3712939521	4.3689
4 2 10			0.01		1.19		13.96		0.36257	1.1102	57.0442200735	11.3144
3 3 15			0.01		1.2		13.77		0.36259	0.3402	73.0835579415	3.8877
1 1 5			-0.09		1.12		15.12		0.36282	1.9661	22.8949597146	247.5537
3 3 13			0.01		1.13		14.91		0.36279	0.5636	65.4922780779	9.1158
0 0 18			0.01		1.14		14.79		0.36284	0.6609	73.530655613	37.988
0 2 8			0.01		1.15		14.59		0.36283	0.1155	35.7619852008	1.7384
2 0 10			0.0		1.15		14.58		0.36281	0.6169	42.9543880851	20.236
1 5 9			0.01		1.16		14.46		0.36272	0.4394	58.984264935	17.7365
0 4 16			0.01		1.17		14.32		0.36293	1.5557	75.7704700384	94.8658
7 1 1			0.0		1.17		14.27		0.36292	0.5207	65.7483230412	25.2044
3 7 1			0.01		1.18		14.18		0.36291	1.2822	71.5694631273	22.2453
3 3 1			0.0		1.18		14.17		0.3629	0.5106	38.1558496662	33.1617
1 1 9			0.01		1.19		14.0		0.3629	0.2216	37.1193146943	1.1702
3 3 9			0.01		1.2		13.89		0.36283	0.3816	52.4524123761	12.0632
0 0 4			-0.02		1.18		14.22		0.36283	0.8482	15.2869714585	59.1035
5 1 9			0.01		1.18		14.13		0.36274	0.4583	58.9619928854	19.0838
0 4 20			0.01		1.2		13.97		0.36281	1.027	94.1654323607	18.6345
0 6 0			0.01		1.2		13.88		0.36281	1.4277	54.7714555341	59.4019
3 5 1			0.0		1.2		13.88		0.3628	0.5283	53.2544885252	31.9012
5 3 9			0.0		1.21		13.83		0.36272	0.4833	65.0662013285	20.8409
6 4 4			0.0		1.21		13.83		0.36275	0.6669	69.2748711385	33.991
1 7 1			0.0		1.21		13.8		0.36275	0.5219	65.7901743415	26.2984
6 2 10			-0.0		1.2		13.85		0.36285	0.7103	71.9901825081	43.9921
5 1 1			0.0		1.21		13.83		0.36284	0.5346	46.1701152	26.7419
7 3 1			0.01		1.21		13.75		0.36284	0.5095	71.5359286583	22.1332
4 4 10			-0.01		1.21		13.84		0.36295	0.6886	66.23802526	47.6672
2 2 10			-0.0		1.2		13.9		0.36305	0.6429	46.7739448495	44.8949
1 5 1			0.0		1.2		13.88		0.36305	0.4978	46.196563203	27.3004
3 1 11			-0.07		1.13		14.89		0.36306	2.3814	52.0481274199	292.2152
4 2 12			0.01		1.14		14.76		0.36303	0.2244	63.468523569	4.7972
4 2 2			0.01		1.15		14.68		0.36303	0.457	40.8620305525	12.2524
2 4 2			0.0		1.15		14.61		0.36305	0.3828	40.8766170199	13.2501