HKL Value		Reward		TotalReward	Chi Squared	Z Appr. 	Error	Two-Thetas	Sfs2
1 5 7			0.0		0.0		0.0		0.3	0.6035	54.1236034243	4.2528
6 4 0			0.0		0.0		0.01		0.33737	1.8287	67.0910631577	58.6803
1 3 7			1.0		1.0		0.01		0.33738	0.1893	39.2755843192	5.3372
3 3 7			-0.9		0.1		0.06		0.33856	0.1558	47.1418707618	3.5073
5 3 7			-0.1		-0.0		0.07		0.33805	0.2523	60.5057581853	5.4388
1 1 7			0.25		0.25		0.06		0.33803	0.2012	29.7561292971	6.5386
4 6 0			0.05		0.29		0.06		0.33803	0.7863	67.1083315067	59.4729
2 0 14			-0.86		-0.57		0.4		0.33609	0.2634	58.6945218607	7.3942
0 2 14			-0.15		-0.71		0.46		0.33513	0.2479	58.6982494177	6.3292
5 1 7			0.08		-0.63		0.43		0.33533	0.2609	54.1000446603	4.252
0 6 2			-0.38		-1.02		0.7		0.33532	0.2356	55.3895592761	6.1752
1 7 7			0.1		-0.92		0.64		0.33525	0.4353	72.3061031614	6.1143
4 0 4			-0.83		-1.75		3.66		0.33442	1.2165	39.0343929222	79.1487
6 0 2			0.02		-1.73		3.58		0.33441	0.2214	55.354768557	5.4487
4 6 2			0.04		-1.69		3.46		0.33436	0.2349	67.657370766	5.5969
0 2 20			0.04		-1.65		3.31		0.33551	0.4494	86.0769303832	2.8517
2 0 16			-0.06		-1.71		3.52		0.33571	0.5935	67.2372591268	11.8907
0 6 8			0.03		-1.68		3.41		0.33555	0.7694	64.1950429677	5.6946
1 3 13			-0.01		-1.69		3.45		0.3352	0.3907	59.4200243294	11.5335
6 0 0			-0.02		-1.7		3.51		0.3352	0.7256	54.7363985401	55.434
9 1 1			0.01		-1.7		3.48		0.33517	0.8793	87.9915459652	19.6393
0 2 16			-0.06		-1.76		3.71		0.33534	1.8687	67.2407114996	13.8307
5 5 7			0.04		-1.72		3.57		0.33553	0.6639	72.2860687267	4.3062
3 1 13			-0.01		-1.73		3.59		0.33516	0.3869	59.4126405656	11.7895
4 2 8			0.04		-1.68		3.45		0.33523	0.7605	51.4203212226	2.5419
1 5 13			-0.01		-1.69		3.49		0.33488	1.1973	71.2966048402	12.6128
0 6 16			-0.0		-1.7		3.5		0.33505	0.4825	89.3859051251	7.6515
6 4 2			0.02		-1.67		3.42		0.33502	0.2211	67.6401768609	4.8049
7 1 7			0.04		-1.64		3.3		0.33504	0.3505	72.2660298289	5.0526
6 0 6			0.01		-1.63		3.26		0.33508	1.0815	60.1501886982	39.9969
2 2 16			-0.32		-1.95		4.8		0.33348	1.1693	70.1293332912	108.6018
4 0 8			-0.56		-2.5		10.85		0.33428	2.9483	47.8850437629	244.3799
0 4 2			-0.21		-2.71		13.65		0.33447	3.2657	36.5744795411	137.7475