HKL Value		Reward		TotalReward	Chi Squared	Z Appr. 	Error	Two-Thetas	Sfs2
1 5 7			0.0		0.0		0.0		0.3	0.6035	54.1236034243	4.2528
6 4 0			0.0		0.0		0.01		0.33737	1.8287	67.0910631577	58.6803
1 3 7			1.0		1.0		0.01		0.33738	0.1893	39.2755843192	5.3372
0 4 14			-1.0		0.0		9.6		0.35714	1.2337	67.7597167724	121.3788
1 1 7			0.25		0.25		7.65		0.35714	0.2012	29.7561292971	6.5386
5 3 7			0.18		0.43		6.5		0.35714	0.2523	60.5057581853	5.4388
5 1 7			0.15		0.58		5.66		0.35714	0.2609	54.1000446603	4.252
4 6 0			0.17		0.75		4.86		0.35714	0.7863	67.1083315067	59.4729
1 7 7			0.06		0.81		4.57		0.35714	0.4353	72.3061031614	6.1143
3 3 7			0.1		0.91		4.15		0.35714	0.1558	47.1418707618	3.5073
7 1 7			0.06		0.97		3.92		0.35714	0.3505	72.2660298289	5.0526
0 0 8			-0.69		0.28		12.59		0.36333	2.1948	30.8548203523	183.9052
0 2 14			0.09		0.37		11.54		0.36349	0.2479	58.6982494177	6.3292
4 0 4			-0.21		0.16		14.65		0.36304	1.2165	39.0343929222	79.1487
2 0 14			0.08		0.23		13.6		0.36299	0.2634	58.6945218607	7.3942
6 4 2			0.06		0.29		12.84		0.36302	0.2211	67.6401768609	4.8049
0 6 8			0.05		0.35		12.17		0.36198	0.7694	64.1950429677	5.6946
0 2 20			0.06		0.41		11.47		0.36258	0.4494	86.0769303832	2.8517
1 3 13			0.06		0.47		10.84		0.36282	0.3907	59.4200243294	11.5335
4 2 8			0.04		0.51		10.44		0.36215	0.7605	51.4203212226	2.5419
6 0 2			0.04		0.55		10.01		0.36222	0.2214	55.354768557	5.4487
3 1 9			0.04		0.59		9.65		0.36167	0.36	45.2950695798	8.7768
3 1 13			0.05		0.63		9.23		0.36217	0.3869	59.4126405656	11.7895
4 6 2			0.03		0.66		8.95		0.36218	0.2349	67.657370766	5.5969
2 0 16			0.04		0.7		8.6		0.36257	0.5935	67.2372591268	11.8907
3 1 7			0.03		0.74		8.31		0.3626	0.257	39.2655360855	5.205
1 7 3			-0.09		0.65		9.09		0.36238	0.9932	66.8968211493	90.2271
3 5 7			0.03		0.68		8.83		0.36241	0.2309	60.5203777188	5.6046
0 4 16			0.02		0.7		8.64		0.36326	1.5557	75.7704700384	94.8658
1 5 13			0.04		0.74		8.34		0.36333	1.1973	71.2966048402	12.6128
3 5 3			-0.1		0.64		9.25		0.36321	0.9259	54.5093201099	87.7589
0 6 2			0.03		0.67		9.02		0.36323	0.2356	55.3895592761	6.1752
0 2 16			0.03		0.7		8.75		0.36338	1.8687	67.2407114996	13.8307
2 0 8			0.03		0.73		8.49		0.36334	0.1665	35.7565424018	1.5727
0 6 16			0.03		0.76		8.25		0.36319	0.4825	89.3859051251	7.6515
5 3 3			-0.09		0.67		9.07		0.3631	0.9351	54.4936931553	89.9375
4 4 0			-0.49		0.17		17.88		0.3631	4.9852	51.3853572345	648.027
4 2 14			0.02		0.2		17.46		0.36297	1.2576	70.6282605877	19.9713
1 3 3			-0.01		0.19		17.64		0.36289	0.7045	30.3940112777	66.1614
6 0 12			0.03		0.21		17.19		0.36287	0.5892	74.995462768	0.9301
6 0 6			0.02		0.23		16.85		0.36272	1.0815	60.1501886982	39.9969
0 2 18			0.02		0.26		16.47		0.36273	0.3755	76.3208597895	3.7538
4 0 8			-0.12		0.14		18.64		0.36322	2.9483	47.8850437629	244.3799
6 0 0			0.02		0.16		18.32		0.36322	0.7256	54.7363985401	55.434
1 1 13			0.02		0.18		17.9		0.36322	0.3722	52.9310122384	10.9703
4 2 6			0.01		0.19		17.72		0.36302	1.6049	46.7233273538	62.1975
0 6 6			0.02		0.21		17.43		0.36289	1.0147	60.183190367	40.9583
6 0 8			0.02		0.23		17.12		0.36274	2.9234	64.163237895	5.3359
1 3 9			0.02		0.25		16.8		0.36265	0.2622	45.3040218183	7.1674
2 0 4			-0.06		0.18		17.94		0.36271	1.3874	23.4143586184	109.347
2 4 8			0.02		0.2		17.65		0.36253	0.1687	51.4325245866	2.4593
5 5 1			0.01		0.21		17.43		0.36251	0.5073	65.769247456	23.9531
0 2 12			0.01		0.22		17.23		0.36231	0.3827	50.6142203783	17.5707
6 4 6			0.02		0.24		16.9		0.36231	0.9247	71.9614498967	41.9809
0 6 10			0.01		0.26		16.67		0.36227	0.8527	69.1637693973	8.5049
5 1 13			0.02		0.28		16.37		0.36233	0.4567	71.2764535317	11.3258
2 4 14			0.02		0.29		16.1		0.36225	0.5221	70.6383718296	19.4111
3 1 15			0.01		0.31		15.87		0.36231	0.2871	67.3554895111	7.7692
2 4 6			0.01		0.31		15.77		0.36209	0.785	46.7364348384	64.2552
1 3 15			0.01		0.33		15.56		0.36215	0.2862	67.3623786269	8.1809
5 5 7			0.02		0.34		15.32		0.36216	0.6639	72.2860687267	4.3062
4 6 6			0.02		0.36		15.06		0.36216	1.1903	71.9781772466	41.9784
3 5 9			0.01		0.37		14.96		0.36198	0.4755	65.0802252419	19.5165
0 6 14			0.01		0.38		14.77		0.36184	0.9096	81.7552219026	27.2955
1 5 1			0.0		0.38		14.73		0.36182	0.4978	46.196563203	27.3004
6 0 10			0.01		0.39		14.57		0.36179	1.0728	69.1331306246	8.9056
9 1 1			0.01		0.4		14.43		0.36176	0.8793	87.9915459652	19.6393
4 0 0			-0.32		0.08		21.32		0.36176	8.3901	35.6934066618	787.9925
1 1 15			0.01		0.09		21.16		0.36189	0.656	61.3839959686	20.6242
2 0 12			0.01		0.1		20.93		0.36169	0.8079	50.6101057273	16.6151
4 2 10			0.01		0.11		20.72		0.36164	1.1102	57.0442200735	11.3144
0 0 16			0.0		0.11		20.63		0.36241	1.3342	64.286058028	116.6634
1 3 5			-0.04		0.07		21.51		0.36274	3.1323	34.189462707	190.138
3 3 13			0.01		0.08		21.22		0.3627	0.5636	65.4922780779	9.1158
7 1 1			0.01		0.09		21.07		0.36269	0.5207	65.7483230412	25.2044
0 0 20			0.01		0.1		20.92		0.36347	0.4542	83.3712939521	4.3689
0 0 18			0.01		0.11		20.71		0.36354	0.6609	73.530655613	37.988
3 3 9			0.01		0.12		20.51		0.36349	0.3816	52.4524123761	12.0632
3 3 15			0.01		0.13		20.25		0.3635	0.3402	73.0835579415	3.8877
0 2 8			0.01		0.14		20.0		0.36348	0.1155	35.7619852008	1.7384
1 5 9			0.01		0.15		19.83		0.3634	0.4394	58.984264935	17.7365
1 1 9			0.01		0.17		19.59		0.3634	0.2216	37.1193146943	1.1702
2 4 10			0.01		0.17		19.44		0.36339	0.607	57.0555982332	12.0937
5 1 9			0.01		0.18		19.29		0.3633	0.4583	58.9619928854	19.0838
0 4 20			0.01		0.19		19.06		0.36332	1.027	94.1654323607	18.6345
0 6 0			0.01		0.2		18.91		0.36332	1.4277	54.7714555341	59.4019
5 3 9			0.01		0.21		18.81		0.36325	0.4833	65.0662013285	20.8409
1 7 1			0.0		0.21		18.73		0.36324	0.5219	65.7901743415	26.2984
5 1 1			0.0		0.21		18.65		0.36323	0.5346	46.1701152	26.7419
6 2 10			0.0		0.22		18.64		0.36334	0.7103	71.9901825081	43.9921
3 7 1			0.01		0.22		18.51		0.36334	1.2822	71.5694631273	22.2453
7 3 1			0.01		0.23		18.38		0.36333	0.5095	71.5359286583	22.1332
4 4 10			-0.0		0.23		18.41		0.36345	0.6886	66.23802526	47.6672
2 2 10			-0.0		0.23		18.41		0.36356	0.6429	46.7739448495	44.8949
2 4 2			0.01		0.23		18.3		0.36357	0.3828	40.8766170199	13.2501
4 2 2			0.01		0.24		18.18		0.36357	0.457	40.8620305525	12.2524
4 2 12			0.01		0.25		18.01		0.36355	0.2244	63.468523569	4.7972
3 3 5			-0.02		0.23		18.38		0.3637	1.3995	42.8396693434	151.0913
4 0 10			0.0		0.23		18.38		0.36383	0.6243	53.7713327333	45.2096
2 4 0			0.0		0.23		18.34		0.36383	1.4359	40.0960076051	88.2765
2 2 2			-0.03		0.2		19.0		0.36387	1.1162	26.2109248846	125.5642
5 3 1			0.0		0.2		18.95		0.36386	0.5252	53.2386121167	32.835