HKL Value		Reward		TotalReward	Chi Squared	Z Appr. 	Error	Two-Thetas	Sfs2
1 5 7			0.0		0.0		0.0		0.3	0.6035	54.1236034243	4.2528
3 1 7			0.0		0.0		0.0		0.3375	0.257	39.2655360855	5.205
7 1 7			-0.96		-0.96		0.02		0.33703	0.3505	72.2660298289	5.0526
4 4 0			-1.0		-1.96		108.74		0.33703	4.9852	51.3853572345	648.027
0 2 2			0.24		-1.72		87.39		0.33612	0.4614	19.2417464495	36.8131
6 4 0			0.25		-1.47		69.91		0.33612	1.8287	67.0910631577	58.6803
1 3 7			0.2		-1.27		58.27		0.33641	0.1893	39.2755843192	5.3372
5 3 7			0.17		-1.1		49.94		0.33641	0.2523	60.5057581853	5.4388
1 1 7			0.14		-0.96		43.71		0.33669	0.2012	29.7561292971	6.5386
4 6 0			0.12		-0.83		38.86		0.33669	0.7863	67.1083315067	59.4729
6 2 2			-0.13		-0.96		44.58		0.33794	3.3001	58.5687226088	135.1206
5 1 7			0.1		-0.86		40.53		0.33787	0.2609	54.1000446603	4.252
6 4 6			0.06		-0.8		38.26		0.34083	0.9247	71.9614498967	41.9809
3 3 7			0.08		-0.72		35.32		0.34082	0.1558	47.1418707618	3.5073
3 1 1			0.04		-0.68		33.96		0.33957	0.5239	28.3131072915	41.7464
3 3 11			-0.07		-0.75		36.53		0.36592	2.1204	58.6030846927	249.5822
2 4 10			0.05		-0.69		34.7		0.36618	0.607	57.0555982332	12.0937
1 7 7			0.06		-0.64		32.78		0.36662	0.4353	72.3061031614	6.1143
6 0 2			0.06		-0.58		31.03		0.36697	0.2214	55.354768557	5.4487
0 2 14			0.05		-0.53		29.42		0.36582	0.2479	58.6982494177	6.3292
2 0 14			0.05		-0.47		27.97		0.36508	0.2634	58.6945218607	7.3942
0 4 4			-0.04		-0.51		29.08		0.36474	0.8482	39.0545896029	78.0016
0 6 8			0.04		-0.47		27.9		0.36346	0.7694	64.1950429677	5.6946
4 2 8			0.04		-0.43		26.84		0.36198	0.7605	51.4203212226	2.5419
4 6 2			0.04		-0.39		25.83		0.36201	0.2349	67.657370766	5.5969
6 4 2			0.04		-0.35		24.89		0.36204	0.2211	67.6401768609	4.8049
1 3 13			0.04		-0.31		23.94		0.36257	0.3907	59.4200243294	11.5335
2 0 16			0.04		-0.28		23.06		0.36297	0.5935	67.2372591268	11.8907
3 1 13			0.04		-0.24		22.24		0.3631	0.3869	59.4126405656	11.7895
0 2 16			0.04		-0.2		21.49		0.36339	1.8687	67.2407114996	13.8307
2 2 6			-0.36		-0.56		33.39		0.36128	8.3224	34.2684003079	615.2447
0 6 2			0.03		-0.53		32.38		0.36133	0.2356	55.3895592761	6.1752
6 0 8			0.03		-0.5		31.42		0.3609	2.9234	64.163237895	5.3359
4 0 0			-0.3		-0.8		44.9		0.3609	8.3901	35.6934066618	787.9925
1 5 13			0.03		-0.77		43.61		0.36141	1.1973	71.2966048402	12.6128
6 0 6			0.03		-0.74		42.44		0.36106	1.0815	60.1501886982	39.9969
4 0 12			0.0		-0.74		42.3		0.34761	2.7435	60.4154589103	161.2613
0 2 20			0.03		-0.71		41.17		0.34715	0.4494	86.0769303832	2.8517
5 3 11			-0.02		-0.73		42.17		0.3541	1.8677	70.5420870211	204.0714
3 5 7			0.03		-0.71		41.14		0.35404	0.2309	60.5203777188	5.6046
3 1 9			0.03		-0.68		40.11		0.35439	0.36	45.2950695798	8.7768
1 3 3			0.01		-0.67		39.66		0.35395	0.7045	30.3940112777	66.1614
4 2 14			0.02		-0.65		38.74		0.3543	1.2576	70.6282605877	19.9713
6 0 0			0.02		-0.63		37.95		0.3543	0.7256	54.7363985401	55.434
2 4 2			0.02		-0.61		37.27		0.3543	0.3828	40.8766170199	13.2501
0 6 16			0.02		-0.59		36.53		0.35427	0.4825	89.3859051251	7.6515
2 0 8			0.02		-0.57		35.74		0.3544	0.1665	35.7565424018	1.5727
2 4 8			0.02		-0.55		34.98		0.3544	0.1687	51.4325245866	2.4593
4 2 6			0.02		-0.53		34.31		0.35351	1.6049	46.7233273538	62.1975
3 1 15			0.02		-0.51		33.67		0.35247	0.2871	67.3554895111	7.7692
6 4 4			0.01		-0.5		33.31		0.35288	0.6669	69.2748711385	33.991
4 0 6			-0.12		-0.62		37.82		0.35023	5.3963	42.900258124	488.2208
2 2 8			-0.05		-0.66		39.62		0.35318	1.8488	40.1384116224	216.1995
0 6 6			0.02		-0.64		38.88		0.35303	1.0147	60.183190367	40.9583
1 1 13			0.02		-0.63		38.26		0.35348	0.3722	52.9310122384	10.9703
1 3 5			-0.03		-0.65		39.34		0.35852	3.1323	34.189462707	190.138
0 2 12			0.02		-0.64		38.67		0.35669	0.3827	50.6142203783	17.5707
0 2 8			0.02		-0.62		38.0		0.35678	0.1155	35.7619852008	1.7384
4 2 10			0.02		-0.6		37.43		0.35637	1.1102	57.0442200735	11.3144
1 7 1			0.01		-0.59		36.98		0.35619	0.5219	65.7901743415	26.2984
0 4 18			0.02		-0.57		36.36		0.35643	0.8369	84.5238780681	17.4513
3 1 5			-0.02		-0.6		37.25		0.35913	2.8985	34.1781376955	186.2389
0 2 22			0.01		-0.59		37.03		0.36072	1.8317	96.7387030121	97.213
6 0 12			0.02		-0.57		36.44		0.36072	0.5892	74.995462768	0.9301
2 4 6			0.01		-0.56		36.0		0.3604	0.785	46.7364348384	64.2552
0 6 14			0.01		-0.55		35.49		0.36027	0.9096	81.7552219026	27.2955
6 2 6			-0.05		-0.6		37.45		0.35913	3.9921	63.2107357729	344.5633
0 6 10			0.01		-0.59		36.94		0.35902	0.8527	69.1637693973	8.5049
1 1 15			0.01		-0.58		36.58		0.35931	0.656	61.3839959686	20.6242
5 5 1			0.01		-0.56		36.13		0.35928	0.5073	65.769247456	23.9531
1 1 9			0.01		-0.55		35.62		0.35925	0.2216	37.1193146943	1.1702
0 0 20			0.0		-0.55		35.55		0.36223	0.4542	83.3712939521	4.3689
2 2 14			0.0		-0.54		35.4		0.36205	1.0835	61.7979105177	101.9829
4 2 12			0.01		-0.53		34.93		0.36201	0.2244	63.468523569	4.7972
2 4 14			0.01		-0.52		34.48		0.36197	0.5221	70.6383718296	19.4111
1 1 17			-0.02		-0.54		35.27		0.36126	2.447	70.2810461715	248.4175
1 5 5			-0.01		-0.55		35.46		0.36142	1.8923	50.2743192378	127.3636
2 0 12			0.01		-0.53		35.07		0.36132	0.8079	50.6101057273	16.6151
1 3 15			0.01		-0.52		34.66		0.36136	0.2862	67.3623786269	8.1809
5 1 13			0.01		-0.51		34.23		0.36142	0.4567	71.2764535317	11.3258
3 5 9			0.01		-0.5		33.9		0.36133	0.4755	65.0802252419	19.5165
5 5 5			0.0		-0.5		33.74		0.36145	1.5862	69.0631626084	104.8873
0 6 12			0.01		-0.48		33.34		0.36143	0.3425	75.0250979777	1.887
4 6 6			0.01		-0.47		32.93		0.36143	1.1903	71.9781772466	41.9784
1 5 9			0.01		-0.46		32.59		0.36136	0.4394	58.984264935	17.7365
5 3 9			0.01		-0.45		32.31		0.36126	0.4833	65.0662013285	20.8409
4 0 8			-0.03		-0.48		33.23		0.36151	2.9483	47.8850437629	244.3799
3 3 15			0.01		-0.47		32.86		0.36153	0.3402	73.0835579415	3.8877
5 3 5			-0.0		-0.47		33.02		0.36169	2.2247	56.9473208346	134.0256
9 1 1			0.01		-0.46		32.71		0.36169	0.8793	87.9915459652	19.6393
6 0 10			0.01		-0.45		32.39		0.36166	1.0728	69.1331306246	8.9056
7 1 1			0.01		-0.45		32.15		0.36166	0.5207	65.7483230412	25.2044
3 3 9			0.01		-0.44		31.84		0.36159	0.3816	52.4524123761	12.0632
3 5 1			0.01		-0.43		31.64		0.36158	0.5283	53.2544885252	31.9012
5 1 9			0.01		-0.42		31.37		0.36149	0.4583	58.9619928854	19.0838
0 0 18			0.01		-0.41		31.1		0.3615	0.6609	73.530655613	37.988
0 4 16			0.01		-0.4		30.84		0.36178	1.5557	75.7704700384	94.8658
0 2 18			0.01		-0.39		30.54		0.36178	0.3755	76.3208597895	3.7538
4 4 12			-0.0		-0.4		30.66		0.36145	1.9475	72.2035773977	130.2426
0 0 10			0.0		-0.4		30.55		0.36155	0.8316	38.8438017949	41.7013
3 3 13			0.01		-0.39		30.25		0.36157	0.5636	65.4922780779	9.1158
2 2 10			0.0		-0.38		30.16		0.36168	0.6429	46.7739448495	44.8949