HKL Value		Reward		TotalReward	Chi Squared	Z Appr. 	Error	Two-Thetas	Sfs2
1 5 7			0.0		0.0		0.0		0.3	0.6035	54.1236034243	4.2528
6 0 12			0.0		0.0		98.44		0.31474	0.5892	74.995462768	0.9301
6 4 0			1.0		1.0		49.22		0.31474	1.8287	67.0910631577	58.6803
1 3 7			-0.07		0.93		52.85		0.31695	0.1893	39.2755843192	5.3372
3 3 13			-0.04		0.89		55.09		0.31945	0.5636	65.4922780779	9.1158
5 3 7			0.11		1.0		49.8		0.32042	0.2523	60.5057581853	5.4388
1 1 7			0.07		1.07		46.45		0.32134	0.2012	29.7561292971	6.5386
5 3 1			0.13		1.2		41.12		0.32132	0.5252	53.2386121167	32.835
7 1 7			0.07		1.27		38.43		0.32201	0.3505	72.2660298289	5.0526
4 6 0			0.12		1.39		34.17		0.32201	0.7863	67.1083315067	59.4729
5 1 7			0.04		1.43		32.86		0.32275	0.2609	54.1000446603	4.252
3 3 7			0.01		1.45		32.45		0.32369	0.1558	47.1418707618	3.5073
1 7 7			0.06		1.51		30.48		0.32411	0.4353	72.3061031614	6.1143
5 1 3			0.03		1.54		29.73		0.32413	0.9592	47.5591860667	88.1873
2 0 14			0.06		1.6		28.06		0.32431	0.2634	58.6945218607	7.3942
0 2 14			0.05		1.64		26.75		0.32455	0.2479	58.6982494177	6.3292
2 6 10			0.06		1.71		25.16		0.32438	0.7069	72.0169435829	44.7171
2 0 2			0.01		1.72		24.87		0.32433	0.6502	19.2320929378	35.9547
1 5 13			0.05		1.77		23.73		0.32485	1.1973	71.2966048402	12.6128
4 0 6			-0.33		1.44		35.34		0.32512	5.3963	42.900258124	488.2208
6 0 2			0.05		1.49		33.69		0.32511	0.2214	55.354768557	5.4487
6 0 8			0.05		1.54		32.1		0.32515	2.9234	64.163237895	5.3359
5 5 1			0.04		1.58		30.77		0.32513	0.5073	65.769247456	23.9531
0 6 8			0.05		1.63		29.44		0.32517	0.7694	64.1950429677	5.6946
6 2 2			-0.09		1.53		32.41		0.32522	3.3001	58.5687226088	135.1206
6 0 0			0.04		1.57		31.3		0.32522	0.7256	54.7363985401	55.434
4 2 8			0.03		1.6		30.44		0.32559	0.7605	51.4203212226	2.5419
4 6 2			0.04		1.63		29.36		0.32557	0.2349	67.657370766	5.5969
1 3 13			0.03		1.67		28.41		0.32597	0.3907	59.4200243294	11.5335
6 4 2			0.03		1.7		27.46		0.32596	0.2211	67.6401768609	4.8049
0 6 2			0.03		1.73		26.64		0.32596	0.2356	55.3895592761	6.1752
2 0 16			0.03		1.76		25.82		0.32579	0.5935	67.2372591268	11.8907
3 1 13			0.03		1.79		25.08		0.32609	0.3869	59.4126405656	11.7895
0 2 16			0.03		1.82		24.38		0.3259	1.8687	67.2407114996	13.8307
2 4 2			0.02		1.84		23.86		0.32589	0.3828	40.8766170199	13.2501
6 0 6			0.03		1.87		23.22		0.32585	1.0815	60.1501886982	39.9969
3 1 9			0.01		1.88		23.09		0.32556	0.36	45.2950695798	8.7768
4 0 8			-0.18		1.7		28.0		0.3257	2.9483	47.8850437629	244.3799
3 5 7			0.02		1.72		27.46		0.32603	0.2309	60.5203777188	5.6046
4 2 14			0.02		1.74		26.85		0.32595	1.2576	70.6282605877	19.9713
6 4 6			0.01		1.76		26.49		0.32586	0.9247	71.9614498967	41.9809
2 4 0			0.01		1.77		26.18		0.32586	1.4359	40.0960076051	88.2765
3 1 7			0.01		1.79		25.79		0.32624	0.257	39.2655360855	5.205
0 6 16			0.02		1.81		25.2		0.32618	0.4825	89.3859051251	7.6515
2 0 8			-0.02		1.79		25.73		0.32725	0.1665	35.7565424018	1.5727
2 0 12			-0.02		1.76		26.36		0.32625	0.8079	50.6101057273	16.6151
0 2 20			0.84		2.61		14.3		0.36212	0.4494	86.0769303832	2.8517
4 2 6			0.01		2.62		14.19		0.36178	1.6049	46.7233273538	62.1975
3 1 15			0.02		2.63		13.95		0.36188	0.2871	67.3554895111	7.7692
2 4 8			0.02		2.65		13.73		0.3616	0.1687	51.4325245866	2.4593
0 6 6			0.02		2.66		13.52		0.36134	1.0147	60.183190367	40.9583
1 1 13			0.02		2.68		13.26		0.36156	0.3722	52.9310122384	10.9703
0 2 12			0.01		2.69		13.12		0.36116	0.3827	50.6142203783	17.5707
0 4 4			-0.05		2.64		13.82		0.36104	0.8482	39.0545896029	78.0016
4 2 10			0.01		2.65		13.68		0.36093	1.1102	57.0442200735	11.3144
0 2 8			0.02		2.67		13.43		0.36091	0.1155	35.7619852008	1.7384
9 1 1			0.01		2.68		13.28		0.36088	0.8793	87.9915459652	19.6393
2 4 6			0.01		2.69		13.2		0.36031	0.785	46.7364348384	64.2552
0 6 14			0.01		2.7		13.01		0.36008	0.9096	81.7552219026	27.2955
0 0 20			-0.01		2.69		13.14		0.36284	0.4542	83.3712939521	4.3689
1 1 15			0.0		2.7		13.08		0.3629	0.656	61.3839959686	20.6242
0 6 10			0.01		2.71		12.94		0.36288	0.8527	69.1637693973	8.5049
2 4 14			0.01		2.72		12.76		0.36281	0.5221	70.6383718296	19.4111
4 2 12			0.01		2.74		12.58		0.36278	0.2244	63.468523569	4.7972
4 6 6			0.02		2.75		12.39		0.36277	1.1903	71.9781772466	41.9784
6 2 0			-0.25		2.5		16.54		0.36277	4.3933	57.9728440251	566.5186
0 0 4			-0.02		2.48		16.92		0.36275	0.8482	15.2869714585	59.1035
1 3 15			0.01		2.49		16.71		0.36278	0.2862	67.3623786269	8.1809
1 1 3			0.0		2.49		16.7		0.36275	0.4514	16.9416048235	36.8187
3 5 9			0.01		2.5		16.59		0.36265	0.4755	65.0802252419	19.5165
5 1 13			0.01		2.51		16.35		0.36268	0.4567	71.2764535317	11.3258
1 5 9			0.01		2.52		16.2		0.36258	0.4394	58.984264935	17.7365
5 3 9			0.01		2.53		16.11		0.36248	0.4833	65.0662013285	20.8409
3 5 3			-0.02		2.51		16.37		0.36243	0.9259	54.5093201099	87.7589
5 1 9			0.01		2.52		16.23		0.36232	0.4583	58.9619928854	19.0838
0 2 4			-0.04		2.48		16.99		0.36236	1.326	23.4223631322	110.0283
3 3 15			0.01		2.49		16.78		0.36238	0.3402	73.0835579415	3.8877
5 3 5			-0.02		2.47		17.15		0.36256	2.2247	56.9473208346	134.0256
6 0 10			0.01		2.48		16.99		0.36255	1.0728	69.1331306246	8.9056
6 2 4			-0.02		2.45		17.41		0.36252	0.8727	60.3342977717	77.9073
1 1 9			0.01		2.47		17.2		0.36251	0.2216	37.1193146943	1.1702
3 7 3			-0.0		2.46		17.27		0.36247	0.8954	72.6346668965	71.6226
1 3 11			-0.07		2.4		18.5		0.36252	2.4293	52.0561920156	298.4303
7 1 1			0.01		2.4		18.4		0.36251	0.5207	65.7483230412	25.2044
2 4 10			0.01		2.41		18.27		0.36249	0.607	57.0555982332	12.0937
1 7 5			-0.01		2.4		18.36		0.36264	1.0841	69.0835930101	99.7513
3 3 9			0.01		2.41		18.2		0.36257	0.3816	52.4524123761	12.0632
5 5 7			0.01		2.42		18.0		0.36257	0.6639	72.2860687267	4.3062
0 6 0			0.01		2.43		17.87		0.36257	1.4277	54.7714555341	59.4019
0 0 18			0.01		2.44		17.74		0.36263	0.6609	73.530655613	37.988
0 4 16			0.01		2.45		17.58		0.36286	1.5557	75.7704700384	94.8658
0 2 18			0.01		2.46		17.4		0.36288	0.3755	76.3208597895	3.7538
2 2 10			-0.0		2.46		17.43		0.36301	0.6429	46.7739448495	44.8949
6 2 10			-0.0		2.45		17.44		0.36315	0.7103	71.9901825081	43.9921
0 4 20			0.01		2.47		17.26		0.36318	1.027	94.1654323607	18.6345
1 3 9			0.01		2.47		17.1		0.36314	0.2622	45.3040218183	7.1674
4 4 10			-0.0		2.47		17.14		0.36327	0.6886	66.23802526	47.6672
4 0 10			-0.0		2.47		17.16		0.3634	0.6243	53.7713327333	45.2096
1 7 1			0.0		2.47		17.1		0.36339	0.5219	65.7901743415	26.2984
5 1 1			0.0		2.48		17.05		0.36338	0.5346	46.1701152	26.7419
0 0 16			0.0		2.48		16.96		0.36366	1.3342	64.286058028	116.6634
4 2 2			0.01		2.49		16.86		0.36367	0.457	40.8620305525	12.2524