HKL Value		Reward		TotalReward	Chi Squared	Z Appr. 	Error	Two-Thetas	Sfs2
1 5 7			0.0		0.0		0.0		0.3	0.6035	54.1236034243	4.2528
6 4 0			0.0		0.0		0.01		0.33737	1.8287	67.0910631577	58.6803
5 3 11			-1.0		-1.0		26.46		0.36382	1.8677	70.5420870211	204.0714
1 1 15			0.28		-0.72		20.64		0.36471	0.656	61.3839959686	20.6242
3 1 9			0.26		-0.46		16.39		0.36366	0.36	45.2950695798	8.7768
5 3 7			0.22		-0.24		13.45		0.36385	0.2523	60.5057581853	5.4388
4 6 0			0.2		-0.04		11.22		0.36385	0.7863	67.1083315067	59.4729
1 3 7			0.14		0.1		9.82		0.36408	0.1893	39.2755843192	5.3372
2 0 14			0.14		0.24		8.6		0.36376	0.2634	58.6945218607	7.3942
1 1 7			0.1		0.34		7.81		0.36396	0.2012	29.7561292971	6.5386
0 2 14			0.11		0.46		7.03		0.36396	0.2479	58.6982494177	6.3292
4 6 2			0.06		0.52		6.63		0.364	0.2349	67.657370766	5.5969
0 6 8			0.05		0.57		6.31		0.3629	0.7694	64.1950429677	5.6946
0 6 2			0.05		0.62		5.98		0.36303	0.2356	55.3895592761	6.1752
6 0 2			0.05		0.68		5.67		0.36316	0.2214	55.354768557	5.4487
3 3 7			0.06		0.74		5.34		0.36324	0.1558	47.1418707618	3.5073
3 1 13			0.07		0.8		5.01		0.36336	0.3869	59.4126405656	11.7895
6 0 0			0.0		0.81		4.99		0.36336	0.7256	54.7363985401	55.434
2 0 16			0.06		0.87		4.71		0.36348	0.5935	67.2372591268	11.8907
7 1 7			0.03		0.9		4.55		0.36353	0.3505	72.2660298289	5.0526
2 4 14			0.03		0.93		4.43		0.36314	0.5221	70.6383718296	19.4111
4 2 8			0.01		0.94		4.39		0.3626	0.7605	51.4203212226	2.5419
0 2 16			0.04		0.98		4.22		0.36304	1.8687	67.2407114996	13.8307
1 7 7			0.02		1.0		4.14		0.36307	0.4353	72.3061031614	6.1143
1 5 13			0.04		1.04		3.97		0.3632	1.1973	71.2966048402	12.6128
3 5 3			-0.24		0.8		5.23		0.36302	0.9259	54.5093201099	87.7589
4 2 14			0.02		0.83		5.1		0.36278	1.2576	70.6282605877	19.9713
6 0 6			0.01		0.84		5.05		0.36249	1.0815	60.1501886982	39.9969
2 4 6			-0.03		0.8		5.23		0.36202	0.785	46.7364348384	64.2552
6 4 2			0.02		0.82		5.13		0.36203	0.2211	67.6401768609	4.8049
6 0 12			0.03		0.86		4.96		0.36199	0.5892	74.995462768	0.9301
2 4 10			-0.01		0.84		5.02		0.36189	0.607	57.0555982332	12.0937
6 4 6			0.03		0.88		4.86		0.36188	0.9247	71.9614498967	41.9809
3 1 15			0.01		0.89		4.81		0.36203	0.2871	67.3554895111	7.7692
3 5 7			0.02		0.91		4.72		0.36205	0.2309	60.5203777188	5.6046
1 3 15			0.01		0.92		4.67		0.36219	0.2862	67.3623786269	8.1809
2 4 8			0.01		0.92		4.63		0.36183	0.1687	51.4325245866	2.4593
4 2 10			-0.01		0.92		4.68		0.36173	1.1102	57.0442200735	11.3144
1 3 1			-0.08		0.84		5.07		0.36167	0.5324	28.3265170018	42.1271
0 2 18			0.02		0.86		4.97		0.36167	0.3755	76.3208597895	3.7538
5 1 7			0.02		0.88		4.88		0.36169	0.2609	54.1000446603	4.252
5 5 1			-0.01		0.87		4.91		0.36165	0.5073	65.769247456	23.9531
0 6 16			0.02		0.89		4.8		0.36177	0.4825	89.3859051251	7.6515
1 1 13			0.02		0.91		4.7		0.36194	0.3722	52.9310122384	10.9703
1 3 13			0.02		0.94		4.6		0.36209	0.3907	59.4200243294	11.5335
6 0 8			0.01		0.95		4.54		0.36189	2.9234	64.163237895	5.3359
0 2 20			0.02		0.97		4.45		0.36203	0.4494	86.0769303832	2.8517
2 0 8			0.02		0.99		4.36		0.362	0.1665	35.7565424018	1.5727
0 6 14			0.01		1.0		4.34		0.36182	0.9096	81.7552219026	27.2955
1 1 9			0.02		1.01		4.25		0.3618	0.2216	37.1193146943	1.1702
5 1 13			0.02		1.03		4.17		0.36193	0.4567	71.2764535317	11.3258
3 1 7			0.01		1.05		4.12		0.36194	0.257	39.2655360855	5.205
0 2 6			-0.13		0.92		4.72		0.36143	1.1672	29.1471999487	131.5155
5 3 9			-0.02		0.9		4.8		0.3611	0.4833	65.0662013285	20.8409
5 1 9			0.0		0.9		4.8		0.36072	0.4583	58.9619928854	19.0838
1 3 3			-0.07		0.84		5.14		0.36057	0.7045	30.3940112777	66.1614
9 1 1			0.0		0.84		5.14		0.36053	0.8793	87.9915459652	19.6393
0 6 6			0.01		0.85		5.09		0.36024	1.0147	60.183190367	40.9583
4 6 6			0.02		0.86		5.01		0.3603	1.1903	71.9781772466	41.9784
0 6 0			-0.01		0.86		5.03		0.3603	1.4277	54.7714555341	59.4019
0 6 10			0.0		0.86		5.02		0.3602	0.8527	69.1637693973	8.5049
7 1 1			-0.02		0.84		5.1		0.36015	0.5207	65.7483230412	25.2044
5 5 3			-0.05		0.79		5.39		0.35997	0.8107	66.8760743485	64.1048
5 1 3			-0.06		0.74		5.7		0.35973	0.9592	47.5591860667	88.1873