HKL Value		Reward		TotalReward	Chi Squared	Z Appr. 	Error	Two-Thetas	Sfs2
1 5 7			0.0		0.0		0.0		0.3	0.6035	54.1236034243	4.2528
6 4 0			0.0		0.0		0.01		0.33737	1.8287	67.0910631577	58.6803
1 3 7			1.0		1.0		0.01		0.33738	0.1893	39.2755843192	5.3372
0 4 8			-1.0		-0.0		28.8		0.37562	4.1351	47.9021960727	235.0989
5 3 7			0.33		0.33		21.63		0.37596	0.2523	60.5057581853	5.4388
1 1 7			0.25		0.58		17.3		0.37602	0.2012	29.7561292971	6.5386
7 3 5			0.16		0.74		14.94		0.37706	1.0496	74.7140851895	88.0788
4 6 0			0.17		0.91		12.81		0.37706	0.7863	67.1083315067	59.4729
5 1 7			0.14		1.05		11.21		0.37705	0.2609	54.1000446603	4.252
3 3 7			0.12		1.17		10.0		0.37667	0.1558	47.1418707618	3.5073
1 7 7			0.11		1.28		9.03		0.37693	0.4353	72.3061031614	6.1143
6 0 2			0.09		1.37		8.26		0.37703	0.2214	55.354768557	5.4487
0 2 14			0.07		1.44		7.71		0.3779	0.2479	58.6982494177	6.3292
4 0 14			-0.36		1.08		12.09		0.36567	1.986	67.7459682929	124.3248
2 0 14			0.07		1.15		11.26		0.36517	0.2634	58.6945218607	7.3942
4 2 8			0.04		1.19		10.85		0.36394	0.7605	51.4203212226	2.5419
1 3 3			-0.07		1.12		11.71		0.36347	0.7045	30.3940112777	66.1614
0 6 8			0.05		1.17		11.17		0.36268	0.7694	64.1950429677	5.6946
0 6 16			0.06		1.22		10.55		0.3625	0.4825	89.3859051251	7.6515
3 1 13			0.05		1.28		10.0		0.36272	0.3869	59.4126405656	11.7895
1 3 13			0.05		1.33		9.51		0.36284	0.3907	59.4200243294	11.5335
4 6 2			0.04		1.37		9.18		0.36285	0.2349	67.657370766	5.5969
5 1 13			0.05		1.41		8.77		0.36291	0.4567	71.2764535317	11.3258
3 7 1			0.01		1.42		8.68		0.36288	1.2822	71.5694631273	22.2453
0 6 2			0.03		1.46		8.4		0.36291	0.2356	55.3895592761	6.1752
6 4 2			0.03		1.49		8.15		0.36292	0.2211	67.6401768609	4.8049
2 0 16			0.04		1.53		7.84		0.36305	0.5935	67.2372591268	11.8907
7 1 7			0.03		1.56		7.62		0.36307	0.3505	72.2660298289	5.0526
0 2 16			0.03		1.59		7.36		0.36326	1.8687	67.2407114996	13.8307
1 5 13			0.04		1.63		7.11		0.36332	1.1973	71.2966048402	12.6128
6 0 6			0.01		1.64		7.01		0.36315	1.0815	60.1501886982	39.9969
3 1 9			0.02		1.66		6.88		0.36302	0.36	45.2950695798	8.7768
3 5 7			0.02		1.68		6.72		0.36304	0.2309	60.5203777188	5.6046
4 2 14			0.02		1.7		6.58		0.36289	1.2576	70.6282605877	19.9713
5 1 1			-0.02		1.68		6.73		0.36286	0.5346	46.1701152	26.7419
4 2 4			-0.12		1.56		7.65		0.36292	0.7624	43.1345383828	64.2766
6 0 0			0.01		1.57		7.57		0.36292	0.7256	54.7363985401	55.434
4 2 6			-0.01		1.57		7.62		0.36265	1.6049	46.7233273538	62.1975
3 1 7			0.02		1.59		7.46		0.36267	0.257	39.2655360855	5.205
5 5 3			-0.05		1.54		7.87		0.36257	0.8107	66.8760743485	64.1048
6 4 6			0.03		1.56		7.67		0.36255	0.9247	71.9614498967	41.9809
0 6 10			0.01		1.57		7.6		0.36251	0.8527	69.1637693973	8.5049
0 2 20			0.02		1.6		7.42		0.36261	0.4494	86.0769303832	2.8517
3 1 15			0.01		1.61		7.31		0.36268	0.2871	67.3554895111	7.7692
2 0 8			0.02		1.63		7.15		0.36264	0.1665	35.7565424018	1.5727
1 7 1			-0.01		1.62		7.24		0.36262	0.5219	65.7901743415	26.2984
2 2 14			-0.05		1.57		7.63		0.36217	1.0835	61.7979105177	101.9829
2 4 8			0.01		1.58		7.54		0.36196	0.1687	51.4325245866	2.4593
0 6 6			0.01		1.59		7.45		0.36178	1.0147	60.183190367	40.9583
1 1 13			0.02		1.61		7.31		0.3619	0.3722	52.9310122384	10.9703
0 6 0			0.0		1.62		7.29		0.3619	1.4277	54.7714555341	59.4019
0 0 20			-0.01		1.6		7.4		0.36324	0.4542	83.3712939521	4.3689
2 4 14			0.01		1.61		7.3		0.36318	0.5221	70.6383718296	19.4111
2 4 6			-0.01		1.6		7.37		0.36306	0.785	46.7364348384	64.2552
4 2 10			0.0		1.61		7.35		0.36304	1.1102	57.0442200735	11.3144
0 6 14			0.01		1.62		7.29		0.36296	0.9096	81.7552219026	27.2955
1 1 17			-0.19		1.43		8.96		0.36217	2.447	70.2810461715	248.4175
6 4 4			-0.01		1.42		9.03		0.3622	0.6669	69.2748711385	33.991
0 2 12			0.0		1.43		8.99		0.3621	0.3827	50.6142203783	17.5707
1 1 15			-0.0		1.42		9.01		0.36216	0.656	61.3839959686	20.6242
0 2 8			0.02		1.44		8.86		0.36216	0.1155	35.7619852008	1.7384
3 3 9			0.01		1.45		8.78		0.36208	0.3816	52.4524123761	12.0632
6 0 12			0.02		1.47		8.64		0.36207	0.5892	74.995462768	0.9301
3 3 1			-0.01		1.46		8.72		0.36206	0.5106	38.1558496662	33.1617
5 5 1			0.0		1.46		8.68		0.36206	0.5073	65.769247456	23.9531
1 3 15			0.01		1.47		8.6		0.36208	0.2862	67.3623786269	8.1809
3 5 9			0.0		1.47		8.6		0.36199	0.4755	65.0802252419	19.5165
2 0 12			0.0		1.48		8.56		0.36189	0.8079	50.6101057273	16.6151
4 6 6			0.01		1.49		8.43		0.36189	1.1903	71.9781772466	41.9784
6 0 8			0.01		1.5		8.34		0.36182	2.9234	64.163237895	5.3359
4 2 12			0.01		1.51		8.24		0.36178	0.2244	63.468523569	4.7972
2 4 12			0.01		1.53		8.14		0.36174	0.2205	63.4791913795	4.8908
2 2 0			-0.52		1.0		17.05		0.36174	11.1953	25.0390113278	1035.9387
5 3 9			0.01		1.01		16.94		0.36164	0.4833	65.0662013285	20.8409
1 5 9			0.01		1.02		16.77		0.36155	0.4394	58.984264935	17.7365
5 1 9			0.01		1.03		16.62		0.36144	0.4583	58.9619928854	19.0838
9 1 1			0.01		1.04		16.47		0.36144	0.8793	87.9915459652	19.6393
3 3 15			0.01		1.05		16.27		0.36146	0.3402	73.0835579415	3.8877
7 1 1			0.0		1.06		16.19		0.36145	0.5207	65.7483230412	25.2044
6 0 10			0.01		1.06		16.05		0.36143	1.0728	69.1331306246	8.9056
1 1 9			0.01		1.08		15.85		0.36142	0.2216	37.1193146943	1.1702
2 6 10			-0.0		1.07		15.91		0.36154	0.7069	72.0169435829	44.7171
3 5 3			-0.01		1.06		16.14		0.3615	0.9259	54.5093201099	87.7589
4 2 2			0.01		1.07		16.03		0.3615	0.457	40.8620305525	12.2524
2 4 10			0.01		1.07		15.92		0.36148	0.607	57.0555982332	12.0937
0 0 16			0.0		1.07		15.91		0.36192	1.3342	64.286058028	116.6634
0 4 20			0.01		1.08		15.74		0.36211	1.027	94.1654323607	18.6345
0 2 22			-0.0		1.08		15.78		0.3622	1.8317	96.7387030121	97.213
6 2 10			-0.0		1.08		15.82		0.36231	0.7103	71.9901825081	43.9921
3 1 1			-0.0		1.08		15.86		0.3623	0.5239	28.3131072915	41.7464