HKL Value		Reward		TotalReward	Chi Squared	Z Appr. 	Error	Two-Thetas	Sfs2
1 5 7			0.0		0.0		0.0		0.3	0.6035	54.1236034243	4.2528
6 4 0			0.0		0.0		0.01		0.33737	1.8287	67.0910631577	58.6803
3 1 1			-1.0		-1.0		7.89		0.33536	0.5239	28.3131072915	41.7464
1 1 7			0.49		-0.51		5.3		0.3366	0.2012	29.7561292971	6.5386
5 3 7			0.33		-0.18		3.98		0.33654	0.2523	60.5057581853	5.4388
1 3 7			0.25		0.07		3.19		0.33674	0.1893	39.2755843192	5.3372
4 6 0			0.2		0.27		2.66		0.33674	0.7863	67.1083315067	59.4729
6 4 4			-0.49		-0.23		5.25		0.33825	0.6669	69.2748711385	33.991
0 2 14			0.09		-0.13		4.82		0.33585	0.2479	58.6982494177	6.3292
2 0 14			0.09		-0.04		4.42		0.33467	0.2634	58.6945218607	7.3942
3 3 7			0.08		0.04		4.09		0.33537	0.1558	47.1418707618	3.5073
0 6 8			0.06		0.1		3.85		0.33497	0.7694	64.1950429677	5.6946
6 0 2			0.03		0.12		3.75		0.33495	0.2214	55.354768557	5.4487
0 6 2			0.01		0.14		3.7		0.33494	0.2356	55.3895592761	6.1752
4 6 2			0.04		0.17		3.57		0.33486	0.2349	67.657370766	5.5969
1 3 5			-0.48		-0.31		6.86		0.38091	3.1323	34.189462707	190.138
2 0 16			0.01		-0.3		6.81		0.38237	0.5935	67.2372591268	11.8907
3 1 13			-0.11		-0.4		7.62		0.36494	0.3869	59.4126405656	11.7895
6 0 0			0.02		-0.38		7.45		0.36494	0.7256	54.7363985401	55.434
3 1 9			0.03		-0.36		7.27		0.36466	0.36	45.2950695798	8.7768
1 7 7			0.04		-0.32		7.01		0.36472	0.4353	72.3061031614	6.1143
4 2 8			0.01		-0.31		6.92		0.36403	0.7605	51.4203212226	2.5419
0 2 16			0.05		-0.26		6.6		0.36417	1.8687	67.2407114996	13.8307
3 3 5			-0.23		-0.49		8.61		0.36504	1.3995	42.8396693434	151.0913
5 1 7			0.04		-0.45		8.3		0.36508	0.2609	54.1000446603	4.252
1 5 13			0.04		-0.41		7.98		0.36484	1.1973	71.2966048402	12.6128
6 4 2			0.03		-0.38		7.75		0.36485	0.2211	67.6401768609	4.8049
6 0 6			0.01		-0.37		7.65		0.36455	1.0815	60.1501886982	39.9969
4 6 4			-0.02		-0.39		7.82		0.3646	1.0731	69.291881243	33.3045
2 4 6			-0.02		-0.41		7.98		0.36414	0.785	46.7364348384	64.2552
6 4 6			0.03		-0.38		7.72		0.36406	0.9247	71.9614498967	41.9809
7 1 7			0.03		-0.35		7.53		0.36409	0.3505	72.2660298289	5.0526
3 5 7			0.02		-0.33		7.35		0.36412	0.2309	60.5203777188	5.6046
2 4 14			0.02		-0.31		7.2		0.36384	0.5221	70.6383718296	19.4111
4 2 4			-0.11		-0.42		8.12		0.36391	0.7624	43.1345383828	64.2766
3 1 15			0.02		-0.4		7.96		0.36399	0.2871	67.3554895111	7.7692
1 3 15			0.02		-0.38		7.81		0.36407	0.2862	67.3623786269	8.1809
6 0 12			0.03		-0.36		7.6		0.36405	0.5892	74.995462768	0.9301
2 4 10			0.0		-0.35		7.59		0.36402	0.607	57.0555982332	12.0937
2 4 8			0.01		-0.34		7.52		0.36366	0.1687	51.4325245866	2.4593
0 2 20			0.03		-0.32		7.33		0.36358	0.4494	86.0769303832	2.8517
5 3 5			-0.11		-0.43		8.21		0.36403	2.2247	56.9473208346	134.0256
0 6 16			0.02		-0.4		8.03		0.36376	0.4825	89.3859051251	7.6515
3 1 7			0.02		-0.38		7.88		0.36377	0.257	39.2655360855	5.205
1 3 13			0.02		-0.36		7.7		0.36374	0.3907	59.4200243294	11.5335
4 2 14			0.02		-0.35		7.59		0.3636	1.2576	70.6282605877	19.9713
1 1 13			0.02		-0.32		7.42		0.36357	0.3722	52.9310122384	10.9703
5 5 1			0.0		-0.32		7.4		0.36355	0.5073	65.769247456	23.9531
1 1 15			-0.01		-0.33		7.44		0.36363	0.656	61.3839959686	20.6242
4 2 10			0.0		-0.32		7.42		0.36361	1.1102	57.0442200735	11.3144
0 6 18			0.02		-0.3		7.29		0.36361	0.7949	98.0280769063	1.8601
1 1 9			0.02		-0.29		7.15		0.36361	0.2216	37.1193146943	1.1702
0 6 14			0.01		-0.28		7.09		0.36344	0.9096	81.7552219026	27.2955
2 0 8			0.02		-0.26		6.97		0.3634	0.1665	35.7565424018	1.5727
3 3 9			0.01		-0.25		6.93		0.36328	0.3816	52.4524123761	12.0632
5 1 13			0.02		-0.24		6.8		0.36328	0.4567	71.2764535317	11.3258
4 6 6			0.02		-0.22		6.68		0.36325	1.1903	71.9781772466	41.9784
0 0 20			0.0		-0.22		6.67		0.36399	0.4542	83.3712939521	4.3689
0 6 6			0.0		-0.21		6.64		0.3639	1.0147	60.183190367	40.9583
5 1 9			-0.0		-0.21		6.66		0.3638	0.4583	58.9619928854	19.0838
0 6 0			0.0		-0.21		6.66		0.3638	1.4277	54.7714555341	59.4019
3 7 1			-0.0		-0.21		6.66		0.36379	1.2822	71.5694631273	22.2453
9 1 1			0.0		-0.21		6.63		0.36378	0.8793	87.9915459652	19.6393
5 3 9			-0.01		-0.22		6.7		0.3637	0.4833	65.0662013285	20.8409
0 6 10			0.0		-0.22		6.67		0.36369	0.8527	69.1637693973	8.5049
3 5 11			-0.1		-0.31		7.39		0.36369	1.8915	70.5555824797	206.4699
0 2 8			0.01		-0.3		7.28		0.36367	0.1155	35.7619852008	1.7384
3 3 15			0.01		-0.28		7.18		0.36368	0.3402	73.0835579415	3.8877
3 5 9			-0.01		-0.29		7.22		0.3636	0.4755	65.0802252419	19.5165
7 3 1			0.0		-0.29		7.21		0.36359	0.5095	71.5359286583	22.1332
0 2 10			-0.01		-0.3		7.31		0.36357	0.4317	42.9590557724	21.0204
0 4 20			0.01		-0.29		7.21		0.36355	1.027	94.1654323607	18.6345
2 0 12			-0.0		-0.29		7.21		0.36347	0.8079	50.6101057273	16.6151
3 5 5			-0.06		-0.35		7.7		0.36364	1.2751	56.9624934876	133.7285
6 0 10			0.0		-0.35		7.66		0.36363	1.0728	69.1331306246	8.9056
0 2 18			0.01		-0.34		7.58		0.36364	0.3755	76.3208597895	3.7538
5 3 11			-0.07		-0.41		8.16		0.36364	1.8677	70.5420870211	204.0714
2 2 16			0.0		-0.4		8.13		0.36388	1.1693	70.1293332912	108.6018
0 4 16			0.01		-0.39		8.05		0.36401	1.5557	75.7704700384	94.8658
4 2 12			0.01		-0.38		7.97		0.36399	0.2244	63.468523569	4.7972
0 0 8			-0.12		-0.5		9.02		0.36414	2.1948	30.8548203523	183.9052
5 1 1			-0.0		-0.5		9.06		0.36414	0.5346	46.1701152	26.7419
1 7 1			-0.0		-0.51		9.09		0.36413	0.5219	65.7901743415	26.2984