HKL Value		Reward		TotalReward	Chi Squared	Z Appr. 	Error	Two-Thetas	Sfs2
1 5 7			0.0		0.0		0.0		0.3	0.6035	54.1236034243	4.2528
5 5 3			0.0		0.0		18.32		0.33668	0.8107	66.8760743485	64.1048
6 4 4			-0.02		-0.02		18.79		0.35435	0.6669	69.2748711385	33.991
6 4 0			0.5		0.47		12.53		0.35435	1.8287	67.0910631577	58.6803
1 3 7			0.29		0.77		9.68		0.34136	0.1893	39.2755843192	5.3372
0 2 18			0.24		1.0		7.84		0.353	0.3755	76.3208597895	3.7538
5 3 7			0.15		1.15		6.84		0.35289	0.2523	60.5057581853	5.4388
1 1 7			0.12		1.27		6.1		0.35274	0.2012	29.7561292971	6.5386
4 6 0			0.14		1.41		5.34		0.35274	0.7863	67.1083315067	59.4729
5 1 7			0.09		1.5		4.9		0.35266	0.2609	54.1000446603	4.252
3 3 7			0.09		1.6		4.48		0.35258	0.1558	47.1418707618	3.5073
1 7 7			0.04		1.64		4.3		0.35248	0.4353	72.3061031614	6.1143
0 4 4			-0.45		1.19		7.87		0.35177	0.8482	39.0545896029	78.0016
1 1 13			0.02		1.2		7.72		0.35208	0.3722	52.9310122384	10.9703
2 0 14			0.08		1.28		7.17		0.35201	0.2634	58.6945218607	7.3942
0 2 14			0.07		1.35		6.7		0.35179	0.2479	58.6982494177	6.3292
6 0 2			0.04		1.39		6.43		0.35184	0.2214	55.354768557	5.4487
3 7 3			-0.11		1.29		7.21		0.35158	0.8954	72.6346668965	71.6226
0 6 8			0.05		1.34		6.85		0.35188	0.7694	64.1950429677	5.6946
5 3 1			-0.04		1.29		7.17		0.35175	0.5252	53.2386121167	32.835
0 2 0			-0.22		1.07		9.18		0.35175	1.4407	17.6394681947	177.2483
4 4 4			-0.17		0.91		11.03		0.35133	0.8476	53.9354251327	76.9211