HKL Value		Reward		TotalReward	Chi Squared	Z Appr. 	Error	Two-Thetas	Sfs2
1 5 7			0.0		0.0		0.0		0.3	0.6035	54.1236034243	4.2528
6 4 0			0.0		0.0		0.01		0.33737	1.8287	67.0910631577	58.6803
1 3 7			1.0		1.0		0.01		0.33738	0.1893	39.2755843192	5.3372
5 3 7			-0.38		0.62		0.01		0.33706	0.2523	60.5057581853	5.4388
2 0 4			-1.0		-0.38		17.67		0.37695	1.3874	23.4143586184	109.347
1 1 7			0.25		-0.13		14.14		0.37678	0.2012	29.7561292971	6.5386
2 4 14			0.02		-0.11		13.84		0.37915	0.5221	70.6383718296	19.4111
5 1 7			0.16		0.05		11.88		0.37861	0.2609	54.1000446603	4.252
4 6 0			0.14		0.19		10.4		0.37861	0.7863	67.1083315067	59.4729
5 1 5			-0.14		0.06		12.07		0.38061	1.1901	50.2495039981	127.1383
3 3 7			0.09		0.15		11.02		0.37963	0.1558	47.1418707618	3.5073
1 7 7			0.1		0.25		10.02		0.37966	0.4353	72.3061031614	6.1143
0 2 14			0.09		0.34		9.21		0.38013	0.2479	58.6982494177	6.3292
2 0 14			0.08		0.42		8.54		0.38053	0.2634	58.6945218607	7.3942
6 4 2			0.06		0.48		8.03		0.38058	0.2211	67.6401768609	4.8049
0 6 8			0.01		0.49		7.95		0.38102	0.7694	64.1950429677	5.6946
5 3 5			-0.1		0.39		8.81		0.38153	2.2247	56.9473208346	134.0256
4 6 2			0.05		0.44		8.4		0.38158	0.2349	67.657370766	5.5969
4 2 8			-0.0		0.44		8.4		0.38207	0.7605	51.4203212226	2.5419
7 1 7			0.05		0.49		7.99		0.38187	0.3505	72.2660298289	5.0526
6 0 2			0.05		0.54		7.61		0.3819	0.2214	55.354768557	5.4487
3 1 13			-0.15		0.4		8.93		0.36537	0.3869	59.4126405656	11.7895
2 6 6			-0.46		-0.07		16.65		0.36191	5.383	63.2392339525	346.2148
0 2 20			0.04		-0.02		15.94		0.36245	0.4494	86.0769303832	2.8517
0 6 2			0.04		0.01		15.37		0.36253	0.2356	55.3895592761	6.1752
2 0 16			0.04		0.06		14.76		0.36289	0.5935	67.2372591268	11.8907
1 5 13			0.04		0.1		14.2		0.36306	1.1973	71.2966048402	12.6128
1 3 13			0.04		0.13		13.67		0.36311	0.3907	59.4200243294	11.5335
0 2 16			0.04		0.17		13.2		0.36333	1.8687	67.2407114996	13.8307
3 5 7			0.03		0.2		12.81		0.36335	0.2309	60.5203777188	5.6046
6 0 6			0.02		0.22		12.51		0.36313	1.0815	60.1501886982	39.9969
7 3 5			-0.0		0.22		12.53		0.36344	1.0496	74.7140851895	88.0788
3 1 7			0.03		0.25		12.18		0.36347	0.257	39.2655360855	5.205
4 2 14			0.03		0.28		11.88		0.36329	1.2576	70.6282605877	19.9713
0 6 16			0.03		0.31		11.54		0.36313	0.4825	89.3859051251	7.6515
6 0 0			0.02		0.32		11.34		0.36313	0.7256	54.7363985401	55.434
2 0 8			0.03		0.35		11.04		0.36309	0.1665	35.7565424018	1.5727
6 4 6			0.03		0.38		10.74		0.36306	0.9247	71.9614498967	41.9809
3 1 9			0.02		0.4		10.54		0.36293	0.36	45.2950695798	8.7768
1 1 13			0.03		0.42		10.27		0.36296	0.3722	52.9310122384	10.9703
0 6 6			0.02		0.44		10.12		0.36279	1.0147	60.183190367	40.9583
6 0 8			0.02		0.46		9.94		0.36262	2.9234	64.163237895	5.3359
0 0 8			-0.17		0.29		11.95		0.36305	2.1948	30.8548203523	183.9052
1 3 9			0.02		0.31		11.72		0.36295	0.2622	45.3040218183	7.1674
2 4 8			0.02		0.32		11.54		0.36275	0.1687	51.4325245866	2.4593
4 2 6			0.0		0.33		11.5		0.3625	1.6049	46.7233273538	62.1975
0 2 12			0.01		0.34		11.4		0.36226	0.3827	50.6142203783	17.5707
3 1 15			0.02		0.35		11.21		0.36233	0.2871	67.3554895111	7.7692
0 6 10			0.01		0.37		11.07		0.3623	0.8527	69.1637693973	8.5049
2 4 6			0.0		0.37		11.05		0.362	0.785	46.7364348384	64.2552
5 5 1			0.01		0.38		10.96		0.36197	0.5073	65.769247456	23.9531
6 2 10			-0.01		0.36		11.12		0.36232	0.7103	71.9901825081	43.9921
5 1 13			0.02		0.38		10.91		0.3624	0.4567	71.2764535317	11.3258
4 6 6			0.02		0.4		10.71		0.3624	1.1903	71.9781772466	41.9784
1 1 15			0.0		0.4		10.69		0.36252	0.656	61.3839959686	20.6242
4 4 4			-0.06		0.34		11.43		0.36247	0.8476	53.9354251327	76.9211
1 3 15			0.01		0.35		11.28		0.36254	0.2862	67.3623786269	8.1809
0 2 8			0.02		0.37		11.08		0.36251	0.1155	35.7619852008	1.7384
1 5 9			0.01		0.38		10.98		0.36231	0.4394	58.984264935	17.7365
6 0 12			0.02		0.39		10.8		0.36229	0.5892	74.995462768	0.9301
4 2 12			0.01		0.41		10.64		0.3622	0.2244	63.468523569	4.7972
3 7 1			0.01		0.41		10.57		0.36218	1.2822	71.5694631273	22.2453
4 2 10			0.01		0.42		10.51		0.36213	1.1102	57.0442200735	11.3144
0 6 14			0.01		0.43		10.39		0.36196	0.9096	81.7552219026	27.2955
3 5 9			0.0		0.44		10.36		0.36172	0.4755	65.0802252419	19.5165
3 3 13			0.02		0.45		10.2		0.36174	0.5636	65.4922780779	9.1158
0 0 14			-0.01		0.44		10.28		0.36142	0.8389	55.4890953336	74.9432
0 0 20			-0.01		0.44		10.36		0.36299	0.4542	83.3712939521	4.3689
6 0 10			0.01		0.44		10.28		0.36297	1.0728	69.1331306246	8.9056
9 1 1			0.01		0.45		10.21		0.36297	0.8793	87.9915459652	19.6393
2 0 12			0.0		0.46		10.16		0.36288	0.8079	50.6101057273	16.6151
7 1 3			-0.03		0.43		10.43		0.36283	1.4031	66.8553232335	91.2915
0 0 18			0.01		0.44		10.37		0.36288	0.6609	73.530655613	37.988
0 2 18			0.01		0.45		10.24		0.36289	0.3755	76.3208597895	3.7538
5 5 7			0.01		0.46		10.12		0.3629	0.6639	72.2860687267	4.3062
5 5 3			-0.02		0.44		10.3		0.36286	0.8107	66.8760743485	64.1048
1 5 11			-0.06		0.38		10.95		0.36289	1.8219	64.7342781598	204.7444
3 3 15			0.01		0.39		10.82		0.3629	0.3402	73.0835579415	3.8877
0 2 10			-0.0		0.39		10.86		0.36288	0.4317	42.9590557724	21.0204
0 0 12			-0.13		0.26		12.5		0.36232	3.2426	47.0346015839	274.3783
5 1 9			0.01		0.27		12.42		0.36221	0.4583	58.9619928854	19.0838
7 1 1			0.0		0.27		12.4		0.3622	0.5207	65.7483230412	25.2044
0 4 16			0.01		0.28		12.3		0.36248	1.5557	75.7704700384	94.8658
1 1 9			0.01		0.29		12.16		0.36248	0.2216	37.1193146943	1.1702
4 0 8			-0.09		0.2		13.3		0.36272	2.9483	47.8850437629	244.3799
2 4 10			0.01		0.21		13.23		0.3627	0.607	57.0555982332	12.0937
1 7 1			0.0		0.21		13.21		0.36269	0.5219	65.7901743415	26.2984
0 4 20			0.01		0.22		13.06		0.36278	1.027	94.1654323607	18.6345
1 5 3			-0.01		0.21		13.19		0.36274	0.9511	47.585042181	85.8034
2 2 10			-0.01		0.2		13.27		0.36286	0.6429	46.7739448495	44.8949
4 2 4			-0.02		0.18		13.55		0.36288	0.7624	43.1345383828	64.2766