HKL Value		Reward		TotalReward	Chi Squared	Z Appr. 	Error	Two-Thetas	Sfs2
1 5 7			0.0		0.0		0.0		0.3	0.6035	54.1236034243	4.2528
6 4 0			0.0		0.0		0.01		0.33737	1.8287	67.0910631577	58.6803
1 3 7			1.0		1.0		0.01		0.33738	0.1893	39.2755843192	5.3372
5 3 7			-0.38		0.62		0.01		0.33706	0.2523	60.5057581853	5.4388
1 1 7			-0.18		0.44		0.01		0.33731	0.2012	29.7561292971	6.5386
5 1 7			0.25		0.68		0.01		0.33732	0.2609	54.1000446603	4.252
4 6 0			-0.34		0.35		0.02		0.33732	0.7863	67.1083315067	59.4729
3 3 7			-0.68		-0.33		0.05		0.33793	0.1558	47.1418707618	3.5073
1 7 7			-0.41		-0.75		0.08		0.33748	0.4353	72.3061031614	6.1143
0 2 14			-0.68		-1.43		0.26		0.33619	0.2479	58.6982494177	6.3292
2 0 14			-0.33		-1.76		0.39		0.33526	0.2634	58.6945218607	7.3942
6 4 2			-0.2		-1.96		0.49		0.33519	0.2211	67.6401768609	4.8049
4 6 2			-0.19		-2.15		0.61		0.33512	0.2349	67.657370766	5.5969
0 6 8			-0.09		-2.25		0.67		0.33482	0.7694	64.1950429677	5.6946
4 2 8			0.06		-2.19		0.63		0.33498	0.7605	51.4203212226	2.5419
7 1 7			0.07		-2.12		0.59		0.33504	0.3505	72.2660298289	5.0526
6 0 2			-0.18		-2.3		0.72		0.33504	0.2214	55.354768557	5.4487
0 2 20			0.01		-2.29		0.71		0.33579	0.4494	86.0769303832	2.8517
3 1 13			-0.22		-2.51		0.92		0.33547	0.3869	59.4126405656	11.7895
3 1 5			-0.88		-3.39		7.73		0.33625	2.8985	34.1781376955	186.2389
0 6 2			0.03		-3.36		7.5		0.33625	0.2356	55.3895592761	6.1752
1 3 13			0.02		-3.34		7.35		0.33585	0.3907	59.4200243294	11.5335
2 0 16			0.01		-3.34		7.32		0.33613	0.5935	67.2372591268	11.8907
1 5 13			0.01		-3.32		7.22		0.33568	1.1973	71.2966048402	12.6128
0 2 16			-0.0		-3.33		7.25		0.33597	1.8687	67.2407114996	13.8307
3 1 3			-0.07		-3.39		7.76		0.33595	1.2003	30.3814370344	67.5761
3 5 7			0.04		-3.35		7.46		0.33595	0.2309	60.5203777188	5.6046
6 0 6			0.03		-3.33		7.26		0.33601	1.0815	60.1501886982	39.9969
3 1 7			0.04		-3.29		7.0		0.3361	0.257	39.2655360855	5.205
4 2 14			-0.03		-3.32		7.19		0.33564	1.2576	70.6282605877	19.9713
0 6 16			0.02		-3.3		7.07		0.33596	0.4825	89.3859051251	7.6515
6 0 0			0.01		-3.29		6.99		0.33596	0.7256	54.7363985401	55.434
2 0 8			0.51		-2.78		4.62		0.36329	0.1665	35.7565424018	1.5727
0 2 0			-0.22		-3.0		5.92		0.36329	1.4407	17.6394681947	177.2483
3 1 9			0.01		-2.98		5.84		0.36316	0.36	45.2950695798	8.7768
1 1 13			0.03		-2.95		5.68		0.36317	0.3722	52.9310122384	10.9703
0 6 6			0.01		-2.95		5.64		0.363	1.0147	60.183190367	40.9583
0 2 8			0.03		-2.92		5.49		0.36296	0.1155	35.7619852008	1.7384
1 1 15			-0.02		-2.94		5.6		0.36308	0.656	61.3839959686	20.6242
6 4 6			0.03		-2.91		5.46		0.36306	0.9247	71.9614498967	41.9809
6 0 8			0.01		-2.9		5.39		0.36289	2.9234	64.163237895	5.3359
1 3 9			0.02		-2.88		5.31		0.36278	0.2622	45.3040218183	7.1674
2 4 8			0.01		-2.88		5.27		0.36255	0.1687	51.4325245866	2.4593
0 2 12			-0.01		-2.88		5.31		0.3623	0.3827	50.6142203783	17.5707
3 1 15			0.01		-2.87		5.25		0.36238	0.2871	67.3554895111	7.7692
4 2 6			-0.02		-2.89		5.34		0.36209	1.6049	46.7233273538	62.1975
7 1 1			-0.02		-2.91		5.45		0.36205	0.5207	65.7483230412	25.2044
0 6 10			0.0		-2.91		5.42		0.362	0.8527	69.1637693973	8.5049
2 4 6			-0.02		-2.92		5.51		0.36163	0.785	46.7364348384	64.2552
5 5 1			-0.0		-2.92		5.53		0.3616	0.5073	65.769247456	23.9531
5 1 13			0.02		-2.91		5.42		0.36177	0.4567	71.2764535317	11.3258
4 6 6			0.02		-2.89		5.32		0.36177	1.1903	71.9781772466	41.9784
2 4 14			0.01		-2.87		5.24		0.36166	0.5221	70.6383718296	19.4111
1 3 15			0.01		-2.86		5.2		0.36175	0.2862	67.3623786269	8.1809
3 3 13			0.02		-2.84		5.11		0.36179	0.5636	65.4922780779	9.1158
1 5 9			0.0		-2.84		5.1		0.36154	0.4394	58.984264935	17.7365
6 0 12			0.02		-2.82		5.01		0.36152	0.5892	74.995462768	0.9301
4 2 10			-0.0		-2.83		5.03		0.36145	1.1102	57.0442200735	11.3144
0 6 12			0.02		-2.81		4.95		0.3614	0.3425	75.0250979777	1.887
0 6 14			0.01		-2.8		4.91		0.36123	0.9096	81.7552219026	27.2955
3 5 9			-0.01		-2.81		4.96		0.3609	0.4755	65.0802252419	19.5165
0 0 20			-0.04		-2.86		5.17		0.36289	0.4542	83.3712939521	4.3689
4 2 12			0.01		-2.84		5.11		0.36285	0.2244	63.468523569	4.7972
3 3 5			-0.14		-2.98		5.91		0.36305	1.3995	42.8396693434	151.0913
6 0 10			0.0		-2.98		5.9		0.36303	1.0728	69.1331306246	8.9056
9 1 1			0.0		-2.97		5.88		0.36303	0.8793	87.9915459652	19.6393
2 0 12			-0.0		-2.98		5.9		0.36293	0.8079	50.6101057273	16.6151
5 5 7			0.01		-2.96		5.82		0.36294	0.6639	72.2860687267	4.3062
0 0 18			0.0		-2.96		5.82		0.363	0.6609	73.530655613	37.988
0 2 18			0.01		-2.95		5.76		0.36301	0.3755	76.3208597895	3.7538
1 7 3			-0.05		-3.01		6.09		0.36296	0.9932	66.8968211493	90.2271
3 3 15			0.01		-2.99		6.01		0.36298	0.3402	73.0835579415	3.8877
3 7 1			-0.0		-3.0		6.02		0.36297	1.2822	71.5694631273	22.2453
5 1 9			-0.0		-3.0		6.03		0.36286	0.4583	58.9619928854	19.0838
0 4 16			0.01		-2.99		5.99		0.36309	1.5557	75.7704700384	94.8658
1 1 9			0.01		-2.98		5.92		0.36309	0.2216	37.1193146943	1.1702
0 4 20			0.01		-2.96		5.84		0.36313	1.027	94.1654323607	18.6345
2 4 10			-0.0		-2.97		5.86		0.36312	0.607	57.0555982332	12.0937
5 3 5			-0.08		-3.05		6.35		0.36327	2.2247	56.9473208346	134.0256
3 3 9			0.0		-3.04		6.33		0.36321	0.3816	52.4524123761	12.0632
6 2 10			-0.02		-3.06		6.47		0.36334	0.7103	71.9901825081	43.9921
0 6 0			-0.0		-3.06		6.48		0.36334	1.4277	54.7714555341	59.4019
1 7 1			-0.01		-3.07		6.53		0.36334	0.5219	65.7901743415	26.2984