HKL Value		Reward		TotalReward	Chi Squared	Z Appr. 	Error	Two-Thetas	Sfs2
1 5 7			0.0		0.0		0.0		0.3	0.6035	54.1236034243	4.2528
6 4 0			0.0		0.0		0.01		0.33737	1.8287	67.0910631577	58.6803
1 3 7			1.0		1.0		0.01		0.33738	0.1893	39.2755843192	5.3372
3 3 7			-0.9		0.1		0.06		0.33856	0.1558	47.1418707618	3.5073
5 3 7			-0.1		-0.0		0.07		0.33805	0.2523	60.5057581853	5.4388
1 1 7			0.25		0.25		0.06		0.33803	0.2012	29.7561292971	6.5386
4 6 0			0.05		0.29		0.06		0.33803	0.7863	67.1083315067	59.4729
6 0 12			0.17		0.46		0.05		0.37625	0.5892	74.995462768	0.9301
0 6 8			-0.96		-0.5		1.12		0.3771	0.7694	64.1950429677	5.6946
0 2 14			-0.02		-0.52		1.14		0.37884	0.2479	58.6982494177	6.3292
2 0 14			0.01		-0.51		1.13		0.37975	0.2634	58.6945218607	7.3942
0 6 2			0.04		-0.47		1.08		0.37983	0.2356	55.3895592761	6.1752
5 1 7			0.07		-0.4		1.02		0.37959	0.2609	54.1000446603	4.252
2 0 4			-0.84		-1.24		6.39		0.37947	1.3874	23.4143586184	109.347
1 7 7			0.08		-1.16		5.93		0.37951	0.4353	72.3061031614	6.1143
4 6 6			-0.05		-1.22		6.25		0.37824	1.1903	71.9781772466	41.9784
6 0 2			0.06		-1.15		5.89		0.37835	0.2214	55.354768557	5.4487
2 0 16			-0.05		-1.2		6.19		0.38084	0.5935	67.2372591268	11.8907
4 6 2			0.04		-1.16		5.94		0.38088	0.2349	67.657370766	5.5969
6 0 0			0.01		-1.15		5.87		0.38088	0.7256	54.7363985401	55.434
3 1 13			0.22		-0.93		4.83		0.36364	0.3869	59.4126405656	11.7895
7 1 3			-0.2		-1.13		6.02		0.36327	1.4031	66.8553232335	91.2915
1 3 13			0.05		-1.08		5.75		0.36331	0.3907	59.4200243294	11.5335
4 2 8			0.02		-1.07		5.66		0.36275	0.7605	51.4203212226	2.5419
1 5 13			0.04		-1.03		5.43		0.36297	1.1973	71.2966048402	12.6128
6 4 2			0.02		-1.0		5.3		0.36299	0.2211	67.6401768609	4.8049
3 1 9			0.02		-0.98		5.21		0.3627	0.36	45.2950695798	8.7768
6 0 6			0.01		-0.97		5.15		0.36231	1.0815	60.1501886982	39.9969
7 1 7			0.02		-0.95		5.03		0.36234	0.3505	72.2660298289	5.0526
3 5 7			0.02		-0.93		4.92		0.36238	0.2309	60.5203777188	5.6046
0 2 16			0.03		-0.9		4.79		0.36284	1.8687	67.2407114996	13.8307
2 6 2			-0.34		-1.24		7.28		0.3631	1.2892	58.5985395934	134.3564
6 4 6			0.03		-1.21		7.06		0.36305	0.9247	71.9614498967	41.9809
2 4 6			-0.02		-1.22		7.17		0.36259	0.785	46.7364348384	64.2552
2 4 14			0.02		-1.2		7.0		0.36236	0.5221	70.6383718296	19.4111
0 6 10			0.01		-1.19		6.93		0.36229	0.8527	69.1637693973	8.5049
0 6 16			0.03		-1.16		6.74		0.36228	0.4825	89.3859051251	7.6515
3 1 15			0.02		-1.15		6.63		0.36239	0.2871	67.3554895111	7.7692
1 3 15			0.01		-1.13		6.54		0.36249	0.2862	67.3623786269	8.1809
5 1 11			-0.17		-1.3		7.9		0.3626	3.2753	64.7131722767	203.727
2 4 8			0.01		-1.29		7.79		0.36234	0.1687	51.4325245866	2.4593
0 2 20			0.02		-1.27		7.61		0.36246	0.4494	86.0769303832	2.8517
3 1 7			0.02		-1.25		7.46		0.36248	0.257	39.2655360855	5.205
2 4 10			0.0		-1.24		7.45		0.36243	0.607	57.0555982332	12.0937
1 1 13			0.02		-1.22		7.28		0.36251	0.3722	52.9310122384	10.9703
4 2 14			0.02		-1.2		7.16		0.36237	1.2576	70.6282605877	19.9713
1 1 15			-0.01		-1.21		7.22		0.36251	0.656	61.3839959686	20.6242
4 2 10			0.0		-1.21		7.2		0.36247	1.1102	57.0442200735	11.3144
7 3 1			0.0		-1.21		7.19		0.36245	0.5095	71.5359286583	22.1332
6 2 0			-0.44		-1.65		12.8		0.36245	4.3933	57.9728440251	566.5186
0 6 14			0.01		-1.63		12.61		0.36227	0.9096	81.7552219026	27.2955
6 2 4			-0.06		-1.69		13.35		0.36221	0.8727	60.3342977717	77.9073
5 3 3			-0.03		-1.72		13.8		0.36209	0.9351	54.4936931553	89.9375
4 2 6			0.01		-1.71		13.7		0.36181	1.6049	46.7233273538	62.1975
0 6 6			0.01		-1.7		13.51		0.36162	1.0147	60.183190367	40.9583
3 3 9			0.01		-1.69		13.33		0.3614	0.3816	52.4524123761	12.0632
2 0 8			0.02		-1.67		13.09		0.36137	0.1665	35.7565424018	1.5727
2 4 2			0.01		-1.66		13.0		0.36139	0.3828	40.8766170199	13.2501
4 0 6			-0.27		-1.93		17.81		0.3598	5.3963	42.900258124	488.2208
0 0 20			-0.0		-1.93		17.89		0.36271	0.4542	83.3712939521	4.3689
9 1 1			0.01		-1.92		17.68		0.36269	0.8793	87.9915459652	19.6393
5 5 1			0.01		-1.91		17.5		0.36268	0.5073	65.769247456	23.9531
1 1 9			0.02		-1.9		17.22		0.36268	0.2216	37.1193146943	1.1702
0 2 8			0.02		-1.88		16.95		0.36266	0.1155	35.7619852008	1.7384
0 2 12			0.01		-1.87		16.79		0.36255	0.3827	50.6142203783	17.5707
0 4 20			0.02		-1.86		16.54		0.36267	1.027	94.1654323607	18.6345
5 3 9			0.01		-1.85		16.44		0.36258	0.4833	65.0662013285	20.8409
3 5 9			0.01		-1.84		16.33		0.3625	0.4755	65.0802252419	19.5165
0 0 16			0.0		-1.84		16.26		0.36286	1.3342	64.286058028	116.6634
3 3 15			0.01		-1.82		16.03		0.36287	0.3402	73.0835579415	3.8877
6 0 10			0.01		-1.81		15.87		0.36286	1.0728	69.1331306246	8.9056
1 5 1			0.0		-1.81		15.82		0.36285	0.4978	46.196563203	27.3004
0 4 18			0.01		-1.8		15.61		0.36286	0.8369	84.5238780681	17.4513
2 0 12			0.01		-1.79		15.48		0.36278	0.8079	50.6101057273	16.6151
4 0 4			-0.03		-1.82		15.97		0.36275	1.2165	39.0343929222	79.1487
0 6 0			0.01		-1.81		15.85		0.36275	1.4277	54.7714555341	59.4019
0 2 18			0.01		-1.8		15.66		0.36276	0.3755	76.3208597895	3.7538
0 4 16			0.01		-1.79		15.5		0.36297	1.5557	75.7704700384	94.8658
4 2 12			0.01		-1.78		15.32		0.36294	0.2244	63.468523569	4.7972
2 2 16			0.01		-1.77		15.22		0.36322	1.1693	70.1293332912	108.6018
5 1 1			0.0		-1.77		15.18		0.36321	0.5346	46.1701152	26.7419
4 0 14			-0.02		-1.78		15.42		0.363	1.986	67.7459682929	124.3248
6 0 8			0.01		-1.77		15.26		0.36294	2.9234	64.163237895	5.3359
0 0 18			0.01		-1.77		15.15		0.36299	0.6609	73.530655613	37.988
7 1 1			0.0		-1.76		15.09		0.36298	0.5207	65.7483230412	25.2044
5 1 9			0.01		-1.76		14.99		0.3629	0.4583	58.9619928854	19.0838
5 1 13			0.01		-1.74		14.82		0.36291	0.4567	71.2764535317	11.3258
4 2 2			0.01		-1.74		14.73		0.36291	0.457	40.8620305525	12.2524
2 2 10			-0.0		-1.74		14.79		0.36302	0.6429	46.7739448495	44.8949
3 3 13			0.01		-1.73		14.62		0.36299	0.5636	65.4922780779	9.1158
3 1 1			-0.0		-1.73		14.68		0.36298	0.5239	28.3131072915	41.7464
0 0 12			-0.09		-1.82		16.07		0.36257	3.2426	47.0346015839	274.3783
4 0 10			-0.0		-1.82		16.11		0.36267	0.6243	53.7713327333	45.2096