HKL Value		Reward		TotalReward	Chi Squared	Z Appr. 	Error	Two-Thetas	Sfs2
5 3 9			0.0		0.0		0.0		0.3	0.4833	65.0662013285	20.8409
2 0 8			0.0		0.0		11.03		0.27946	0.1665	35.7565424018	1.5727
4 2 2			0.66		0.66		6.66		0.2788	0.457	40.8620305525	12.2524
1 5 7			9.21		9.86		0.65		0.23583	0.6035	54.1236034243	4.2528
5 1 9			-0.3		9.56		0.93		0.23802	0.4583	58.9619928854	19.0838
3 5 5			-0.9		8.66		9.38		0.23426	1.2751	56.9624934876	133.7285
6 4 0			0.2		8.86		7.82		0.23426	1.8287	67.0910631577	58.6803
5 3 7			0.17		9.03		6.7		0.23438	0.2523	60.5057581853	5.4388
1 3 7			0.14		9.17		5.86		0.23433	0.1893	39.2755843192	5.3372
4 2 12			0.0		9.17		5.85		0.22744	0.2244	63.468523569	4.7972
2 2 14			-0.06		9.12		6.19		0.21238	1.0835	61.7979105177	101.9829
5 5 7			0.08		9.2		5.73		0.21236	0.6639	72.2860687267	4.3062
1 1 7			0.06		9.26		5.4		0.21233	0.2012	29.7561292971	6.5386
0 6 10			-0.05		9.21		5.71		0.21555	0.8527	69.1637693973	8.5049
4 6 0			0.08		9.28		5.31		0.21555	0.7863	67.1083315067	59.4729
0 2 14			0.06		9.34		5.02		0.21574	0.2479	58.6982494177	6.3292
3 3 3			-0.39		8.95		8.23		0.21562	0.8081	39.7679129272	70.9373
5 1 5			-0.09		8.86		9.0		0.21472	1.1901	50.2495039981	127.1383
2 0 14			0.06		8.92		8.53		0.21475	0.2634	58.6945218607	7.3942
1 3 11			-0.58		8.34		20.4		0.2108	2.4293	52.0561920156	298.4303
2 0 0			-0.06		8.28		21.7		0.2108	2.02	17.6289686615	175.6782
3 3 7			0.05		8.33		20.7		0.21076	0.1558	47.1418707618	3.5073
1 5 1			0.05		8.37		19.78		0.21084	0.4978	46.196563203	27.3004
0 2 4			-0.12		8.25		22.59		0.21147	1.326	23.4223631322	110.0283
0 6 8			0.04		8.29		21.73		0.21112	0.7694	64.1950429677	5.6946
6 0 2			0.04		8.33		20.89		0.21115	0.2214	55.354768557	5.4487
4 4 8			-0.21		8.12		26.4		0.2164	3.9407	61.1479986878	218.5721
0 6 2			0.04		8.16		25.45		0.21658	0.2356	55.3895592761	6.1752
0 4 10			0.03		8.19		24.6		0.21964	0.9893	53.7871001638	44.1425
0 2 16			0.03		8.22		23.93		0.21948	1.8687	67.2407114996	13.8307
4 0 4			0.03		8.25		23.13		0.21944	1.2165	39.0343929222	79.1487
4 6 2			0.03		8.29		22.39		0.21941	0.2349	67.657370766	5.5969
2 0 16			0.03		8.31		21.81		0.21931	0.5935	67.2372591268	11.8907
6 0 0			0.02		8.34		21.29		0.21931	0.7256	54.7363985401	55.434
3 1 13			0.01		8.34		21.14		0.21469	0.3869	59.4126405656	11.7895
1 7 7			0.03		8.37		20.61		0.21469	0.4353	72.3061031614	6.1143
2 2 10			0.02		8.39		20.18		0.21565	0.6429	46.7739448495	44.8949
3 1 9			0.0		8.39		20.17		0.21469	0.36	45.2950695798	8.7768
4 2 8			0.03		8.42		19.65		0.2146	0.7605	51.4203212226	2.5419
5 1 7			0.02		8.44		19.18		0.2146	0.2609	54.1000446603	4.252
1 5 13			0.02		8.46		18.81		0.2134	1.1973	71.2966048402	12.6128
0 4 12			-0.09		8.37		20.68		0.21406	1.4889	60.4300914167	161.7651
4 0 2			-0.1		8.28		22.88		0.21403	1.7854	36.5531212028	138.5255
2 0 10			0.02		8.3		22.35		0.21397	0.6169	42.9543880851	20.236
6 4 2			0.02		8.32		21.85		0.21395	0.2211	67.6401768609	4.8049
0 2 22			-0.04		8.28		22.85		0.21588	1.8317	96.7387030121	97.213
6 0 6			0.0		8.28		22.82		0.21549	1.0815	60.1501886982	39.9969
7 1 7			0.02		8.3		22.37		0.21549	0.3505	72.2660298289	5.0526
2 4 6			-0.01		8.29		22.63		0.21488	0.785	46.7364348384	64.2552
6 4 6			0.01		8.3		22.44		0.21432	0.9247	71.9614498967	41.9809
9 1 1			0.01		8.31		22.15		0.21445	0.8793	87.9915459652	19.6393
3 5 7			0.02		8.33		21.75		0.21445	0.2309	60.5203777188	5.6046
6 0 10			0.01		8.34		21.45		0.21549	1.0728	69.1331306246	8.9056
2 4 14			0.02		8.36		21.06		0.21547	0.5221	70.6383718296	19.4111
1 3 15			0.02		8.38		20.67		0.21535	0.2862	67.3623786269	8.1809
0 6 0			0.01		8.39		20.41		0.21535	1.4277	54.7714555341	59.4019
0 2 2			0.01		8.4		20.29		0.21539	0.4614	19.2417464495	36.8131
3 1 15			0.02		8.42		19.94		0.21532	0.2871	67.3554895111	7.7692
2 2 12			-0.08		8.34		21.67		0.21621	1.9766	54.0147953295	208.0279
0 2 20			0.01		8.35		21.35		0.21535	0.4494	86.0769303832	2.8517
4 4 2			-0.06		8.29		22.76		0.21533	1.2125	52.0311030722	128.6454
2 4 8			0.02		8.31		22.4		0.21529	0.1687	51.4325245866	2.4593
6 2 10			0.01		8.32		22.14		0.21572	0.7103	71.9901825081	43.9921
2 4 10			0.02		8.33		21.8		0.21588	0.607	57.0555982332	12.0937
1 3 13			0.01		8.34		21.64		0.21507	0.3907	59.4200243294	11.5335
7 3 3			-0.02		8.32		22.16		0.21506	1.9283	72.601334037	69.5466
0 6 16			0.01		8.33		21.85		0.2151	0.4825	89.3859051251	7.6515
1 1 15			0.01		8.34		21.64		0.21485	0.656	61.3839959686	20.6242
3 1 7			0.01		8.35		21.35		0.21485	0.257	39.2655360855	5.205
4 2 14			0.01		8.37		21.05		0.21484	1.2576	70.6282605877	19.9713
1 1 13			0.01		8.38		20.87		0.21424	0.3722	52.9310122384	10.9703
4 6 6			0.01		8.38		20.75		0.21408	1.1903	71.9781772466	41.9784
5 5 1			0.01		8.39		20.55		0.21412	0.5073	65.769247456	23.9531
1 1 9			-0.01		8.38		20.84		0.2134	0.2216	37.1193146943	1.1702
4 2 10			0.01		8.39		20.62		0.21365	1.1102	57.0442200735	11.3144
0 0 16			-0.03		8.36		21.26		0.21327	1.3342	64.286058028	116.6634
0 0 20			0.01		8.37		21.06		0.21399	0.4542	83.3712939521	4.3689
3 3 9			0.01		8.37		20.94		0.21382	0.3816	52.4524123761	12.0632
0 6 14			0.01		8.39		20.69		0.21382	0.9096	81.7552219026	27.2955
0 6 6			0.0		8.39		20.69		0.21373	1.0147	60.183190367	40.9583
2 2 16			-0.02		8.36		21.22		0.21347	1.1693	70.1293332912	108.6018
6 0 12			0.01		8.37		20.96		0.21347	0.5892	74.995462768	0.9301
1 7 1			0.01		8.39		20.71		0.21347	0.5219	65.7901743415	26.2984
1 3 5			-0.02		8.37		21.05		0.21338	3.1323	34.189462707	190.138
0 2 8			0.01		8.38		20.83		0.21352	0.1155	35.7619852008	1.7384
0 2 12			0.01		8.39		20.71		0.21353	0.3827	50.6142203783	17.5707
4 4 10			0.01		8.39		20.55		0.21374	0.6886	66.23802526	47.6672
0 6 4			0.0		8.4		20.53		0.2138	0.6675	57.2171401797	42.9768
7 1 5			0.01		8.4		20.36		0.21377	1.5264	69.0427278305	98.726
0 2 10			0.01		8.41		20.13		0.21375	0.4317	42.9590557724	21.0204
3 3 15			0.01		8.42		19.96		0.21408	0.3402	73.0835579415	3.8877
3 5 9			0.01		8.43		19.78		0.21401	0.4755	65.0802252419	19.5165
0 4 20			0.01		8.44		19.57		0.21396	1.027	94.1654323607	18.6345
2 0 12			0.01		8.45		19.46		0.21398	0.8079	50.6101057273	16.6151
0 2 18			-0.05		8.4		20.5		0.21174	0.3755	76.3208597895	3.7538
0 4 16			-0.01		8.38		20.78		0.21158	1.5557	75.7704700384	94.8658
5 1 1			0.01		8.39		20.57		0.21158	0.5346	46.1701152	26.7419
6 0 8			0.01		8.4		20.38		0.21157	2.9234	64.163237895	5.3359
7 1 1			0.01		8.41		20.18		0.21157	0.5207	65.7483230412	25.2044
2 4 0			0.0		8.42		20.12		0.21157	1.4359	40.0960076051	88.2765
7 3 1			0.01		8.42		19.98		0.21158	0.5095	71.5359286583	22.1332
0 4 8			-0.07		8.35		21.54		0.21172	4.1351	47.9021960727	235.0989