HKL Value		Reward		TotalReward	Chi Squared	Z Appr. 	Error	Two-Thetas	Sfs2
7 3 3			0.0		0.0		0.0		0.3	1.9283	72.601334037	69.5466
1 5 7			0.0		0.0		16.23		0.33667	0.6035	54.1236034243	4.2528
7 3 5			0.05		0.05		15.47		0.37601	1.0496	74.7140851895	88.0788
6 4 0			0.5		0.55		10.32		0.37601	1.8287	67.0910631577	58.6803
3 5 5			-0.24		0.31		13.56		0.38169	1.2751	56.9624934876	133.7285
1 3 7			0.23		0.54		10.99		0.38035	0.1893	39.2755843192	5.3372
4 2 10			0.2		0.74		9.16		0.38039	1.1102	57.0442200735	11.3144
5 3 7			0.16		0.91		7.88		0.38006	0.2523	60.5057581853	5.4388
1 1 7			0.13		1.04		6.96		0.37959	0.2012	29.7561292971	6.5386
5 1 7			0.12		1.16		6.21		0.37934	0.2609	54.1000446603	4.252
4 6 0			0.11		1.27		5.59		0.37934	0.7863	67.1083315067	59.4729
3 3 7			0.08		1.35		5.18		0.37877	0.1558	47.1418707618	3.5073
1 7 7			0.09		1.44		4.75		0.37885	0.4353	72.3061031614	6.1143
2 4 8			-0.09		1.35		5.23		0.37956	0.1687	51.4325245866	2.4593
0 2 14			0.07		1.42		4.89		0.37996	0.2479	58.6982494177	6.3292
2 0 14			0.06		1.48		4.6		0.38033	0.2634	58.6945218607	7.3942
6 4 2			0.05		1.53		4.4		0.38038	0.2211	67.6401768609	4.8049
4 0 6			-0.81		0.72		22.96		0.35055	5.3963	42.900258124	488.2208
3 1 13			0.04		0.76		22.05		0.35103	0.3869	59.4126405656	11.7895
0 6 8			0.05		0.81		20.93		0.35216	0.7694	64.1950429677	5.6946
4 2 8			0.05		0.86		19.89		0.35265	0.7605	51.4203212226	2.5419
4 6 2			0.04		0.91		19.07		0.35258	0.2349	67.657370766	5.5969
3 1 1			0.0		0.91		19.02		0.35206	0.5239	28.3131072915	41.7464
6 0 2			0.04		0.95		18.3		0.35223	0.2214	55.354768557	5.4487
7 1 7			0.04		0.99		17.61		0.35206	0.3505	72.2660298289	5.0526
0 2 20			0.04		1.03		16.92		0.35333	0.4494	86.0769303832	2.8517
0 6 2			0.03		1.06		16.38		0.3535	0.2356	55.3895592761	6.1752
2 0 16			0.02		1.08		16.03		0.3523	0.5935	67.2372591268	11.8907
1 5 13			0.03		1.12		15.55		0.36163	1.1973	71.2966048402	12.6128
6 2 8			-0.14		0.98		18.06		0.36304	3.3751	67.1207225085	222.106
1 3 13			0.03		1.01		17.46		0.3631	0.3907	59.4200243294	11.5335
0 2 16			0.03		1.04		16.91		0.36331	1.8687	67.2407114996	13.8307
3 5 7			0.03		1.07		16.44		0.36334	0.2309	60.5203777188	5.6046
5 5 3			-0.01		1.06		16.66		0.36322	0.8107	66.8760743485	64.1048
5 3 9			0.01		1.07		16.48		0.36295	0.4833	65.0662013285	20.8409
4 0 14			-0.03		1.04		16.95		0.36215	1.986	67.7459682929	124.3248
6 0 6			0.02		1.06		16.57		0.36188	1.0815	60.1501886982	39.9969
2 2 0			-0.51		0.56		33.68		0.36188	11.1953	25.0390113278	1035.9387
0 6 16			0.03		0.58		32.8		0.36194	0.4825	89.3859051251	7.6515
4 2 0			0.02		0.6		32.29		0.36194	0.9287	40.0811891304	86.5118
4 2 14			0.02		0.62		31.52		0.36179	1.2576	70.6282605877	19.9713
0 0 10			0.01		0.63		31.22		0.36218	0.8316	38.8438017949	41.7013
3 1 7			0.02		0.66		30.51		0.36219	0.257	39.2655360855	5.205
2 0 8			0.02		0.68		29.81		0.36216	0.1665	35.7565424018	1.5727
6 4 6			0.02		0.7		29.13		0.36216	0.9247	71.9614498967	41.9809
6 0 0			0.02		0.72		28.59		0.36216	0.7256	54.7363985401	55.434
3 1 9			0.02		0.74		28.02		0.36198	0.36	45.2950695798	8.7768
1 1 13			0.02		0.76		27.43		0.36211	0.3722	52.9310122384	10.9703
0 6 6			0.02		0.78		26.93		0.3619	1.0147	60.183190367	40.9583
1 3 9			0.02		0.8		26.42		0.36176	0.2622	45.3040218183	7.1674
4 2 6			0.01		0.82		26.06		0.36142	1.6049	46.7233273538	62.1975
0 2 12			0.02		0.83		25.66		0.361	0.3827	50.6142203783	17.5707
6 0 8			0.02		0.85		25.19		0.36072	2.9234	64.163237895	5.3359
0 0 18			0.01		0.86		24.83		0.36065	0.6609	73.530655613	37.988
3 1 15			0.02		0.88		24.44		0.36083	0.2871	67.3554895111	7.7692
6 0 12			0.02		0.9		23.99		0.36083	0.5892	74.995462768	0.9301
0 6 10			0.01		0.91		23.64		0.36072	0.8527	69.1637693973	8.5049
4 2 12			0.02		0.93		23.23		0.3605	0.2244	63.468523569	4.7972
2 4 6			0.01		0.94		22.97		0.35986	0.785	46.7364348384	64.2552
5 5 1			0.01		0.96		22.69		0.35979	0.5073	65.769247456	23.9531
2 0 12			0.01		0.97		22.36		0.35892	0.8079	50.6101057273	16.6151
5 1 13			0.02		0.99		22.03		0.35957	0.4567	71.2764535317	11.3258
1 1 15			0.01		0.99		21.86		0.3601	0.656	61.3839959686	20.6242
2 4 14			0.02		1.01		21.53		0.35997	0.5221	70.6383718296	19.4111
1 3 15			0.01		1.02		21.25		0.36015	0.2862	67.3623786269	8.1809
4 6 6			0.02		1.04		20.93		0.36025	1.1903	71.9781772466	41.9784
0 2 8			0.02		1.05		20.61		0.36025	0.1155	35.7619852008	1.7384
1 5 5			-0.02		1.03		21.05		0.36099	1.8923	50.2743192378	127.3636
1 5 9			0.01		1.04		20.8		0.36064	0.4394	58.984264935	17.7365
0 0 20			0.0		1.04		20.77		0.3629	0.4542	83.3712939521	4.3689
3 5 1			0.01		1.05		20.67		0.36288	0.5283	53.2544885252	31.9012
0 6 14			0.01		1.06		20.43		0.3628	0.9096	81.7552219026	27.2955
3 5 9			0.01		1.07		20.27		0.3627	0.4755	65.0802252419	19.5165
6 0 10			0.01		1.08		20.06		0.36268	1.0728	69.1331306246	8.9056
9 1 1			0.01		1.09		19.86		0.36267	0.8793	87.9915459652	19.6393
2 4 10			0.01		1.1		19.69		0.36265	0.607	57.0555982332	12.0937
3 3 13			0.01		1.11		19.43		0.36263	0.5636	65.4922780779	9.1158
0 2 18			0.01		1.12		19.2		0.36263	0.3755	76.3208597895	3.7538
5 1 1			0.01		1.13		19.1		0.36263	0.5346	46.1701152	26.7419
3 3 9			0.01		1.14		18.92		0.36255	0.3816	52.4524123761	12.0632
0 4 8			-0.05		1.09		19.93		0.36281	4.1351	47.9021960727	235.0989
0 4 16			0.01		1.1		19.73		0.36303	1.5557	75.7704700384	94.8658
5 1 9			0.01		1.11		19.57		0.36294	0.4583	58.9619928854	19.0838
7 1 1			0.01		1.11		19.46		0.36293	0.5207	65.7483230412	25.2044
3 3 15			0.01		1.12		19.24		0.36294	0.3402	73.0835579415	3.8877
5 5 7			0.01		1.13		19.03		0.36294	0.6639	72.2860687267	4.3062
2 4 12			0.01		1.15		18.82		0.36292	0.2205	63.4791913795	4.8908
0 4 20			0.01		1.16		18.61		0.36297	1.027	94.1654323607	18.6345
2 2 14			-0.0		1.15		18.69		0.3628	1.0835	61.7979105177	101.9829
1 1 9			0.01		1.16		18.49		0.3628	0.2216	37.1193146943	1.1702
2 2 10			-0.0		1.16		18.5		0.3629	0.6429	46.7739448495	44.8949
6 2 10			0.0		1.16		18.5		0.36302	0.7103	71.9901825081	43.9921
4 4 10			-0.0		1.16		18.54		0.36315	0.6886	66.23802526	47.6672
0 6 0			0.01		1.17		18.41		0.36314	1.4277	54.7714555341	59.4019
1 7 1			0.0		1.17		18.33		0.36314	0.5219	65.7901743415	26.2984
4 0 10			-0.0		1.17		18.34		0.36325	0.6243	53.7713327333	45.2096
7 3 1			0.01		1.18		18.22		0.36325	0.5095	71.5359286583	22.1332
1 5 1			0.0		1.18		18.16		0.36324	0.4978	46.196563203	27.3004
2 4 2			0.01		1.19		18.05		0.36324	0.3828	40.8766170199	13.2501
4 2 2			0.01		1.19		17.94		0.36324	0.457	40.8620305525	12.2524
3 7 5			0.0		1.2		17.9		0.36335	1.0548	74.7470539899	89.5814
1 1 1			-0.0		1.19		17.97		0.36334	0.5749	13.0194761966	56.7652