HKL Value		Reward		TotalReward	Chi Squared	Z Appr. 	Error	Two-Thetas	Sfs2
3 5 3			0.0		0.0		0.0		0.3	0.9259	54.5093201099	87.7589
3 1 13			0.0		0.0		43.87		0.28781	0.3869	59.4126405656	11.7895
2 2 10			0.73		0.73		25.36		0.28345	0.6429	46.7739448495	44.8949
4 4 10			0.47		1.2		17.28		0.28169	0.6886	66.23802526	47.6672
3 3 9			0.23		1.43		14.06		0.28147	0.3816	52.4524123761	12.0632
0 2 12			0.09		1.51		12.92		0.28014	0.3827	50.6142203783	17.5707
0 0 2			-0.47		1.05		24.36		0.28011	1.161	7.62646333295	98.931
1 5 13			0.14		1.18		21.44		0.28184	1.1973	71.2966048402	12.6128
6 0 12			0.14		1.32		18.79		0.28184	0.5892	74.995462768	0.9301
5 5 7			-0.64		0.68		52.64		0.26766	0.6639	72.2860687267	4.3062
0 2 14			0.1		0.78		47.67		0.26755	0.2479	58.6982494177	6.3292
3 3 11			-0.07		0.71		51.27		0.26812	2.1204	58.6030846927	249.5822
6 4 0			0.09		0.8		46.99		0.26812	1.8287	67.0910631577	58.6803
4 2 0			0.06		0.86		44.36		0.26812	0.9287	40.0811891304	86.5118
4 4 4			0.07		0.94		41.3		0.26818	0.8476	53.9354251327	76.9211
0 2 8			0.07		1.01		38.56		0.26815	0.1155	35.7619852008	1.7384
3 3 1			0.06		1.07		36.28		0.26812	0.5106	38.1558496662	33.1617
0 2 16			0.05		1.12		34.58		0.26785	1.8687	67.2407114996	13.8307
0 6 6			0.01		1.13		34.33		0.26791	1.0147	60.183190367	40.9583
3 3 15			-0.09		1.04		37.59		0.27492	0.3402	73.0835579415	3.8877
2 4 10			0.05		1.09		35.85		0.27555	0.607	57.0555982332	12.0937
1 5 5			-0.08		1.01		38.77		0.27504	1.8923	50.2743192378	127.3636
1 3 13			0.04		1.05		37.29		0.2752	0.3907	59.4200243294	11.5335
2 0 2			0.03		1.08		36.19		0.27513	0.6502	19.2320929378	35.9547
6 0 0			0.04		1.12		34.88		0.27513	0.7256	54.7363985401	55.434
3 5 9			0.03		1.15		33.89		0.2752	0.4755	65.0802252419	19.5165
1 3 9			0.04		1.19		32.62		0.27526	0.2622	45.3040218183	7.1674
0 6 4			0.02		1.21		31.9		0.27493	0.6675	57.2171401797	42.9768
0 4 4			0.04		1.25		30.79		0.27507	0.8482	39.0545896029	78.0016
1 5 11			-0.03		1.22		31.83		0.27455	1.8219	64.7342781598	204.7444
1 1 11			-0.12		1.1		36.14		0.27407	2.144	44.8525636461	378.5934
5 5 1			0.03		1.13		34.97		0.27406	0.5073	65.769247456	23.9531
3 1 7			-0.14		0.99		40.7		0.26369	0.257	39.2655360855	5.205
3 3 13			0.03		1.02		39.61		0.26363	0.5636	65.4922780779	9.1158
1 1 15			0.03		1.05		38.47		0.26349	0.656	61.3839959686	20.6242
3 5 7			-0.05		1.0		40.52		0.26027	0.2309	60.5203777188	5.6046
5 3 9			0.02		1.01		39.79		0.26025	0.4833	65.0662013285	20.8409
2 0 14			0.03		1.04		38.71		0.26025	0.2634	58.6945218607	7.3942
1 3 15			0.01		1.05		38.25		0.25905	0.2862	67.3623786269	8.1809
0 6 2			0.03		1.08		37.28		0.25905	0.2356	55.3895592761	6.1752
2 4 14			0.02		1.1		36.51		0.2588	0.5221	70.6383718296	19.4111
4 0 12			0.02		1.12		35.72		0.25853	2.7435	60.4154589103	161.2613
1 3 1			0.02		1.15		34.97		0.2585	0.5324	28.3265170018	42.1271
0 2 20			0.02		1.17		34.18		0.25844	0.4494	86.0769303832	2.8517
4 6 2			0.02		1.19		33.41		0.25844	0.2349	67.657370766	5.5969
4 2 8			0.02		1.21		32.83		0.25865	0.7605	51.4203212226	2.5419
3 7 1			0.02		1.23		32.12		0.25866	1.2822	71.5694631273	22.2453
0 6 8			0.02		1.25		31.53		0.25884	0.7694	64.1950429677	5.6946
1 1 9			0.02		1.27		30.88		0.25884	0.2216	37.1193146943	1.1702
0 2 18			0.02		1.29		30.25		0.25876	0.3755	76.3208597895	3.7538
2 4 2			0.02		1.31		29.69		0.25875	0.3828	40.8766170199	13.2501
0 6 14			0.01		1.32		29.38		0.25853	0.9096	81.7552219026	27.2955
4 0 10			0.0		1.32		29.28		0.25869	0.6243	53.7713327333	45.2096
1 7 7			-0.02		1.31		29.81		0.25702	0.4353	72.3061031614	6.1143
2 2 8			-0.04		1.27		30.96		0.2567	1.8488	40.1384116224	216.1995
4 0 4			0.02		1.29		30.47		0.2567	1.2165	39.0343929222	79.1487
0 4 2			-0.05		1.24		31.97		0.25671	3.2657	36.5744795411	137.7475
2 0 8			0.02		1.26		31.43		0.25678	0.1665	35.7565424018	1.5727
2 0 0			-0.01		1.25		31.69		0.25678	2.02	17.6289686615	175.6782
2 4 12			-0.04		1.21		32.99		0.25935	0.2205	63.4791913795	4.8908
7 1 1			0.02		1.23		32.45		0.25935	0.5207	65.7483230412	25.2044
5 3 1			0.02		1.24		31.94		0.25934	0.5252	53.2386121167	32.835
1 1 13			0.01		1.26		31.5		0.25924	0.3722	52.9310122384	10.9703
1 3 7			-0.03		1.23		32.35		0.25731	0.1893	39.2755843192	5.3372
1 7 1			0.02		1.24		31.86		0.25729	0.5219	65.7901743415	26.2984
4 0 6			-0.16		1.09		37.74		0.2574	5.3963	42.900258124	488.2208
5 3 7			-0.01		1.08		38.08		0.25494	0.2523	60.5057581853	5.4388
4 6 0			0.02		1.09		37.51		0.25492	0.7863	67.1083315067	59.4729
1 3 5			0.03		1.13		36.4		0.24055	3.1323	34.189462707	190.138
1 5 9			0.01		1.14		35.88		0.24058	0.4394	58.984264935	17.7365
0 4 16			0.01		1.15		35.37		0.24065	1.5557	75.7704700384	94.8658
3 3 5			-0.01		1.14		35.74		0.24041	1.3995	42.8396693434	151.0913
5 1 13			-0.0		1.14		35.91		0.24172	0.4567	71.2764535317	11.3258
3 1 1			0.01		1.15		35.45		0.24172	0.5239	28.3131072915	41.7464
5 1 11			-0.04		1.11		37.07		0.2421	3.2753	64.7131722767	203.727
3 1 15			0.01		1.12		36.63		0.2421	0.2871	67.3554895111	7.7692
1 5 1			0.01		1.13		36.15		0.24209	0.4978	46.196563203	27.3004
2 2 14			-0.02		1.12		36.77		0.24201	1.0835	61.7979105177	101.9829
6 4 4			0.01		1.13		36.38		0.24201	0.6669	69.2748711385	33.991
0 2 6			-0.02		1.1		37.22		0.24197	1.1672	29.1471999487	131.5155
5 1 9			0.01		1.12		36.75		0.24196	0.4583	58.9619928854	19.0838
0 6 0			0.01		1.13		36.38		0.24196	1.4277	54.7714555341	59.4019
5 1 3			-0.01		1.12		36.72		0.24203	0.9592	47.5591860667	88.1873
7 1 5			0.0		1.12		36.66		0.24181	1.5264	69.0427278305	98.726
3 1 3			-0.01		1.12		36.85		0.24181	1.2003	30.3814370344	67.5761
2 4 8			0.01		1.12		36.5		0.2417	0.1687	51.4325245866	2.4593
0 4 20			0.01		1.13		36.27		0.24063	1.027	94.1654323607	18.6345
6 2 10			0.0		1.14		36.11		0.24053	0.7103	71.9901825081	43.9921
0 0 18			0.01		1.15		35.7		0.24058	0.6609	73.530655613	37.988
0 6 10			0.01		1.16		35.35		0.2406	0.8527	69.1637693973	8.5049
4 2 2			0.01		1.17		34.97		0.2406	0.457	40.8620305525	12.2524
6 0 2			0.01		1.18		34.59		0.2406	0.2214	55.354768557	5.4487
7 3 1			0.01		1.19		34.23		0.2406	0.5095	71.5359286583	22.1332
1 1 1			0.01		1.2		33.9		0.2406	0.5749	13.0194761966	56.7652
3 1 9			0.01		1.21		33.55		0.24066	0.36	45.2950695798	8.7768
1 5 3			-0.01		1.2		33.86		0.24072	0.9511	47.585042181	85.8034
2 2 4			0.01		1.21		33.53		0.24072	0.7551	29.4672289371	73.6026
4 6 4			0.01		1.22		33.25		0.24072	1.0731	69.291881243	33.3045
6 4 2			0.01		1.23		32.92		0.24072	0.2211	67.6401768609	4.8049
2 0 16			0.01		1.24		32.6		0.24061	0.5935	67.2372591268	11.8907
9 1 1			0.01		1.25		32.3		0.24061	0.8793	87.9915459652	19.6393
4 2 14			0.01		1.26		32.05		0.24072	1.2576	70.6282605877	19.9713