HKL Value		Reward		TotalReward	Chi Squared	Z Appr. 	Error	Two-Thetas	Sfs2
1 5 7			0.0		0.0		0.0		0.3	0.6035	54.1236034243	4.2528
6 4 0			0.0		0.0		0.01		0.33737	1.8287	67.0910631577	58.6803
1 3 7			1.0		1.0		0.01		0.33738	0.1893	39.2755843192	5.3372
5 3 7			-0.38		0.62		0.01		0.33706	0.2523	60.5057581853	5.4388
1 1 7			-0.18		0.44		0.01		0.33731	0.2012	29.7561292971	6.5386
4 6 0			-0.31		0.12		0.02		0.33731	0.7863	67.1083315067	59.4729
0 2 14			-0.92		-0.8		0.24		0.33545	0.2479	58.6982494177	6.3292
0 6 8			-0.42		-1.22		0.42		0.33487	0.7694	64.1950429677	5.6946
3 3 7			-0.14		-1.36		0.49		0.33569	0.1558	47.1418707618	3.5073
6 0 2			-0.33		-1.69		0.73		0.33567	0.2214	55.354768557	5.4487
2 0 14			-0.06		-1.75		0.78		0.33476	0.2634	58.6945218607	7.3942
3 3 11			-0.91		-2.66		8.53		0.36313	2.1204	58.6030846927	249.5822
0 6 2			0.07		-2.59		7.99		0.36328	0.2356	55.3895592761	6.1752
4 6 2			0.05		-2.54		7.59		0.36331	0.2349	67.657370766	5.5969
3 3 9			0.03		-2.51		7.37		0.36217	0.3816	52.4524123761	12.0632
2 0 16			0.07		-2.44		6.89		0.36293	0.5935	67.2372591268	11.8907
1 7 7			0.04		-2.4		6.61		0.36299	0.4353	72.3061031614	6.1143
2 6 8			-0.4		-2.8		11.07		0.36468	4.3291	67.1483383839	218.3417
5 1 7			0.05		-2.75		10.52		0.36474	0.2609	54.1000446603	4.252
6 0 0			0.03		-2.72		10.21		0.36474	0.7256	54.7363985401	55.434
7 3 1			0.02		-2.7		10.04		0.36467	0.5095	71.5359286583	22.1332
4 2 8			0.03		-2.68		9.79		0.36395	0.7605	51.4203212226	2.5419
5 1 9			0.01		-2.66		9.68		0.36324	0.4583	58.9619928854	19.0838
3 1 13			0.05		-2.62		9.26		0.36332	0.3869	59.4126405656	11.7895
0 0 2			-0.22		-2.84		11.83		0.36354	1.161	7.62646333295	98.931
1 5 13			0.04		-2.79		11.36		0.36361	1.1973	71.2966048402	12.6128
6 4 2			0.03		-2.76		11.01		0.36362	0.2211	67.6401768609	4.8049
6 0 6			0.02		-2.74		10.75		0.36328	1.0815	60.1501886982	39.9969
3 1 9			0.03		-2.71		10.48		0.36303	0.36	45.2950695798	8.7768
7 1 7			0.03		-2.68		10.18		0.36306	0.3505	72.2660298289	5.0526
0 2 16			0.03		-2.65		9.85		0.36335	1.8687	67.2407114996	13.8307
3 5 7			0.03		-2.62		9.59		0.36338	0.2309	60.5203777188	5.6046
6 4 6			0.03		-2.59		9.3		0.36332	0.9247	71.9614498967	41.9809
2 4 6			-0.01		-2.6		9.35		0.36288	0.785	46.7364348384	64.2552
2 4 14			0.02		-2.57		9.13		0.36265	0.5221	70.6383718296	19.4111
1 3 13			0.03		-2.54		8.87		0.36276	0.3907	59.4200243294	11.5335
6 2 6			-0.34		-2.88		13.41		0.36147	3.9921	63.2107357729	344.5633
0 6 10			0.02		-2.86		13.16		0.36137	0.8527	69.1637693973	8.5049
3 1 15			0.02		-2.84		12.9		0.36153	0.2871	67.3554895111	7.7692
0 6 16			0.03		-2.82		12.57		0.36166	0.4825	89.3859051251	7.6515
1 3 15			0.02		-2.8		12.34		0.36179	0.2862	67.3623786269	8.1809
2 4 8			0.02		-2.78		12.1		0.36149	0.1687	51.4325245866	2.4593
0 2 20			0.02		-2.76		11.83		0.36167	0.4494	86.0769303832	2.8517
3 1 7			0.02		-2.73		11.59		0.36169	0.257	39.2655360855	5.205
2 4 10			0.01		-2.73		11.48		0.36161	0.607	57.0555982332	12.0937
1 1 13			0.02		-2.7		11.24		0.36178	0.3722	52.9310122384	10.9703
4 2 14			0.02		-2.68		11.02		0.36165	1.2576	70.6282605877	19.9713
1 1 15			0.0		-2.68		11.01		0.36184	0.656	61.3839959686	20.6242
2 2 12			-0.14		-2.82		12.76		0.35868	1.9766	54.0147953295	208.0279
4 2 10			0.02		-2.8		12.5		0.35142	1.1102	57.0442200735	11.3144
0 0 6			-0.36		-3.16		19.53		0.3494	7.4326	23.0169618987	709.6598
4 2 12			0.0		-3.15		19.43		0.35201	0.2244	63.468523569	4.7972
0 0 20			-0.04		-3.19		20.26		0.36218	0.4542	83.3712939521	4.3689
0 2 2			-0.01		-3.2		20.39		0.36217	0.4614	19.2417464495	36.8131
4 6 6			0.02		-3.18		20.01		0.36217	1.1903	71.9781772466	41.9784
0 6 14			0.02		-3.17		19.7		0.36208	0.9096	81.7552219026	27.2955
6 0 12			0.02		-3.15		19.35		0.36208	0.5892	74.995462768	0.9301
2 0 8			0.02		-3.13		19.02		0.36206	0.1665	35.7565424018	1.5727
2 4 0			0.0		-3.13		18.93		0.36206	1.4359	40.0960076051	88.2765
0 6 6			0.01		-3.11		18.67		0.36198	1.0147	60.183190367	40.9583
9 1 1			0.01		-3.1		18.44		0.36197	0.8793	87.9915459652	19.6393
2 0 0			-0.02		-3.12		18.9		0.36197	2.02	17.6289686615	175.6782
0 0 14			0.0		-3.12		18.85		0.3618	0.8389	55.4890953336	74.9432
5 5 1			0.01		-3.11		18.65		0.36179	0.5073	65.769247456	23.9531
1 7 1			0.01		-3.1		18.53		0.36178	0.5219	65.7901743415	26.2984
1 1 9			0.02		-3.09		18.25		0.36178	0.2216	37.1193146943	1.1702
0 2 8			0.02		-3.07		17.97		0.36176	0.1155	35.7619852008	1.7384
0 0 16			0.0		-3.07		17.91		0.36222	1.3342	64.286058028	116.6634
5 3 9			0.01		-3.06		17.79		0.36212	0.4833	65.0662013285	20.8409
0 6 0			0.01		-3.05		17.63		0.36212	1.4277	54.7714555341	59.4019
4 6 4			0.0		-3.05		17.56		0.36214	1.0731	69.291881243	33.3045
3 5 9			0.01		-3.04		17.43		0.36204	0.4755	65.0802252419	19.5165
0 4 20			0.01		-3.03		17.21		0.36224	1.027	94.1654323607	18.6345
6 0 10			0.01		-3.02		17.03		0.36221	1.0728	69.1331306246	8.9056
2 6 10			-0.0		-3.02		17.07		0.36233	0.7069	72.0169435829	44.7171
3 3 15			0.01		-3.01		16.86		0.36235	0.3402	73.0835579415	3.8877
2 0 12			0.01		-3.0		16.72		0.36226	0.8079	50.6101057273	16.6151
0 2 18			0.01		-2.99		16.52		0.36226	0.3755	76.3208597895	3.7538
0 4 6			-0.18		-3.16		20.04		0.36192	3.7688	42.9189471786	481.9509
0 4 16			0.01		-3.16		19.85		0.36217	1.5557	75.7704700384	94.8658
0 4 18			0.01		-3.14		19.61		0.36217	0.8369	84.5238780681	17.4513
2 2 16			0.01		-3.14		19.49		0.36249	1.1693	70.1293332912	108.6018
5 1 1			0.0		-3.13		19.39		0.36248	0.5346	46.1701152	26.7419
6 0 8			0.01		-3.12		19.19		0.36242	2.9234	64.163237895	5.3359
4 0 8			-0.05		-3.17		20.25		0.36263	2.9483	47.8850437629	244.3799
7 1 1			0.01		-3.17		20.14		0.36262	0.5207	65.7483230412	25.2044
5 1 13			0.01		-3.16		19.91		0.36264	0.4567	71.2764535317	11.3258
4 0 10			0.0		-3.16		19.9		0.36274	0.6243	53.7713327333	45.2096
0 2 4			-0.03		-3.19		20.51		0.36277	1.326	23.4223631322	110.0283
2 2 10			0.0		-3.19		20.5		0.36288	0.6429	46.7739448495	44.8949
1 5 1			0.0		-3.18		20.41		0.36287	0.4978	46.196563203	27.3004
4 2 2			0.01		-3.17		20.26		0.36287	0.457	40.8620305525	12.2524
6 0 4			-0.0		-3.17		20.29		0.36289	0.7069	57.1830782131	42.6751
3 7 5			0.0		-3.17		20.23		0.36298	1.0548	74.7470539899	89.5814
7 1 5			-0.0		-3.17		20.28		0.36309	1.5264	69.0427278305	98.726
4 4 10			-0.0		-3.17		20.29		0.3632	0.6886	66.23802526	47.6672
3 3 13			0.01		-3.16		20.08		0.36317	0.5636	65.4922780779	9.1158
3 7 1			0.01		-3.16		19.94		0.36316	1.2822	71.5694631273	22.2453
2 4 2			0.01		-3.15		19.82		0.36316	0.3828	40.8766170199	13.2501
0 0 18			0.01		-3.14		19.68		0.36321	0.6609	73.530655613	37.988
1 3 1			-0.0		-3.14		19.68		0.36321	0.5324	28.3265170018	42.1271
0 2 10			0.0		-3.14		19.62		0.36318	0.4317	42.9590557724	21.0204