HKL Value		Reward		TotalReward	Chi Squared	Z Appr. 	Error	Two-Thetas	Sfs2
1 5 7			0.0		0.0		0.0		0.3	0.6035	54.1236034243	4.2528
0 4 10			0.0		0.0		10.64		0.32853	0.9893	53.7871001638	44.1425
6 4 0			1.0		1.0		5.32		0.32853	1.8287	67.0910631577	58.6803
3 3 1			-0.21		0.79		6.74		0.3282	0.5106	38.1558496662	33.1617
4 0 10			0.1		0.89		6.11		0.32595	0.6243	53.7713327333	45.2096
1 3 7			-0.03		0.86		6.31		0.32831	0.1893	39.2755843192	5.3372
1 1 7			0.04		0.9		6.04		0.33	0.2012	29.7561292971	6.5386
5 1 7			0.09		1.0		5.52		0.33104	0.2609	54.1000446603	4.252
4 6 4			-0.27		0.72		7.6		0.33136	1.0731	69.291881243	33.3045
2 0 2			-0.17		0.55		9.16		0.33113	0.6502	19.2320929378	35.9547
6 0 6			0.08		0.64		8.46		0.33106	1.0815	60.1501886982	39.9969
5 3 7			0.08		0.72		7.8		0.33173	0.2523	60.5057581853	5.4388
4 6 0			0.09		0.81		7.16		0.33173	0.7863	67.1083315067	59.4729
3 3 7			0.05		0.86		6.85		0.33289	0.1558	47.1418707618	3.5073
1 7 7			0.08		0.93		6.36		0.33303	0.4353	72.3061031614	6.1143
0 2 2			-0.15		0.79		7.45		0.33283	0.4614	19.2417464495	36.8131
3 3 13			0.06		0.85		7.03		0.33233	0.5636	65.4922780779	9.1158
2 0 14			0.06		0.91		6.62		0.33228	0.2634	58.6945218607	7.3942
1 3 13			0.05		0.95		6.34		0.33183	0.3907	59.4200243294	11.5335
0 2 14			0.05		1.01		6.01		0.33197	0.2479	58.6982494177	6.3292
0 6 8			0.05		1.06		5.74		0.33186	0.7694	64.1950429677	5.6946
2 6 0			-0.69		0.36		18.59		0.33186	4.3567	58.0028534629	558.9791
6 4 2			0.04		0.41		17.8		0.33183	0.2211	67.6401768609	4.8049
1 5 5			-0.15		0.26		20.99		0.33229	1.8923	50.2743192378	127.3636
4 2 8			0.04		0.3		20.16		0.33257	0.7605	51.4203212226	2.5419
1 1 11			-0.19		0.11		24.85		0.36447	2.144	44.8525636461	378.5934
5 3 9			0.02		0.13		24.33		0.36407	0.4833	65.0662013285	20.8409
7 1 3			-0.01		0.12		24.54		0.36381	1.4031	66.8553232335	91.2915
5 1 13			0.04		0.16		23.67		0.36368	0.4567	71.2764535317	11.3258
0 0 6			-0.36		-0.2		37.01		0.36083	7.4326	23.0169618987	709.6598
6 0 4			0.01		-0.19		36.56		0.36102	0.7069	57.1830782131	42.6751
0 4 2			-0.04		-0.23		38.2		0.36152	3.2657	36.5744795411	137.7475
4 6 2			0.03		-0.2		37.09		0.36152	0.2349	67.657370766	5.5969
6 0 2			0.03		-0.17		36.02		0.36157	0.2214	55.354768557	5.4487
1 5 9			0.03		-0.15		35.08		0.36085	0.4394	58.984264935	17.7365
3 3 5			-0.02		-0.17		35.74		0.36219	1.3995	42.8396693434	151.0913
7 1 7			0.03		-0.14		34.79		0.36221	0.3505	72.2660298289	5.0526
5 1 11			-0.02		-0.16		35.47		0.36245	3.2753	64.7131722767	203.727
0 2 20			0.03		-0.13		34.54		0.36263	0.4494	86.0769303832	2.8517
2 0 16			0.03		-0.1		33.66		0.36281	0.5935	67.2372591268	11.8907
0 6 2			0.02		-0.08		32.87		0.36283	0.2356	55.3895592761	6.1752
3 1 13			0.02		-0.05		32.07		0.36292	0.3869	59.4126405656	11.7895
0 6 10			0.02		-0.03		31.41		0.36288	0.8527	69.1637693973	8.5049
1 5 13			0.02		-0.01		30.69		0.36298	1.1973	71.2966048402	12.6128
0 2 16			0.02		0.01		30.0		0.36315	1.8687	67.2407114996	13.8307
3 5 7			0.02		0.03		29.38		0.36316	0.2309	60.5203777188	5.6046
0 6 16			0.02		0.06		28.74		0.36305	0.4825	89.3859051251	7.6515
4 2 14			0.02		0.08		28.17		0.36293	1.2576	70.6282605877	19.9713
3 1 7			0.02		0.1		27.62		0.36294	0.257	39.2655360855	5.205
3 3 15			0.02		0.12		27.07		0.36297	0.3402	73.0835579415	3.8877
3 1 9			0.02		0.13		26.59		0.36288	0.36	45.2950695798	8.7768
2 4 12			0.02		0.15		26.1		0.36281	0.2205	63.4791913795	4.8908
2 0 8			0.02		0.17		25.6		0.36278	0.1665	35.7565424018	1.5727
4 0 12			-0.04		0.14		26.53		0.3618	2.7435	60.4154589103	161.2613
1 1 17			-0.04		0.1		27.64		0.35851	2.447	70.2810461715	248.4175
6 0 0			0.02		0.11		27.22		0.3585	0.7256	54.7363985401	55.434
6 4 6			0.02		0.13		26.74		0.35874	0.9247	71.9614498967	41.9809
1 1 13			0.02		0.15		26.31		0.3593	0.3722	52.9310122384	10.9703
0 6 6			0.02		0.16		25.89		0.35898	1.0147	60.183190367	40.9583
4 2 6			0.01		0.18		25.55		0.35839	1.6049	46.7233273538	62.1975
3 1 5			-0.04		0.14		26.59		0.35969	2.8985	34.1781376955	186.2389
0 6 4			0.0		0.14		26.55		0.3598	0.6675	57.2171401797	42.9768
3 7 3			0.0		0.14		26.48		0.35963	0.8954	72.6346668965	71.6226
1 3 3			0.0		0.14		26.43		0.35944	0.7045	30.3940112777	66.1614
0 2 12			0.01		0.16		26.07		0.35879	0.3827	50.6142203783	17.5707
2 4 8			0.02		0.17		25.68		0.35848	0.1687	51.4325245866	2.4593
0 0 4			-0.01		0.16		25.91		0.35833	0.8482	15.2869714585	59.1035
6 0 8			0.01		0.18		25.53		0.35814	2.9234	64.163237895	5.3359
0 2 8			0.01		0.19		25.16		0.35816	0.1155	35.7619852008	1.7384
4 4 4			-0.01		0.18		25.52		0.35798	0.8476	53.9354251327	76.9211
3 1 15			0.01		0.19		25.21		0.35808	0.2871	67.3554895111	7.7692
2 2 10			0.0		0.19		25.21		0.35865	0.6429	46.7739448495	44.8949
0 6 14			0.01		0.2		24.88		0.35855	0.9096	81.7552219026	27.2955
6 2 0			-0.12		0.08		28.41		0.35855	4.3933	57.9728440251	566.5186
6 0 12			0.01		0.09		28.03		0.35882	0.5892	74.995462768	0.9301
2 4 6			0.01		0.1		27.74		0.35841	0.785	46.7364348384	64.2552
4 2 12			0.01		0.12		27.38		0.35835	0.2244	63.468523569	4.7972
0 0 20			-0.0		0.11		27.5		0.36204	0.4542	83.3712939521	4.3689
2 2 0			-0.22		-0.11		35.48		0.36204	11.1953	25.0390113278	1035.9387
5 5 1			0.01		-0.1		35.11		0.36203	0.5073	65.769247456	23.9531
1 1 15			0.01		-0.09		34.8		0.3621	0.656	61.3839959686	20.6242
1 7 3			0.0		-0.09		34.72		0.36205	0.9932	66.8968211493	90.2271
3 1 11			-0.03		-0.12		35.68		0.36212	2.3814	52.0481274199	292.2152
2 4 14			0.01		-0.11		35.27		0.36207	0.5221	70.6383718296	19.4111
2 0 12			0.01		-0.1		34.92		0.36198	0.8079	50.6101057273	16.6151
5 1 9			0.01		-0.09		34.57		0.36187	0.4583	58.9619928854	19.0838
0 0 10			0.01		-0.08		34.4		0.362	0.8316	38.8438017949	41.7013
1 5 3			0.0		-0.08		34.28		0.36195	0.9511	47.585042181	85.8034
1 3 15			0.01		-0.07		33.93		0.36198	0.2862	67.3623786269	8.1809
4 6 6			0.01		-0.05		33.55		0.36198	1.1903	71.9781772466	41.9784
4 2 10			0.01		-0.05		33.25		0.36196	1.1102	57.0442200735	11.3144
3 5 9			0.01		-0.04		32.97		0.36187	0.4755	65.0802252419	19.5165
6 0 10			0.01		-0.03		32.67		0.36185	1.0728	69.1331306246	8.9056
9 1 1			0.01		-0.02		32.37		0.36185	0.8793	87.9915459652	19.6393
2 4 10			0.01		-0.01		32.1		0.36182	0.607	57.0555982332	12.0937
1 1 5			-0.03		-0.04		32.95		0.36206	1.9661	22.8949597146	247.5537
2 2 16			0.01		-0.03		32.71		0.36242	1.1693	70.1293332912	108.6018
3 3 9			0.01		-0.02		32.42		0.36235	0.3816	52.4524123761	12.0632
0 0 18			0.01		-0.01		32.15		0.36238	0.6609	73.530655613	37.988
0 2 18			0.01		-0.0		31.84		0.36239	0.3755	76.3208597895	3.7538
0 4 16			0.01		0.01		31.56		0.36263	1.5557	75.7704700384	94.8658
5 1 3			0.0		0.01		31.51		0.36258	0.9592	47.5591860667	88.1873