HKL Value		Reward		TotalReward	Chi Squared	Z Appr. 	Error	Two-Thetas	Sfs2
1 5 7			0.0		0.0		0.0		0.3	0.6035	54.1236034243	4.2528
6 4 0			0.0		0.0		0.01		0.33737	1.8287	67.0910631577	58.6803
1 3 7			1.0		1.0		0.01		0.33738	0.1893	39.2755843192	5.3372
5 3 7			-0.38		0.62		0.01		0.33706	0.2523	60.5057581853	5.4388
1 1 7			-0.18		0.44		0.01		0.33731	0.2012	29.7561292971	6.5386
4 4 4			-1.0		-0.56		7.65		0.33483	0.8476	53.9354251327	76.9211
5 1 7			0.19		-0.37		6.4		0.33524	0.2609	54.1000446603	4.252
4 6 0			0.17		-0.2		5.5		0.33524	0.7863	67.1083315067	59.4729
3 3 7			0.12		-0.08		4.91		0.33608	0.1558	47.1418707618	3.5073
1 7 7			0.12		0.04		4.38		0.33589	0.4353	72.3061031614	6.1143
6 0 12			-0.18		-0.14		5.34		0.37688	0.5892	74.995462768	0.9301
0 2 14			0.07		-0.08		5.01		0.37817	0.2479	58.6982494177	6.3292
2 0 14			0.06		-0.01		4.72		0.37908	0.2634	58.6945218607	7.3942
6 4 2			0.06		0.04		4.46		0.37916	0.2211	67.6401768609	4.8049
6 2 2			-0.52		-0.48		9.32		0.37979	3.3001	58.5687226088	135.1206
0 6 8			0.02		-0.46		9.18		0.38026	0.7694	64.1950429677	5.6946
4 2 8			-0.0		-0.47		9.21		0.38089	0.7605	51.4203212226	2.5419
3 1 13			0.02		-0.45		9.02		0.36219	0.3869	59.4126405656	11.7895
0 2 10			-0.03		-0.47		9.27		0.36148	0.4317	42.9590557724	21.0204
4 6 2			0.04		-0.43		8.92		0.36151	0.2349	67.657370766	5.5969
6 0 2			0.04		-0.39		8.57		0.3617	0.2214	55.354768557	5.4487
7 1 7			0.04		-0.35		8.24		0.36184	0.3505	72.2660298289	5.0526
0 2 20			0.05		-0.31		7.88		0.36266	0.4494	86.0769303832	2.8517
2 0 2			-0.09		-0.4		8.67		0.36259	0.6502	19.2320929378	35.9547
0 6 2			0.03		-0.37		8.4		0.36268	0.2356	55.3895592761	6.1752
2 0 16			0.04		-0.32		8.07		0.36306	0.5935	67.2372591268	11.8907
3 1 7			0.03		-0.29		7.81		0.3631	0.257	39.2655360855	5.205
1 5 13			0.04		-0.25		7.53		0.36325	1.1973	71.2966048402	12.6128
1 3 13			0.04		-0.22		7.26		0.36329	0.3907	59.4200243294	11.5335
0 0 12			-0.35		-0.57		11.23		0.3539	3.2426	47.0346015839	274.3783
0 2 16			0.01		-0.56		11.14		0.35388	1.8687	67.2407114996	13.8307
3 5 7			0.03		-0.54		10.84		0.35385	0.2309	60.5203777188	5.6046
0 4 2			-0.19		-0.72		13.36		0.35429	3.2657	36.5744795411	137.7475
5 1 13			0.02		-0.7		13.11		0.35486	0.4567	71.2764535317	11.3258
6 0 6			0.03		-0.68		12.73		0.35466	1.0815	60.1501886982	39.9969
4 2 14			0.03		-0.65		12.39		0.35485	1.2576	70.6282605877	19.9713
2 2 6			-0.43		-1.08		21.67		0.35259	8.3224	34.2684003079	615.2447
0 6 16			0.02		-1.05		21.18		0.3524	0.4825	89.3859051251	7.6515
2 0 8			0.03		-1.03		20.64		0.35242	0.1665	35.7565424018	1.5727
6 0 0			0.02		-1.01		20.23		0.35242	0.7256	54.7363985401	55.434
6 4 6			0.02		-0.99		19.81		0.35278	0.9247	71.9614498967	41.9809
3 1 9			0.02		-0.96		19.34		0.35301	0.36	45.2950695798	8.7768
3 5 5			-0.05		-1.01		20.31		0.35408	1.2751	56.9624934876	133.7285
0 6 6			0.02		-0.99		19.85		0.35396	1.0147	60.183190367	40.9583
1 1 13			0.02		-0.97		19.51		0.35423	0.3722	52.9310122384	10.9703
0 4 18			0.02		-0.95		19.1		0.35502	0.8369	84.5238780681	17.4513
6 0 8			0.02		-0.92		18.69		0.35502	2.9234	64.163237895	5.3359
2 4 8			0.02		-0.9		18.29		0.35501	0.1687	51.4325245866	2.4593
4 2 4			-0.03		-0.93		18.76		0.35521	0.7624	43.1345383828	64.2766
1 3 9			0.02		-0.91		18.38		0.35536	0.2622	45.3040218183	7.1674
0 2 12			0.02		-0.89		18.02		0.35511	0.3827	50.6142203783	17.5707
4 2 6			0.02		-0.87		17.73		0.35485	1.6049	46.7233273538	62.1975
0 0 8			-0.09		-0.96		19.52		0.35623	2.1948	30.8548203523	183.9052
3 1 15			0.02		-0.95		19.23		0.35618	0.2871	67.3554895111	7.7692
2 2 10			-0.01		-0.95		19.35		0.35677	0.6429	46.7739448495	44.8949
0 6 10			0.02		-0.94		19.06		0.35656	0.8527	69.1637693973	8.5049
4 2 12			0.02		-0.92		18.73		0.3569	0.2244	63.468523569	4.7972
2 4 6			0.01		-0.91		18.49		0.35635	0.785	46.7364348384	64.2552
5 5 1			0.01		-0.9		18.27		0.35629	0.5073	65.769247456	23.9531
1 1 15			0.0		-0.89		18.19		0.35653	0.656	61.3839959686	20.6242
4 6 6			0.02		-0.88		17.9		0.35694	1.1903	71.9781772466	41.9784
2 4 14			0.02		-0.86		17.62		0.35695	0.5221	70.6383718296	19.4111
1 3 15			0.01		-0.85		17.41		0.357	0.2862	67.3623786269	8.1809
4 0 2			-0.06		-0.91		18.56		0.35775	1.7854	36.5531212028	138.5255
0 2 8			0.02		-0.89		18.27		0.3579	0.1155	35.7619852008	1.7384
7 1 1			0.01		-0.89		18.15		0.35783	0.5207	65.7483230412	25.2044
1 5 9			0.01		-0.87		17.89		0.35704	0.4394	58.984264935	17.7365
4 2 10			0.01		-0.86		17.7		0.3568	1.1102	57.0442200735	11.3144
0 6 14			0.01		-0.85		17.46		0.3568	0.9096	81.7552219026	27.2955
4 0 10			-0.01		-0.85		17.57		0.35744	0.6243	53.7713327333	45.2096
3 5 9			0.01		-0.84		17.38		0.35664	0.4755	65.0802252419	19.5165
0 0 20			-0.01		-0.86		17.6		0.36255	0.4542	83.3712939521	4.3689
4 0 0			-0.27		-1.12		23.97		0.36255	8.3901	35.6934066618	787.9925
3 3 13			0.01		-1.11		23.64		0.36253	0.5636	65.4922780779	9.1158
6 0 10			0.01		-1.1		23.39		0.36251	1.0728	69.1331306246	8.9056
0 6 18			0.01		-1.08		23.08		0.36251	0.7949	98.0280769063	1.8601
9 1 1			0.01		-1.07		22.85		0.3625	0.8793	87.9915459652	19.6393
2 0 12			0.01		-1.06		22.63		0.36239	0.8079	50.6101057273	16.6151
0 0 18			0.01		-1.05		22.42		0.36244	0.6609	73.530655613	37.988
0 2 18			0.01		-1.04		22.15		0.36244	0.3755	76.3208597895	3.7538
5 5 7			0.01		-1.03		21.89		0.36244	0.6639	72.2860687267	4.3062
5 1 9			0.01		-1.02		21.69		0.36234	0.4583	58.9619928854	19.0838
3 3 15			0.01		-1.01		21.44		0.36236	0.3402	73.0835579415	3.8877
0 4 16			0.01		-1.0		21.23		0.36265	1.5557	75.7704700384	94.8658
1 1 9			0.01		-0.99		20.98		0.36265	0.2216	37.1193146943	1.1702
2 4 10			0.01		-0.98		20.82		0.36263	0.607	57.0555982332	12.0937
0 4 20			0.01		-0.97		20.58		0.36273	1.027	94.1654323607	18.6345
3 3 9			0.01		-0.96		20.4		0.36266	0.3816	52.4524123761	12.0632
6 2 10			0.0		-0.96		20.38		0.3628	0.7103	71.9901825081	43.9921
0 6 0			0.01		-0.95		20.22		0.3628	1.4277	54.7714555341	59.4019
1 7 1			0.0		-0.95		20.12		0.36278	0.5219	65.7901743415	26.2984
5 3 9			0.01		-0.94		20.01		0.3627	0.4833	65.0662013285	20.8409
4 4 10			-0.0		-0.94		20.03		0.36283	0.6886	66.23802526	47.6672
5 1 1			0.0		-0.94		19.94		0.36282	0.5346	46.1701152	26.7419
7 3 1			0.01		-0.93		19.8		0.36281	0.5095	71.5359286583	22.1332
1 5 1			0.0		-0.93		19.72		0.36281	0.4978	46.196563203	27.3004
2 4 2			0.01		-0.92		19.6		0.36281	0.3828	40.8766170199	13.2501
3 7 5			0.0		-0.92		19.54		0.36292	1.0548	74.7470539899	89.5814
4 2 2			0.01		-0.91		19.41		0.36292	0.457	40.8620305525	12.2524
2 4 0			0.0		-0.91		19.36		0.36292	1.4359	40.0960076051	88.2765
5 3 1			0.0		-0.9		19.31		0.36292	0.5252	53.2386121167	32.835
0 0 16			0.0		-0.9		19.21		0.36326	1.3342	64.286058028	116.6634