HKL Value		Reward		TotalReward	Chi Squared	Z Appr. 	Error	Two-Thetas	Sfs2
1 5 7			0.0		0.0		0.0		0.3	0.6035	54.1236034243	4.2528
6 4 0			0.0		0.0		0.01		0.33737	1.8287	67.0910631577	58.6803
1 3 7			1.0		1.0		0.01		0.33738	0.1893	39.2755843192	5.3372
2 6 8			-1.0		-0.0		23.82		0.37565	4.3291	67.1483383839	218.3417
1 1 7			0.33		0.33		17.87		0.37577	0.2012	29.7561292971	6.5386
5 3 7			0.25		0.58		14.32		0.37605	0.2523	60.5057581853	5.4388
5 1 7			0.2		0.78		11.93		0.37615	0.2609	54.1000446603	4.252
4 6 0			0.17		0.95		10.23		0.37615	0.7863	67.1083315067	59.4729
0 0 6			-0.83		0.11		61.4		0.34829	7.4326	23.0169618987	709.6598
4 4 0			-0.32		-0.21		90.82		0.34829	4.9852	51.3853572345	648.027
3 3 7			0.11		-0.1		81.78		0.34743	0.1558	47.1418707618	3.5073
1 7 7			0.1		-0.0		74.52		0.34565	0.4353	72.3061031614	6.1143
2 0 14			0.09		0.09		68.37		0.34946	0.2634	58.6945218607	7.3942
0 2 14			0.08		0.17		63.11		0.34979	0.2479	58.6982494177	6.3292
1 1 13			0.07		0.24		59.05		0.35008	0.3722	52.9310122384	10.9703
6 0 10			0.07		0.31		55.3		0.35006	1.0728	69.1331306246	8.9056
6 4 2			0.06		0.37		51.98		0.34999	0.2211	67.6401768609	4.8049
7 1 7			0.06		0.43		49.02		0.34975	0.3505	72.2660298289	5.0526
0 2 10			0.05		0.48		46.89		0.34979	0.4317	42.9590557724	21.0204
0 6 8			0.05		0.53		44.48		0.35061	0.7694	64.1950429677	5.6946
4 6 2			0.05		0.58		42.39		0.35054	0.2349	67.657370766	5.5969
4 2 8			0.05		0.63		40.39		0.35094	0.7605	51.4203212226	2.5419
3 1 13			0.04		0.67		38.85		0.35144	0.3869	59.4126405656	11.7895
2 2 12			0.03		0.7		37.81		0.33521	1.9766	54.0147953295	208.0279
6 0 2			0.04		0.74		36.35		0.3352	0.2214	55.354768557	5.4487
1 3 13			0.04		0.77		35.04		0.33456	0.3907	59.4200243294	11.5335
0 2 20			0.04		0.81		33.74		0.33558	0.4494	86.0769303832	2.8517
2 0 16			0.03		0.84		32.73		0.33579	0.5935	67.2372591268	11.8907
3 1 7			0.04		0.88		31.57		0.33586	0.257	39.2655360855	5.205
0 4 10			0.02		0.9		31.05		0.33518	0.9893	53.7871001638	44.1425
1 5 13			0.03		0.93		30.16		0.33486	1.1973	71.2966048402	12.6128
0 6 2			0.03		0.96		29.29		0.33485	0.2356	55.3895592761	6.1752
0 4 8			-0.14		0.82		34.02		0.33601	4.1351	47.9021960727	235.0989
0 2 16			0.02		0.84		33.23		0.33644	1.8687	67.2407114996	13.8307
3 5 7			0.03		0.87		32.25		0.33643	0.2309	60.5203777188	5.6046
4 4 4			-0.01		0.87		32.42		0.33577	0.8476	53.9354251327	76.9211
4 4 2			-0.05		0.82		34.17		0.33604	1.2125	52.0311030722	128.6454
6 0 6			0.03		0.84		33.3		0.33611	1.0815	60.1501886982	39.9969
2 0 8			0.03		0.87		32.34		0.34614	0.1665	35.7565424018	1.5727
2 4 14			0.02		0.89		31.66		0.34795	0.5221	70.6383718296	19.4111
0 6 16			0.02		0.92		30.91		0.34747	0.4825	89.3859051251	7.6515
4 0 0			-0.26		0.66		41.76		0.34747	8.3901	35.6934066618	787.9925
4 2 14			0.02		0.68		40.88		0.34894	1.2576	70.6282605877	19.9713
3 1 9			0.02		0.7		39.99		0.35076	0.36	45.2950695798	8.7768
3 3 5			-0.01		0.69		40.29		0.36218	1.3995	42.8396693434	151.0913
6 0 0			0.02		0.71		39.49		0.36218	0.7256	54.7363985401	55.434
2 6 4			-0.01		0.71		39.73		0.3621	0.8772	60.3635846112	78.02
4 2 6			0.02		0.72		39.07		0.3617	1.6049	46.7233273538	62.1975
0 6 6			0.02		0.74		38.32		0.36141	1.0147	60.183190367	40.9583
1 3 9			0.02		0.76		37.57		0.36117	0.2622	45.3040218183	7.1674
6 0 8			0.02		0.78		36.85		0.36081	2.9234	64.163237895	5.3359
2 4 8			0.02		0.8		36.16		0.36028	0.1687	51.4325245866	2.4593
7 3 5			0.01		0.81		35.77		0.36106	1.0496	74.7140851895	88.0788
4 4 6			-0.08		0.74		38.69		0.35295	4.3817	57.0116572758	400.3855
3 1 15			0.02		0.76		38.02		0.35186	0.2871	67.3554895111	7.7692
5 5 1			0.02		0.77		37.43		0.35173	0.5073	65.769247456	23.9531
6 4 6			0.02		0.79		36.82		0.35266	0.9247	71.9614498967	41.9809
0 2 12			0.02		0.81		36.18		0.3532	0.3827	50.6142203783	17.5707
0 6 10			0.02		0.82		35.6		0.35313	0.8527	69.1637693973	8.5049
5 1 13			0.01		0.84		35.1		0.35347	0.4567	71.2764535317	11.3258
2 4 6			0.02		0.85		34.56		0.35295	0.785	46.7364348384	64.2552
1 3 15			0.02		0.87		34.04		0.35223	0.2862	67.3623786269	8.1809
1 1 15			0.01		0.88		33.7		0.35154	0.656	61.3839959686	20.6242
6 0 12			0.01		0.89		33.31		0.35757	0.5892	74.995462768	0.9301
4 2 10			0.01		0.9		32.87		0.35718	1.1102	57.0442200735	11.3144
3 5 9			0.01		0.92		32.42		0.35594	0.4755	65.0802252419	19.5165
4 6 6			0.01		0.93		31.95		0.35639	1.1903	71.9781772466	41.9784
0 6 14			0.01		0.95		31.5		0.35651	0.9096	81.7552219026	27.2955
5 5 7			0.01		0.96		31.05		0.35651	0.6639	72.2860687267	4.3062
9 1 1			0.01		0.97		30.67		0.35645	0.8793	87.9915459652	19.6393
0 0 20			-0.0		0.97		30.72		0.36241	0.4542	83.3712939521	4.3689
3 3 3			0.0		0.97		30.64		0.36236	0.8081	39.7679129272	70.9373
0 2 22			0.01		0.98		30.48		0.36248	1.8317	96.7387030121	97.213
2 0 12			0.01		0.99		30.15		0.36238	0.8079	50.6101057273	16.6151
0 2 18			0.01		1.0		29.76		0.36238	0.3755	76.3208597895	3.7538
0 0 18			0.01		1.01		29.44		0.36243	0.6609	73.530655613	37.988
3 3 13			0.01		1.03		29.05		0.36241	0.5636	65.4922780779	9.1158
0 2 8			0.01		1.04		28.68		0.3624	0.1155	35.7619852008	1.7384
1 7 1			0.01		1.05		28.45		0.3624	0.5219	65.7901743415	26.2984
3 3 15			0.01		1.06		28.1		0.36241	0.3402	73.0835579415	3.8877
1 5 9			0.01		1.07		27.82		0.36231	0.4394	58.984264935	17.7365
7 3 1			0.01		1.08		27.55		0.36231	0.5095	71.5359286583	22.1332
5 1 9			0.01		1.09		27.29		0.3622	0.4583	58.9619928854	19.0838
7 1 1			0.01		1.1		27.09		0.36219	0.5207	65.7483230412	25.2044
3 3 1			0.01		1.1		26.93		0.36218	0.5106	38.1558496662	33.1617
6 0 4			0.0		1.1		26.88		0.3622	0.7069	57.1830782131	42.6751
5 5 3			0.0		1.11		26.84		0.36216	0.8107	66.8760743485	64.1048
0 4 16			0.01		1.12		26.59		0.36243	1.5557	75.7704700384	94.8658
2 4 10			0.01		1.12		26.37		0.36241	0.607	57.0555982332	12.0937
5 3 3			-0.0		1.12		26.49		0.36236	0.9351	54.4936931553	89.9375
1 1 9			0.01		1.13		26.2		0.36236	0.2216	37.1193146943	1.1702
3 3 9			0.01		1.14		25.95		0.36229	0.3816	52.4524123761	12.0632
0 6 0			0.01		1.15		25.74		0.36229	1.4277	54.7714555341	59.4019
0 4 20			0.01		1.16		25.47		0.36243	1.027	94.1654323607	18.6345
5 3 9			0.01		1.17		25.31		0.36235	0.4833	65.0662013285	20.8409
6 2 10			0.0		1.17		25.24		0.36246	0.7103	71.9901825081	43.9921
4 2 12			0.01		1.18		24.99		0.36243	0.2244	63.468523569	4.7972
5 1 1			0.01		1.18		24.86		0.36243	0.5346	46.1701152	26.7419
2 2 10			0.0		1.19		24.81		0.36253	0.6429	46.7739448495	44.8949
4 4 10			0.0		1.19		24.78		0.36265	0.6886	66.23802526	47.6672
1 5 1			0.01		1.19		24.66		0.36264	0.4978	46.196563203	27.3004
2 4 2			0.01		1.2		24.49		0.36264	0.3828	40.8766170199	13.2501