HKL Value		Reward		TotalReward	Chi Squared	Z Appr. 	Error	Two-Thetas	Sfs2
1 5 7			0.0		0.0		0.0		0.3	0.6035	54.1236034243	4.2528
7 3 5			0.0		0.0		2.19		0.38028	1.0496	74.7140851895	88.0788
6 4 0			0.99		0.99		1.1		0.38028	1.8287	67.0910631577	58.6803
1 3 7			0.33		1.32		0.83		0.3791	0.1893	39.2755843192	5.3372
1 1 7			0.23		1.55		0.68		0.37837	0.2012	29.7561292971	6.5386
2 2 2			-0.96		0.59		15.75		0.38	1.1162	26.2109248846	125.5642
5 3 7			0.2		0.79		13.14		0.37965	0.2523	60.5057581853	5.4388
0 0 22			-0.09		0.7		14.46		0.36739	2.2765	94.0325860765	137.6091
5 1 7			0.13		0.83		12.77		0.36752	0.2609	54.1000446603	4.252
2 4 0			-0.01		0.82		12.88		0.36752	1.4359	40.0960076051	88.2765
2 4 8			0.04		0.86		12.35		0.36596	0.1687	51.4325245866	2.4593
4 6 0			0.1		0.96		11.23		0.36596	0.7863	67.1083315067	59.4729
3 3 7			0.09		1.05		10.34		0.3661	0.1558	47.1418707618	3.5073
0 4 0			-0.79		0.26		48.35		0.3661	6.137	35.7152072575	818.959
1 7 7			0.07		0.34		45.05		0.3663	0.4353	72.3061031614	6.1143
2 0 14			0.07		0.41		42.09		0.36557	0.2634	58.6945218607	7.3942
0 2 14			0.07		0.47		39.46		0.36524	0.2479	58.6982494177	6.3292
6 4 2			0.06		0.53		37.27		0.36529	0.2211	67.6401768609	4.8049
0 6 8			0.05		0.58		35.4		0.36423	0.7694	64.1950429677	5.6946
0 4 18			0.06		0.64		33.54		0.36435	0.8369	84.5238780681	17.4513
7 1 7			0.05		0.69		31.95		0.36445	0.3505	72.2660298289	5.0526
3 1 13			0.05		0.74		30.43		0.36411	0.3869	59.4126405656	11.7895
2 0 4			-0.06		0.68		32.32		0.36432	1.3874	23.4143586184	109.347
4 6 2			0.04		0.72		31.03		0.36434	0.2349	67.657370766	5.5969
4 2 8			0.04		0.76		29.93		0.36358	0.7605	51.4203212226	2.5419
1 3 13			0.04		0.8		28.73		0.36353	0.3907	59.4200243294	11.5335
3 5 3			-0.01		0.79		28.99		0.36326	0.9259	54.5093201099	87.7589
6 0 2			0.04		0.83		27.98		0.3633	0.2214	55.354768557	5.4487
3 1 7			0.04		0.86		27.03		0.36335	0.257	39.2655360855	5.205
0 2 20			0.04		0.9		26.1		0.36335	0.4494	86.0769303832	2.8517
2 0 16			0.03		0.93		25.23		0.36342	0.5935	67.2372591268	11.8907
3 3 13			0.03		0.97		24.43		0.36323	0.5636	65.4922780779	9.1158
3 3 9			0.03		0.99		23.81		0.36303	0.3816	52.4524123761	12.0632
5 5 7			0.03		1.02		23.12		0.36305	0.6639	72.2860687267	4.3062
1 5 13			0.03		1.05		22.44		0.36314	1.1973	71.2966048402	12.6128
0 6 2			0.03		1.08		21.86		0.36317	0.2356	55.3895592761	6.1752
0 2 16			0.03		1.11		21.26		0.36333	1.8687	67.2407114996	13.8307
3 5 7			0.03		1.13		20.74		0.36335	0.2309	60.5203777188	5.6046
3 3 3			-0.01		1.13		20.85		0.36325	0.8081	39.7679129272	70.9373
6 0 6			0.02		1.15		20.42		0.36307	1.0815	60.1501886982	39.9969
1 3 11			-0.11		1.04		22.86		0.36313	2.4293	52.0561920156	298.4303
3 1 11			-0.09		0.95		25.05		0.36317	2.3814	52.0481274199	292.2152
2 0 8			0.02		0.98		24.47		0.36313	0.1665	35.7565424018	1.5727
0 6 16			0.02		1.0		23.9		0.36303	0.4825	89.3859051251	7.6515
1 1 13			0.02		1.02		23.36		0.36305	0.3722	52.9310122384	10.9703
4 2 14			0.02		1.05		22.89		0.36294	1.2576	70.6282605877	19.9713
0 2 18			0.02		1.07		22.42		0.36296	0.3755	76.3208597895	3.7538
3 1 9			0.02		1.09		22.0		0.36287	0.36	45.2950695798	8.7768
4 2 4			-0.02		1.07		22.35		0.36291	0.7624	43.1345383828	64.2766
4 2 6			0.01		1.08		22.09		0.36272	1.6049	46.7233273538	62.1975
6 0 0			0.02		1.1		21.74		0.36272	0.7256	54.7363985401	55.434
2 6 0			-0.19		0.91		26.72		0.36272	4.3567	58.0028534629	558.9791
0 6 6			0.02		0.93		26.28		0.36258	1.0147	60.183190367	40.9583
1 1 3			0.01		0.94		26.09		0.36254	0.4514	16.9416048235	36.8187
6 4 6			0.02		0.95		25.6		0.36252	0.9247	71.9614498967	41.9809
1 3 9			0.02		0.97		25.17		0.36244	0.2622	45.3040218183	7.1674
6 0 8			0.02		0.99		24.77		0.3623	2.9234	64.163237895	5.3359
4 6 4			0.01		1.0		24.56		0.36234	1.0731	69.291881243	33.3045
3 1 15			0.02		1.01		24.18		0.3624	0.2871	67.3554895111	7.7692
0 2 12			0.01		1.02		23.89		0.36221	0.3827	50.6142203783	17.5707
0 6 10			0.01		1.04		23.57		0.36217	0.8527	69.1637693973	8.5049
5 5 1			0.01		1.05		23.28		0.36215	0.5073	65.769247456	23.9531
3 7 1			0.01		1.06		23.01		0.36213	1.2822	71.5694631273	22.2453
5 1 13			0.02		1.08		22.65		0.36221	0.4567	71.2764535317	11.3258
2 4 6			0.01		1.09		22.45		0.36201	0.785	46.7364348384	64.2552
0 2 22			0.0		1.09		22.41		0.36223	1.8317	96.7387030121	97.213
1 3 3			-0.0		1.09		22.43		0.36217	0.7045	30.3940112777	66.1614
2 4 14			0.01		1.1		22.12		0.36209	0.5221	70.6383718296	19.4111
1 3 15			0.01		1.11		21.84		0.36214	0.2862	67.3623786269	8.1809
1 1 15			0.01		1.12		21.67		0.36224	0.656	61.3839959686	20.6242
6 0 12			0.01		1.14		21.36		0.36222	0.5892	74.995462768	0.9301
4 2 10			0.01		1.15		21.15		0.36219	1.1102	57.0442200735	11.3144
3 5 9			0.01		1.15		20.97		0.36205	0.4755	65.0802252419	19.5165
4 6 6			0.01		1.17		20.69		0.36205	1.1903	71.9781772466	41.9784
0 6 14			0.01		1.18		20.45		0.36194	0.9096	81.7552219026	27.2955
0 0 10			0.0		1.18		20.44		0.36213	0.8316	38.8438017949	41.7013
6 0 10			0.01		1.19		20.23		0.3621	1.0728	69.1331306246	8.9056
3 1 3			-0.0		1.19		20.29		0.36204	1.2003	30.3814370344	67.5761
5 3 5			-0.02		1.17		20.62		0.3623	2.2247	56.9473208346	134.0256
9 1 1			0.01		1.18		20.42		0.3623	0.8793	87.9915459652	19.6393
1 7 5			-0.0		1.18		20.5		0.36249	1.0841	69.0835930101	99.7513
0 0 20			0.01		1.18		20.38		0.36335	0.4542	83.3712939521	4.3689
0 2 8			0.01		1.2		20.13		0.36334	0.1155	35.7619852008	1.7384
2 0 12			0.01		1.2		19.98		0.36326	0.8079	50.6101057273	16.6151
4 4 2			-0.04		1.17		20.72		0.36331	1.2125	52.0311030722	128.6454
0 0 18			0.01		1.18		20.54		0.36337	0.6609	73.530655613	37.988
2 6 6			-0.08		1.1		22.36		0.36307	5.383	63.2392339525	346.2148
3 3 15			0.01		1.11		22.11		0.36309	0.3402	73.0835579415	3.8877
1 5 9			0.01		1.12		21.93		0.36301	0.4394	58.984264935	17.7365
5 1 9			0.01		1.12		21.76		0.36292	0.4583	58.9619928854	19.0838
7 1 1			0.01		1.13		21.63		0.36291	0.5207	65.7483230412	25.2044
0 4 16			0.01		1.14		21.43		0.3631	1.5557	75.7704700384	94.8658
1 1 9			0.01		1.15		21.2		0.3631	0.2216	37.1193146943	1.1702
4 2 12			0.01		1.16		20.99		0.36307	0.2244	63.468523569	4.7972
0 4 6			-0.12		1.04		23.89		0.36275	3.7688	42.9189471786	481.9509
2 4 10			0.01		1.05		23.72		0.36274	0.607	57.0555982332	12.0937
0 6 0			0.01		1.05		23.54		0.36274	1.4277	54.7714555341	59.4019
0 4 20			0.01		1.06		23.3		0.36281	1.027	94.1654323607	18.6345
1 7 1			0.01		1.07		23.17		0.36281	0.5219	65.7901743415	26.2984
5 3 9			0.01		1.07		23.04		0.36273	0.4833	65.0662013285	20.8409
0 0 14			0.0		1.08		22.98		0.36261	0.8389	55.4890953336	74.9432
1 3 5			-0.03		1.05		23.59		0.36277	3.1323	34.189462707	190.138