HKL Value		Reward		TotalReward	Chi Squared	Z Appr. 	Error	Two-Thetas	Sfs2
3 3 7			0.0		0.0		0.0		0.3	0.1558	47.1418707618	3.5073
4 2 4			0.0		0.0		37.39		0.37404	0.7624	43.1345383828	64.2766
1 5 7			0.99		0.99		18.75		0.3751	0.6035	54.1236034243	4.2528
6 4 0			0.5		1.49		12.51		0.3751	1.8287	67.0910631577	58.6803
0 2 14			0.27		1.76		9.86		0.37859	0.2479	58.6982494177	6.3292
2 2 10			0.25		2.01		7.89		0.3788	0.6429	46.7739448495	44.8949
5 3 7			0.2		2.21		6.58		0.37871	0.2523	60.5057581853	5.4388
4 4 10			0.16		2.37		5.66		0.379	0.6886	66.23802526	47.6672
0 2 0			-0.48		1.89		10.88		0.379	1.4407	17.6394681947	177.2483
4 6 2			0.1		1.99		9.89		0.37907	0.2349	67.657370766	5.5969
4 4 0			-0.76		1.23		41.52		0.37907	4.9852	51.3853572345	648.027
2 4 6			0.02		1.26		40.53		0.37768	0.785	46.7364348384	64.2552
0 6 2			0.09		1.35		37.21		0.37778	0.2356	55.3895592761	6.1752
2 4 10			0.08		1.43		34.41		0.37835	0.607	57.0555982332	12.0937
6 0 2			0.08		1.5		31.99		0.37841	0.2214	55.354768557	5.4487
5 3 11			-0.08		1.42		34.87		0.37236	1.8677	70.5420870211	204.0714
0 4 18			0.06		1.48		32.93		0.36773	0.8369	84.5238780681	17.4513
6 0 0			0.05		1.53		31.27		0.36773	0.7256	54.7363985401	55.434
2 0 14			0.06		1.59		29.6		0.36714	0.2634	58.6945218607	7.3942
0 2 16			0.05		1.64		28.1		0.36612	1.8687	67.2407114996	13.8307
0 6 8			0.04		1.69		26.92		0.36551	0.7694	64.1950429677	5.6946
4 6 0			0.05		1.74		25.64		0.36551	0.7863	67.1083315067	59.4729
5 5 1			0.04		1.77		24.77		0.36543	0.5073	65.769247456	23.9531
1 5 13			0.04		1.82		23.71		0.36494	1.1973	71.2966048402	12.6128
1 3 15			0.04		1.85		22.83		0.36502	0.2862	67.3623786269	8.1809
0 4 16			0.04		1.9		21.93		0.36535	1.5557	75.7704700384	94.8658
4 2 8			0.03		1.92		21.31		0.36495	0.7605	51.4203212226	2.5419
0 0 22			0.03		1.96		20.61		0.36477	2.2765	94.0325860765	137.6091
2 4 14			0.03		1.99		19.97		0.36448	0.5221	70.6383718296	19.4111
6 0 6			0.03		2.02		19.45		0.3642	1.0815	60.1501886982	39.9969
3 1 15			0.03		2.05		18.88		0.36427	0.2871	67.3554895111	7.7692
0 6 0			0.02		2.07		18.48		0.36427	1.4277	54.7714555341	59.4019
3 7 1			0.02		2.09		18.12		0.36424	1.2822	71.5694631273	22.2453
2 0 16			0.03		2.12		17.57		0.36415	0.5935	67.2372591268	11.8907
4 0 10			0.0		2.12		17.57		0.36457	0.6243	53.7713327333	45.2096
6 0 10			0.02		2.14		17.21		0.36457	1.0728	69.1331306246	8.9056
3 3 1			0.01		2.15		17.12		0.36453	0.5106	38.1558496662	33.1617
0 6 12			0.03		2.17		16.67		0.36453	0.3425	75.0250979777	1.887
0 0 20			0.02		2.2		16.29		0.36509	0.4542	83.3712939521	4.3689
1 1 17			-0.13		2.06		18.8		0.3637	2.447	70.2810461715	248.4175
1 1 15			0.01		2.08		18.56		0.36376	0.656	61.3839959686	20.6242
2 4 8			0.02		2.1		18.22		0.36362	0.1687	51.4325245866	2.4593
0 4 8			-0.09		2.0		20.12		0.36394	4.1351	47.9021960727	235.0989
1 5 3			-0.01		1.99		20.24		0.36387	0.9511	47.585042181	85.8034
6 4 2			0.02		2.02		19.83		0.36387	0.2211	67.6401768609	4.8049
0 0 18			0.02		2.03		19.5		0.36399	0.6609	73.530655613	37.988
0 0 2			-0.05		1.98		20.61		0.36406	1.161	7.62646333295	98.931
1 1 9			0.02		2.0		20.18		0.36406	0.2216	37.1193146943	1.1702
9 1 1			0.02		2.02		19.87		0.36406	0.8793	87.9915459652	19.6393
3 5 9			0.01		2.03		19.67		0.36392	0.4755	65.0802252419	19.5165
1 7 1			0.01		2.03		19.51		0.36391	0.5219	65.7901743415	26.2984
3 1 13			0.02		2.05		19.12		0.36388	0.3869	59.4126405656	11.7895
0 2 20			0.02		2.07		18.76		0.36383	0.4494	86.0769303832	2.8517
0 6 10			0.01		2.09		18.49		0.36381	0.8527	69.1637693973	8.5049
2 2 4			-0.03		2.06		19.09		0.36379	0.7551	29.4672289371	73.6026
0 6 14			0.01		2.07		18.82		0.36367	0.9096	81.7552219026	27.2955
4 2 0			0.01		2.08		18.71		0.36367	0.9287	40.0811891304	86.5118
7 3 1			0.01		2.09		18.5		0.36365	0.5095	71.5359286583	22.1332
0 2 18			0.02		2.1		18.2		0.36367	0.3755	76.3208597895	3.7538
0 4 10			0.0		2.1		18.19		0.36385	0.9893	53.7871001638	44.1425
1 5 9			0.01		2.12		18.0		0.36374	0.4394	58.984264935	17.7365
2 2 0			-0.37		1.75		28.35		0.36374	11.1953	25.0390113278	1035.9387
4 2 2			0.01		1.76		28.01		0.36375	0.457	40.8620305525	12.2524
5 3 5			-0.01		1.75		28.25		0.36396	2.2247	56.9473208346	134.0256
2 4 2			0.01		1.77		27.93		0.36397	0.3828	40.8766170199	13.2501
0 6 16			0.02		1.78		27.51		0.36383	0.4825	89.3859051251	7.6515
6 2 10			0.01		1.79		27.36		0.364	0.7103	71.9901825081	43.9921
0 4 20			0.02		1.8		26.95		0.36393	1.027	94.1654323607	18.6345
3 3 13			0.01		1.82		26.57		0.36384	0.5636	65.4922780779	9.1158
0 4 14			-0.0		1.81		26.67		0.36359	1.2337	67.7597167724	121.3788
0 6 6			0.01		1.82		26.35		0.36351	1.0147	60.183190367	40.9583
4 2 14			0.01		1.84		26.02		0.36345	1.2576	70.6282605877	19.9713
0 4 0			-0.2		1.63		32.66		0.36345	6.137	35.7152072575	818.959
5 1 1			0.01		1.64		32.38		0.36344	0.5346	46.1701152	26.7419
5 1 9			0.01		1.65		32.03		0.36335	0.4583	58.9619928854	19.0838
0 0 6			-0.14		1.52		37.13		0.36292	7.4326	23.0169618987	709.6598
5 3 9			0.01		1.53		36.77		0.36283	0.4833	65.0662013285	20.8409
6 0 8			0.01		1.54		36.33		0.36277	2.9234	64.163237895	5.3359
3 1 9			0.01		1.55		35.9		0.36272	0.36	45.2950695798	8.7768
4 2 10			0.01		1.56		35.53		0.3627	1.1102	57.0442200735	11.3144
3 5 1			0.01		1.57		35.25		0.36269	0.5283	53.2544885252	31.9012
2 0 0			-0.0		1.56		35.39		0.36269	2.02	17.6289686615	175.6782
0 2 10			0.01		1.57		35.13		0.36267	0.4317	42.9590557724	21.0204
2 0 12			0.01		1.58		34.78		0.36258	0.8079	50.6101057273	16.6151
4 4 4			-0.01		1.58		34.98		0.36256	0.8476	53.9354251327	76.9211
1 1 11			-0.04		1.54		36.46		0.36261	2.144	44.8525636461	378.5934
5 3 1			0.01		1.54		36.2		0.3626	0.5252	53.2386121167	32.835
7 1 7			0.01		1.55		35.81		0.3626	0.3505	72.2660298289	5.0526
5 1 13			0.01		1.57		35.4		0.36263	0.4567	71.2764535317	11.3258
0 0 16			0.01		1.57		35.13		0.36293	1.3342	64.286058028	116.6634
0 6 4			0.0		1.58		35.0		0.36295	0.6675	57.2171401797	42.9768
0 0 14			0.01		1.58		34.8		0.36281	0.8389	55.4890953336	74.9432
6 0 12			0.01		1.59		34.42		0.36281	0.5892	74.995462768	0.9301
2 2 16			0.01		1.6		34.14		0.36306	1.1693	70.1293332912	108.6018
1 7 7			0.01		1.61		33.8		0.36306	0.4353	72.3061031614	6.1143
2 4 0			0.01		1.62		33.59		0.36306	1.4359	40.0960076051	88.2765
5 1 7			0.01		1.63		33.26		0.36307	0.2609	54.1000446603	4.252
3 3 9			0.01		1.64		32.96		0.36302	0.3816	52.4524123761	12.0632
0 2 8			0.01		1.65		32.63		0.36301	0.1155	35.7619852008	1.7384
2 0 10			0.01		1.65		32.43		0.36299	0.6169	42.9543880851	20.236
3 1 1			0.0		1.66		32.3		0.36298	0.5239	28.3131072915	41.7464
6 0 4			0.0		1.66		32.21		0.36299	0.7069	57.1830782131	42.6751