HKL Value		Reward		TotalReward	Chi Squared	Z Appr. 	Error	Two-Thetas	Sfs2
1 5 7			0.0		0.0		0.0		0.3	0.6035	54.1236034243	4.2528
6 4 0			0.0		0.0		0.01		0.33737	1.8287	67.0910631577	58.6803
4 2 12			-0.99		-0.99		1.04		0.37642	0.2244	63.468523569	4.7972
1 3 7			0.5		-0.49		0.69		0.37665	0.1893	39.2755843192	5.3372
0 2 8			-0.36		-0.85		1.08		0.3777	0.1155	35.7619852008	1.7384
1 1 7			0.24		-0.61		0.87		0.37713	0.2012	29.7561292971	6.5386
5 3 7			0.2		-0.41		0.73		0.37733	0.2523	60.5057581853	5.4388
1 1 9			-0.21		-0.62		0.92		0.37286	0.2216	37.1193146943	1.1702
4 0 8			-0.93		-1.55		12.54		0.37391	2.9483	47.8850437629	244.3799
2 2 0			-0.85		-2.4		83.34		0.37391	11.1953	25.0390113278	1035.9387
0 6 18			0.11		-2.29		75.25		0.37092	0.7949	98.0280769063	1.8601
3 3 9			0.09		-2.2		69.07		0.37092	0.3816	52.4524123761	12.0632
2 0 12			0.08		-2.13		64.17		0.3708	0.8079	50.6101057273	16.6151
5 1 7			0.08		-2.04		59.27		0.37091	0.2609	54.1000446603	4.252
4 6 0			0.08		-1.97		55.04		0.37091	0.7863	67.1083315067	59.4729
4 2 2			0.06		-1.9		51.8		0.37099	0.457	40.8620305525	12.2524
2 0 8			0.06		-1.84		48.7		0.3708	0.1665	35.7565424018	1.5727
3 3 7			0.06		-1.78		45.85		0.37086	0.1558	47.1418707618	3.5073
4 0 0			-0.34		-2.12		69.75		0.37086	8.3901	35.6934066618	787.9925
1 7 7			0.05		-2.07		66.15		0.37101	0.4353	72.3061031614	6.1143
5 3 3			0.02		-2.05		64.88		0.37051	0.9351	54.4936931553	89.9375
2 0 14			0.05		-2.0		61.93		0.36968	0.2634	58.6945218607	7.3942
0 2 14			0.05		-1.95		59.17		0.36568	0.2479	58.6982494177	6.3292
6 4 2			0.04		-1.91		56.7		0.36594	0.2211	67.6401768609	4.8049
2 6 0			-0.14		-2.05		65.81		0.36594	4.3567	58.0028534629	558.9791
0 6 8			0.04		-2.01		63.29		0.36143	0.7694	64.1950429677	5.6946
7 1 7			0.04		-1.97		60.92		0.3616	0.3505	72.2660298289	5.0526
3 1 13			0.04		-1.93		58.67		0.36291	0.3869	59.4126405656	11.7895
4 6 2			0.04		-1.89		56.68		0.36294	0.2349	67.657370766	5.5969
4 2 8			0.03		-1.86		54.83		0.36136	0.7605	51.4203212226	2.5419
3 1 11			-0.03		-1.9		56.78		0.36236	2.3814	52.0481274199	292.2152
4 2 4			0.01		-1.89		56.2		0.36259	0.7624	43.1345383828	64.2766
6 0 2			0.03		-1.85		54.5		0.36267	0.2214	55.354768557	5.4487
1 3 13			0.03		-1.82		52.85		0.36288	0.3907	59.4200243294	11.5335
3 3 11			-0.02		-1.84		53.73		0.36304	2.1204	58.6030846927	249.5822
0 2 20			0.03		-1.81		52.2		0.36311	0.4494	86.0769303832	2.8517
2 0 16			0.03		-1.78		50.75		0.36322	0.5935	67.2372591268	11.8907
3 1 7			0.03		-1.75		49.42		0.36325	0.257	39.2655360855	5.205
1 5 13			0.03		-1.73		48.12		0.36332	1.1973	71.2966048402	12.6128
0 6 2			0.03		-1.7		46.94		0.36335	0.2356	55.3895592761	6.1752
2 2 8			-0.03		-1.73		48.25		0.36387	1.8488	40.1384116224	216.1995
0 2 16			0.02		-1.7		47.08		0.36395	1.8687	67.2407114996	13.8307
3 5 7			0.02		-1.68		46.0		0.36396	0.2309	60.5203777188	5.6046
6 0 6			0.02		-1.66		45.03		0.36381	1.0815	60.1501886982	39.9969
0 6 16			0.02		-1.64		44.03		0.36361	0.4825	89.3859051251	7.6515
4 2 14			0.02		-1.62		43.1		0.36347	1.2576	70.6282605877	19.9713
3 1 9			0.02		-1.59		42.24		0.36337	0.36	45.2950695798	8.7768
6 0 0			0.02		-1.58		41.44		0.36337	0.7256	54.7363985401	55.434
4 2 6			0.02		-1.56		40.78		0.36315	1.6049	46.7233273538	62.1975
3 1 5			-0.02		-1.58		41.58		0.36355	2.8985	34.1781376955	186.2389
1 1 13			0.02		-1.56		40.74		0.36352	0.3722	52.9310122384	10.9703
0 6 6			0.02		-1.54		40.04		0.36339	1.0147	60.183190367	40.9583
6 4 6			0.02		-1.52		39.27		0.36337	0.9247	71.9614498967	41.9809
1 3 9			0.02		-1.5		38.57		0.36329	0.2622	45.3040218183	7.1674
6 0 8			0.02		-1.49		37.91		0.36315	2.9234	64.163237895	5.3359
2 4 8			0.02		-1.47		37.3		0.36297	0.1687	51.4325245866	2.4593
3 1 15			0.02		-1.45		36.68		0.36302	0.2871	67.3554895111	7.7692
0 2 12			0.01		-1.44		36.16		0.36286	0.3827	50.6142203783	17.5707
0 6 10			0.02		-1.42		35.62		0.36283	0.8527	69.1637693973	8.5049
5 1 13			0.02		-1.41		35.02		0.36286	0.4567	71.2764535317	11.3258
5 5 1			0.01		-1.39		34.54		0.36284	0.5073	65.769247456	23.9531
0 0 6			-0.15		-1.54		40.7		0.36187	7.4326	23.0169618987	709.6598
2 4 6			0.01		-1.53		40.2		0.36161	0.785	46.7364348384	64.2552
2 4 14			0.02		-1.51		39.58		0.36151	0.5221	70.6383718296	19.4111
1 3 15			0.01		-1.5		39.01		0.36159	0.2862	67.3623786269	8.1809
1 1 15			0.01		-1.49		38.57		0.36175	0.656	61.3839959686	20.6242
5 3 1			0.01		-1.48		38.2		0.36173	0.5252	53.2386121167	32.835
0 4 4			-0.0		-1.48		38.38		0.36167	0.8482	39.0545896029	78.0016
6 0 12			0.01		-1.47		37.82		0.36165	0.5892	74.995462768	0.9301
0 4 8			-0.02		-1.49		38.75		0.36218	4.1351	47.9021960727	235.0989
4 2 10			0.01		-1.48		38.29		0.36214	1.1102	57.0442200735	11.3144
3 5 9			0.01		-1.47		37.87		0.36195	0.4755	65.0802252419	19.5165
2 2 12			-0.02		-1.49		38.7		0.36069	1.9766	54.0147953295	208.0279
4 6 6			0.01		-1.48		38.17		0.36072	1.1903	71.9781772466	41.9784
3 5 11			-0.01		-1.48		38.39		0.361	1.8915	70.5555824797	206.4699
0 6 14			0.01		-1.47		37.92		0.36087	0.9096	81.7552219026	27.2955
0 2 18			0.01		-1.46		37.44		0.36087	0.3755	76.3208597895	3.7538
0 6 4			0.0		-1.45		37.26		0.36091	0.6675	57.2171401797	42.9768
6 0 10			0.01		-1.44		36.84		0.36087	1.0728	69.1331306246	8.9056
4 0 10			0.01		-1.44		36.65		0.36117	0.6243	53.7713327333	45.2096
3 1 1			0.01		-1.43		36.43		0.36113	0.5239	28.3131072915	41.7464
9 1 1			0.01		-1.42		36.04		0.36112	0.8793	87.9915459652	19.6393
5 5 7			0.01		-1.41		35.61		0.36112	0.6639	72.2860687267	4.3062
0 0 20			0.01		-1.4		35.4		0.36283	0.4542	83.3712939521	4.3689
7 1 1			0.01		-1.39		35.1		0.36282	0.5207	65.7483230412	25.2044
0 0 18			0.01		-1.38		34.76		0.36288	0.6609	73.530655613	37.988
3 3 13			0.01		-1.37		34.35		0.36284	0.5636	65.4922780779	9.1158
3 3 15			0.01		-1.36		33.97		0.36286	0.3402	73.0835579415	3.8877
3 5 3			-0.0		-1.36		33.98		0.36282	0.9259	54.5093201099	87.7589
1 5 9			0.01		-1.35		33.66		0.36272	0.4394	58.984264935	17.7365
5 1 9			0.01		-1.34		33.36		0.36262	0.4583	58.9619928854	19.0838
0 4 16			0.01		-1.33		33.04		0.36285	1.5557	75.7704700384	94.8658
3 5 5			-0.0		-1.34		33.16		0.36301	1.2751	56.9624934876	133.7285
2 4 10			0.01		-1.33		32.88		0.36299	0.607	57.0555982332	12.0937
0 6 0			0.01		-1.32		32.6		0.36299	1.4277	54.7714555341	59.4019
1 3 11			-0.03		-1.35		33.5		0.36302	2.4293	52.0561920156	298.4303
3 7 3			0.0		-1.34		33.39		0.36298	0.8954	72.6346668965	71.6226
0 4 20			0.01		-1.33		33.05		0.36303	1.027	94.1654323607	18.6345
1 7 1			0.01		-1.33		32.83		0.36302	0.5219	65.7901743415	26.2984
5 3 9			0.01		-1.32		32.6		0.36295	0.4833	65.0662013285	20.8409
6 2 10			0.0		-1.31		32.46		0.36306	0.7103	71.9901825081	43.9921
3 3 5			-0.01		-1.32		32.68		0.3632	1.3995	42.8396693434	151.0913