HKL Value		Reward		TotalReward	Chi Squared	Z Appr. 	Error	Two-Thetas	Sfs2
1 5 7			0.0		0.0		0.0		0.3	0.6035	54.1236034243	4.2528
6 4 0			0.0		0.0		0.01		0.33737	1.8287	67.0910631577	58.6803
5 3 7			-0.03		-0.03		0.01		0.33689	0.2523	60.5057581853	5.4388
4 2 14			-1.0		-1.02		3.69		0.332	1.2576	70.6282605877	19.9713
4 6 4			-0.55		-1.57		8.22		0.33307	1.0731	69.291881243	33.3045
1 3 7			0.23		-1.34		6.67		0.33487	0.1893	39.2755843192	5.3372
4 6 0			0.2		-1.14		5.57		0.33487	0.7863	67.1083315067	59.4729
1 1 7			0.87		-0.27		2.97		0.36165	0.2012	29.7561292971	6.5386
0 2 14			0.13		-0.13		2.62		0.3629	0.2479	58.6982494177	6.3292
2 0 12			0.02		-0.11		2.56		0.35465	0.8079	50.6101057273	16.6151
2 0 14			0.1		-0.01		2.33		0.35432	0.2634	58.6945218607	7.3942
0 6 8			0.1		0.08		2.12		0.3546	0.7694	64.1950429677	5.6946
4 0 0			-0.95		-0.86		41.62		0.3546	8.3901	35.6934066618	787.9925
3 3 7			0.08		-0.78		38.48		0.35455	0.1558	47.1418707618	3.5073
6 0 2			0.07		-0.71		35.89		0.35468	0.2214	55.354768557	5.4487
0 6 2			0.07		-0.65		33.67		0.35482	0.2356	55.3895592761	6.1752
4 6 2			0.06		-0.58		31.74		0.3548	0.2349	67.657370766	5.5969
2 0 6			0.02		-0.57		31.14		0.35273	1.6278	29.1406672869	128.8477
5 5 1			0.05		-0.52		29.71		0.35262	0.5073	65.769247456	23.9531
2 0 16			0.04		-0.47		28.51		0.35222	0.5935	67.2372591268	11.8907
0 2 10			0.03		-0.44		27.62		0.35206	0.4317	42.9590557724	21.0204
3 1 13			0.04		-0.4		26.61		0.35238	0.3869	59.4126405656	11.7895
6 0 0			0.04		-0.37		25.61		0.35238	0.7256	54.7363985401	55.434
3 1 9			0.04		-0.32		24.52		0.35305	0.36	45.2950695798	8.7768
1 7 7			0.04		-0.28		23.6		0.353	0.4353	72.3061031614	6.1143
4 2 8			0.04		-0.24		22.66		0.35311	0.7605	51.4203212226	2.5419
0 2 16			0.02		-0.22		22.11		0.35279	1.8687	67.2407114996	13.8307
5 1 7			0.04		-0.18		21.35		0.35273	0.2609	54.1000446603	4.252
1 5 13			0.03		-0.16		20.82		0.35334	1.1973	71.2966048402	12.6128
0 6 16			0.03		-0.13		20.24		0.35266	0.4825	89.3859051251	7.6515
2 0 2			-0.01		-0.13		20.4		0.35242	0.6502	19.2320929378	35.9547
2 2 0			-0.5		-0.63		40.7		0.35242	11.1953	25.0390113278	1035.9387
6 4 2			0.03		-0.6		39.5		0.35238	0.2211	67.6401768609	4.8049
6 0 6			0.03		-0.57		38.3		0.3523	1.0815	60.1501886982	39.9969
2 4 6			0.03		-0.54		37.25		0.35171	0.785	46.7364348384	64.2552
6 4 6			0.03		-0.52		36.29		0.35264	0.9247	71.9614498967	41.9809
1 3 1			0.01		-0.5		35.8		0.35244	0.5324	28.3265170018	42.1271
7 1 7			0.03		-0.48		34.88		0.35237	0.3505	72.2660298289	5.0526
3 5 7			0.03		-0.45		34.01		0.3523	0.2309	60.5203777188	5.6046
3 3 1			0.02		-0.43		33.46		0.35214	0.5106	38.1558496662	33.1617
2 4 14			0.02		-0.41		32.65		0.35268	0.5221	70.6383718296	19.4111
2 6 2			-0.04		-0.45		34.0		0.35377	1.2892	58.5985395934	134.3564
3 1 15			0.02		-0.43		33.26		0.35239	0.2871	67.3554895111	7.7692
1 3 15			0.02		-0.4		32.54		0.35149	0.2862	67.3623786269	8.1809
0 6 18			0.02		-0.38		31.8		0.35197	0.7949	98.0280769063	1.8601
2 4 10			0.02		-0.36		31.2		0.35192	0.607	57.0555982332	12.0937
6 0 12			0.02		-0.34		30.59		0.36041	0.5892	74.995462768	0.9301
2 4 8			0.02		-0.32		29.97		0.35985	0.1687	51.4325245866	2.4593
0 2 20			0.02		-0.3		29.37		0.35993	0.4494	86.0769303832	2.8517
3 1 7			0.02		-0.28		28.8		0.35995	0.257	39.2655360855	5.205
5 3 5			-0.01		-0.3		29.19		0.36136	2.2247	56.9473208346	134.0256
1 3 13			0.02		-0.28		28.63		0.36165	0.3907	59.4200243294	11.5335
1 1 13			0.02		-0.26		28.09		0.36185	0.3722	52.9310122384	10.9703
0 0 12			-0.06		-0.31		29.82		0.35413	3.2426	47.0346015839	274.3783
1 1 15			0.01		-0.3		29.52		0.35402	0.656	61.3839959686	20.6242
4 2 10			0.02		-0.29		29.06		0.35392	1.1102	57.0442200735	11.3144
1 1 9			0.02		-0.27		28.57		0.35451	0.2216	37.1193146943	1.1702
0 6 14			0.02		-0.25		28.11		0.35471	0.9096	81.7552219026	27.2955
2 0 8			0.02		-0.24		27.63		0.35476	0.1665	35.7565424018	1.5727
7 3 5			0.0		-0.23		27.54		0.35619	1.0496	74.7140851895	88.0788
3 3 9			0.02		-0.22		27.09		0.35575	0.3816	52.4524123761	12.0632
5 1 13			0.01		-0.2		26.72		0.35672	0.4567	71.2764535317	11.3258
6 0 10			0.01		-0.19		26.34		0.35636	1.0728	69.1331306246	8.9056
0 0 20			0.0		-0.19		26.33		0.36279	0.4542	83.3712939521	4.3689
4 4 6			-0.1		-0.28		29.11		0.36236	4.3817	57.0116572758	400.3855
0 0 4			-0.01		-0.29		29.31		0.36234	0.8482	15.2869714585	59.1035
4 6 6			0.02		-0.28		28.86		0.36233	1.1903	71.9781772466	41.9784
0 6 6			0.01		-0.26		28.49		0.36224	1.0147	60.183190367	40.9583
5 1 9			0.01		-0.25		28.16		0.36212	0.4583	58.9619928854	19.0838
0 6 0			0.01		-0.24		27.84		0.36212	1.4277	54.7714555341	59.4019
2 4 2			0.01		-0.23		27.56		0.36212	0.3828	40.8766170199	13.2501
9 1 1			0.01		-0.22		27.24		0.36212	0.8793	87.9915459652	19.6393
5 3 9			0.01		-0.21		26.99		0.362	0.4833	65.0662013285	20.8409
0 6 10			0.01		-0.2		26.68		0.36198	0.8527	69.1637693973	8.5049
3 3 15			0.01		-0.18		26.34		0.362	0.3402	73.0835579415	3.8877
0 2 12			0.01		-0.17		26.07		0.36188	0.3827	50.6142203783	17.5707
0 2 8			0.01		-0.16		25.73		0.36187	0.1155	35.7619852008	1.7384
3 5 9			0.01		-0.15		25.5		0.36175	0.4755	65.0802252419	19.5165
5 5 5			0.0		-0.15		25.44		0.36192	1.5862	69.0631626084	104.8873
7 3 1			0.01		-0.14		25.2		0.36191	0.5095	71.5359286583	22.1332
6 2 6			-0.07		-0.21		27.02		0.3615	3.9921	63.2107357729	344.5633
0 4 20			0.01		-0.2		26.72		0.36181	1.027	94.1654323607	18.6345
0 2 18			0.01		-0.18		26.41		0.36181	0.3755	76.3208597895	3.7538
2 2 16			0.01		-0.18		26.22		0.36218	1.1693	70.1293332912	108.6018
5 1 1			0.01		-0.17		26.05		0.36218	0.5346	46.1701152	26.7419
5 5 7			0.01		-0.16		25.75		0.36218	0.6639	72.2860687267	4.3062
0 4 16			0.01		-0.15		25.51		0.36243	1.5557	75.7704700384	94.8658
6 2 2			-0.03		-0.17		26.17		0.36248	3.3001	58.5687226088	135.1206
4 2 12			0.01		-0.16		25.89		0.36245	0.2244	63.468523569	4.7972
4 4 8			-0.03		-0.19		26.67		0.36266	3.9407	61.1479986878	218.5721
1 7 1			0.01		-0.19		26.5		0.36266	0.5219	65.7901743415	26.2984
3 3 3			0.0		-0.19		26.48		0.36262	0.8081	39.7679129272	70.9373
6 0 8			0.01		-0.18		26.22		0.36255	2.9234	64.163237895	5.3359
2 4 0			0.01		-0.17		26.09		0.36255	1.4359	40.0960076051	88.2765
2 2 10			0.0		-0.17		26.03		0.36266	0.6429	46.7739448495	44.8949
7 1 1			0.01		-0.16		25.86		0.36266	0.5207	65.7483230412	25.2044
6 0 4			0.0		-0.16		25.83		0.36268	0.7069	57.1830782131	42.6751
0 6 4			0.0		-0.16		25.81		0.3627	0.6675	57.2171401797	42.9768
0 2 0			-0.01		-0.17		26.03		0.3627	1.4407	17.6394681947	177.2483
1 3 9			0.01		-0.16		25.79		0.36266	0.2622	45.3040218183	7.1674
0 4 10			0.0		-0.16		25.72		0.36277	0.9893	53.7871001638	44.1425
2 6 10			0.0		-0.15		25.65		0.3629	0.7069	72.0169435829	44.7171