HKL Value		Reward		TotalReward	Chi Squared	Z Appr. 	Error	Two-Thetas	Sfs2
3 3 7			0.0		0.0		0.0		0.3	0.1558	47.1418707618	3.5073
1 5 7			0.0		0.0		0.13		0.33915	0.6035	54.1236034243	4.2528
6 4 0			0.82		0.82		0.07		0.33915	1.8287	67.0910631577	58.6803
5 3 7			-0.23		0.59		0.09		0.33827	0.2523	60.5057581853	5.4388
4 6 0			0.16		0.74		0.08		0.33827	0.7863	67.1083315067	59.4729
7 3 3			-0.98		-0.23		3.32		0.33791	1.9283	72.601334037	69.5466
0 2 14			0.1		-0.14		3.03		0.33558	0.2479	58.6982494177	6.3292
6 0 2			0.02		-0.12		2.98		0.33556	0.2214	55.354768557	5.4487
1 5 5			-0.59		-0.71		7.21		0.3796	1.8923	50.2743192378	127.3636
6 0 0			0.04		-0.67		6.93		0.3796	0.7256	54.7363985401	55.434
1 5 13			-0.09		-0.75		7.58		0.36589	1.1973	71.2966048402	12.6128
0 6 2			0.07		-0.68		7.06		0.366	0.2356	55.3895592761	6.1752
2 4 10			-0.0		-0.68		7.08		0.36609	0.607	57.0555982332	12.0937
0 2 2			-0.18		-0.86		8.61		0.36603	0.4614	19.2417464495	36.8131
2 0 14			0.07		-0.79		8.03		0.36554	0.2634	58.6945218607	7.3942
4 4 8			-0.4		-1.18		13.35		0.36715	3.9407	61.1479986878	218.5721
0 6 8			0.04		-1.14		12.84		0.36648	0.7694	64.1950429677	5.6946
0 2 16			0.06		-1.09		12.12		0.36582	1.8687	67.2407114996	13.8307
2 2 10			-0.01		-1.1		12.29		0.36684	0.6429	46.7739448495	44.8949
4 6 2			0.04		-1.06		11.78		0.36687	0.2349	67.657370766	5.5969
4 4 10			-0.01		-1.07		11.94		0.36806	0.6886	66.23802526	47.6672
1 3 7			0.05		-1.02		11.41		0.36816	0.1893	39.2755843192	5.3372
2 4 6			-0.02		-1.04		11.64		0.36723	0.785	46.7364348384	64.2552
2 4 14			0.03		-1.02		11.36		0.36649	0.5221	70.6383718296	19.4111
2 0 16			0.04		-0.98		10.95		0.36573	0.5935	67.2372591268	11.8907
7 1 1			0.0		-0.98		10.94		0.36569	0.5207	65.7483230412	25.2044
4 2 8			0.02		-0.96		10.75		0.36525	0.7605	51.4203212226	2.5419
5 5 1			0.01		-0.95		10.59		0.36521	0.5073	65.769247456	23.9531
0 6 16			0.03		-0.92		10.29		0.36447	0.4825	89.3859051251	7.6515
3 1 13			0.04		-0.88		9.94		0.36434	0.3869	59.4126405656	11.7895
6 0 6			0.02		-0.87		9.77		0.36411	1.0815	60.1501886982	39.9969
1 3 15			0.02		-0.84		9.54		0.36417	0.2862	67.3623786269	8.1809
4 2 14			0.02		-0.82		9.33		0.36395	1.2576	70.6282605877	19.9713
0 4 16			0.03		-0.79		9.09		0.3643	1.5557	75.7704700384	94.8658
6 4 2			0.02		-0.77		8.89		0.36431	0.2211	67.6401768609	4.8049
6 4 6			0.03		-0.74		8.64		0.36426	0.9247	71.9614498967	41.9809
3 1 15			0.02		-0.72		8.47		0.3643	0.2871	67.3554895111	7.7692
7 1 7			0.02		-0.7		8.28		0.36431	0.3505	72.2660298289	5.0526
3 5 7			0.02		-0.68		8.11		0.36433	0.2309	60.5203777188	5.6046
0 6 0			0.01		-0.67		8.07		0.36433	1.4277	54.7714555341	59.4019
2 4 12			0.02		-0.65		7.91		0.36428	0.2205	63.4791913795	4.8908
3 7 1			0.0		-0.65		7.89		0.36426	1.2822	71.5694631273	22.2453
0 0 12			-0.29		-0.94		11.17		0.36306	3.2426	47.0346015839	274.3783
0 4 20			0.02		-0.92		10.91		0.36315	1.027	94.1654323607	18.6345
2 4 8			0.01		-0.9		10.75		0.36296	0.1687	51.4325245866	2.4593
0 0 4			-0.06		-0.96		11.44		0.36293	0.8482	15.2869714585	59.1035
1 1 15			0.0		-0.96		11.4		0.36303	0.656	61.3839959686	20.6242
5 1 9			0.01		-0.95		11.29		0.36284	0.4583	58.9619928854	19.0838
1 1 7			0.02		-0.93		11.09		0.36285	0.2012	29.7561292971	6.5386
1 1 13			0.02		-0.91		10.87		0.36288	0.3722	52.9310122384	10.9703
2 0 10			-0.0		-0.92		10.91		0.36284	0.6169	42.9543880851	20.236
3 3 13			0.02		-0.9		10.7		0.36278	0.5636	65.4922780779	9.1158
0 6 14			0.01		-0.88		10.56		0.36264	0.9096	81.7552219026	27.2955
6 0 8			0.01		-0.87		10.41		0.36252	2.9234	64.163237895	5.3359
4 2 10			0.01		-0.86		10.34		0.36248	1.1102	57.0442200735	11.3144
2 0 2			-0.03		-0.89		10.63		0.36247	0.6502	19.2320929378	35.9547
3 1 9			0.01		-0.88		10.49		0.36237	0.36	45.2950695798	8.7768
0 6 6			0.01		-0.86		10.37		0.36225	1.0147	60.183190367	40.9583
1 1 9			0.02		-0.85		10.19		0.36223	0.2216	37.1193146943	1.1702
1 3 13			0.02		-0.83		10.03		0.36231	0.3907	59.4200243294	11.5335
2 4 2			0.0		-0.83		9.99		0.36231	0.3828	40.8766170199	13.2501
4 2 2			0.0		-0.82		9.94		0.36233	0.457	40.8620305525	12.2524
2 2 4			-0.06		-0.88		10.59		0.36229	0.7551	29.4672289371	73.6026
2 0 0			-0.05		-0.93		11.16		0.36229	2.02	17.6289686615	175.6782
3 5 9			0.0		-0.93		11.12		0.36213	0.4755	65.0802252419	19.5165
9 1 1			0.01		-0.92		11.03		0.36212	0.8793	87.9915459652	19.6393
3 1 7			0.01		-0.91		10.88		0.36212	0.257	39.2655360855	5.205
3 7 3			-0.02		-0.93		11.06		0.36206	0.8954	72.6346668965	71.6226
7 3 1			0.01		-0.92		11.0		0.36204	0.5095	71.5359286583	22.1332
5 1 7			0.01		-0.91		10.86		0.36204	0.2609	54.1000446603	4.252
2 0 12			0.01		-0.9		10.79		0.36188	0.8079	50.6101057273	16.6151
5 5 3			-0.02		-0.92		10.96		0.3618	0.8107	66.8760743485	64.1048
0 6 10			0.01		-0.91		10.87		0.36177	0.8527	69.1637693973	8.5049
3 5 11			-0.05		-0.96		11.46		0.36188	1.8915	70.5555824797	206.4699
0 2 20			0.01		-0.95		11.31		0.36197	0.4494	86.0769303832	2.8517
4 2 12			0.01		-0.93		11.18		0.3619	0.2244	63.468523569	4.7972
4 6 6			0.01		-0.92		11.03		0.3619	1.1903	71.9781772466	41.9784
0 2 18			0.01		-0.91		10.9		0.3619	0.3755	76.3208597895	3.7538
0 0 20			-0.0		-0.91		10.94		0.36308	0.4542	83.3712939521	4.3689
4 2 0			-0.0		-0.91		10.97		0.36308	0.9287	40.0811891304	86.5118
4 0 4			-0.04		-0.96		11.48		0.36306	1.2165	39.0343929222	79.1487