HKL Value		Reward		TotalReward	Chi Squared	Z Appr. 	Error	Two-Thetas	Sfs2
1 5 7			0.0		0.0		0.0		0.3	0.6035	54.1236034243	4.2528
6 4 0			0.0		0.0		0.01		0.33737	1.8287	67.0910631577	58.6803
1 3 7			1.0		1.0		0.01		0.33738	0.1893	39.2755843192	5.3372
0 4 4			-1.0		-0.0		12.01		0.33307	0.8482	39.0545896029	78.0016
2 2 8			-0.66		-0.66		35.08		0.3757	1.8488	40.1384116224	216.1995
0 2 22			0.03		-0.62		33.96		0.3657	1.8317	96.7387030121	97.213
2 4 0			0.11		-0.52		30.6		0.3657	1.4359	40.0960076051	88.2765
0 2 2			0.02		-0.5		30.08		0.36565	0.4614	19.2417464495	36.8131
5 3 7			0.13		-0.36		26.51		0.36575	0.2523	60.5057581853	5.4388
1 1 7			0.12		-0.24		23.7		0.36589	0.2012	29.7561292971	6.5386
1 3 13			0.11		-0.14		21.43		0.36499	0.3907	59.4200243294	11.5335
4 6 0			0.1		-0.04		19.49		0.36499	0.7863	67.1083315067	59.4729
2 0 14			0.09		0.05		17.88		0.36481	0.2634	58.6945218607	7.3942
0 0 22			0.07		0.12		16.69		0.36459	2.2765	94.0325860765	137.6091
1 1 9			0.08		0.2		15.52		0.36461	0.2216	37.1193146943	1.1702
0 2 14			0.07		0.27		14.48		0.36457	0.2479	58.6982494177	6.3292
4 6 6			0.07		0.33		13.6		0.36446	1.1903	71.9781772466	41.9784
0 6 8			0.05		0.38		12.99		0.36412	0.7694	64.1950429677	5.6946
3 3 7			0.06		0.44		12.31		0.36415	0.1558	47.1418707618	3.5073
6 0 2			0.05		0.49		11.74		0.36419	0.2214	55.354768557	5.4487
2 2 16			0.04		0.52		11.34		0.36501	1.1693	70.1293332912	108.6018
0 6 2			0.04		0.56		10.89		0.36504	0.2356	55.3895592761	6.1752
4 6 2			0.04		0.6		10.52		0.36505	0.2349	67.657370766	5.5969
4 4 12			-0.15		0.45		12.31		0.36393	1.9475	72.2035773977	130.2426
2 0 16			0.04		0.49		11.8		0.3639	0.5935	67.2372591268	11.8907
1 1 1			-0.04		0.45		12.32		0.36384	0.5749	13.0194761966	56.7652
5 5 3			-0.04		0.42		12.77		0.36372	0.8107	66.8760743485	64.1048
5 1 7			0.03		0.45		12.34		0.36374	0.2609	54.1000446603	4.252
1 7 7			0.03		0.48		11.99		0.36376	0.4353	72.3061031614	6.1143
6 2 4			-0.1		0.38		13.31		0.36369	0.8727	60.3342977717	77.9073
0 0 20			0.02		0.41		13.0		0.36463	0.4542	83.3712939521	4.3689
3 1 13			0.03		0.44		12.59		0.36453	0.3869	59.4126405656	11.7895
6 0 0			0.02		0.46		12.34		0.36453	0.7256	54.7363985401	55.434
2 2 10			-0.01		0.45		12.5		0.36479	0.6429	46.7739448495	44.8949
0 4 6			-0.4		0.04		20.94		0.36416	3.7688	42.9189471786	481.9509
1 5 11			-0.05		-0.01		22.06		0.36413	1.8219	64.7342781598	204.7444