HKL Value		Reward		TotalReward	Chi Squared	Z Appr. 	Error	Two-Thetas	Sfs2
0 4 8			0.0		0.0		0.0		0.3	4.1351	47.9021960727	235.0989
6 2 0			0.0		0.0		368.46		0.25001	4.3933	57.9728440251	566.5186
3 1 5			0.59		0.59		232.06		0.23931	2.8985	34.1781376955	186.2389
1 5 7			0.5		1.09		154.96		0.23753	0.6035	54.1236034243	4.2528
6 4 0			0.33		1.42		116.22		0.23753	1.8287	67.0910631577	58.6803
5 3 7			0.25		1.67		93.01		0.23698	0.2523	60.5057581853	5.4388
4 6 0			0.2		1.87		77.52		0.23698	0.7863	67.1083315067	59.4729
1 3 7			0.17		2.03		66.48		0.23647	0.1893	39.2755843192	5.3372
1 1 7			0.14		2.18		58.21		0.23599	0.2012	29.7561292971	6.5386
0 2 20			0.12		2.3		51.75		0.23638	0.4494	86.0769303832	2.8517
0 0 12			0.02		2.32		50.82		0.24024	3.2426	47.0346015839	274.3783
2 0 14			0.1		2.42		46.2		0.24007	0.2634	58.6945218607	7.3942
0 2 14			0.09		2.51		42.37		0.23979	0.2479	58.6982494177	6.3292
4 6 2			0.08		2.59		39.16		0.23979	0.2349	67.657370766	5.5969
0 6 8			0.07		2.66		36.61		0.23936	0.7694	64.1950429677	5.6946
3 3 7			0.06		2.73		34.38		0.23878	0.1558	47.1418707618	3.5073
6 0 2			0.07		2.79		32.24		0.23878	0.2214	55.354768557	5.4487
0 0 6			-0.49		2.3		63.64		0.23799	7.4326	23.0169618987	709.6598
1 1 15			0.05		2.35		60.66		0.23768	0.656	61.3839959686	20.6242
7 1 7			0.06		2.4		57.47		0.23759	0.3505	72.2660298289	5.0526
0 6 2			0.05		2.46		54.62		0.23759	0.2356	55.3895592761	6.1752
3 1 13			-0.0		2.45		54.7		0.24163	0.3869	59.4126405656	11.7895
3 1 7			0.04		2.5		52.36		0.24126	0.257	39.2655360855	5.205
2 0 16			0.04		2.54		50.15		0.24085	0.5935	67.2372591268	11.8907
6 0 0			0.04		2.58		48.25		0.24085	0.7256	54.7363985401	55.434
3 1 9			0.04		2.62		46.36		0.24102	0.36	45.2950695798	8.7768
2 4 14			0.03		2.66		44.83		0.24128	0.5221	70.6383718296	19.4111
1 7 7			0.04		2.7		43.2		0.24116	0.4353	72.3061031614	6.1143
4 2 8			0.03		2.73		41.9		0.24091	0.7605	51.4203212226	2.5419
0 2 16			0.04		2.76		40.47		0.24076	1.8687	67.2407114996	13.8307
1 5 13			0.0		2.76		40.34		0.24233	1.1973	71.2966048402	12.6128
4 2 14			0.03		2.79		39.23		0.24249	1.2576	70.6282605877	19.9713
2 4 6			-0.01		2.78		39.56		0.24247	0.785	46.7364348384	64.2552
6 4 2			0.03		2.81		38.4		0.24247	0.2211	67.6401768609	4.8049
4 0 12			0.03		2.84		37.35		0.24261	2.7435	60.4154589103	161.2613
1 3 13			0.01		2.85		37.1		0.24375	0.3907	59.4200243294	11.5335
6 0 12			-0.14		2.71		42.92		0.23887	0.5892	74.995462768	0.9301
6 0 6			0.01		2.72		42.56		0.23887	1.0815	60.1501886982	39.9969
0 2 12			0.01		2.74		42.01		0.23788	0.3827	50.6142203783	17.5707
5 1 7			0.03		2.76		40.95		0.23781	0.2609	54.1000446603	4.252
1 3 9			0.02		2.78		40.09		0.23815	0.2622	45.3040218183	7.1674
6 4 6			0.01		2.79		39.81		0.2381	0.9247	71.9614498967	41.9809
3 5 7			0.02		2.81		38.87		0.23806	0.2309	60.5203777188	5.6046
4 6 6			0.01		2.82		38.63		0.23802	1.1903	71.9781772466	41.9784
1 3 15			0.02		2.84		37.82		0.23797	0.2862	67.3623786269	8.1809
3 1 15			0.02		2.86		37.04		0.2379	0.2871	67.3554895111	7.7692
0 4 4			0.02		2.88		36.32		0.23787	0.8482	39.0545896029	78.0016
2 4 10			0.02		2.9		35.69		0.2379	0.607	57.0555982332	12.0937
2 4 8			0.02		2.92		35.03		0.23775	0.1687	51.4325245866	2.4593
4 0 14			-0.03		2.89		36.25		0.23731	1.986	67.7459682929	124.3248
0 6 16			0.02		2.91		35.53		0.23731	0.4825	89.3859051251	7.6515
1 1 13			-0.02		2.88		36.34		0.23894	0.3722	52.9310122384	10.9703
3 5 5			-0.01		2.88		36.55		0.23869	1.2751	56.9624934876	133.7285
4 4 12			0.02		2.9		35.86		0.23869	1.9475	72.2035773977	130.2426
5 1 1			0.02		2.92		35.19		0.23869	0.5346	46.1701152	26.7419
2 2 14			-0.02		2.89		36.02		0.23847	1.0835	61.7979105177	101.9829
4 2 10			0.01		2.91		35.49		0.2385	1.1102	57.0442200735	11.3144
6 0 8			0.02		2.92		34.92		0.23839	2.9234	64.163237895	5.3359
3 7 1			0.02		2.94		34.35		0.23839	1.2822	71.5694631273	22.2453
5 5 1			0.02		2.96		33.8		0.23842	0.5073	65.769247456	23.9531
0 6 10			0.01		2.97		33.31		0.23844	0.8527	69.1637693973	8.5049
3 3 1			0.02		2.99		32.76		0.23844	0.5106	38.1558496662	33.1617
1 1 9			0.01		3.0		32.39		0.23885	0.2216	37.1193146943	1.1702
3 3 9			0.02		3.02		31.89		0.23896	0.3816	52.4524123761	12.0632
2 0 8			0.02		3.03		31.4		0.23894	0.1665	35.7565424018	1.5727
5 1 13			-0.02		3.02		31.88		0.2402	0.4567	71.2764535317	11.3258
0 6 14			0.01		3.02		31.63		0.24033	0.9096	81.7552219026	27.2955
0 6 6			0.0		3.02		31.62		0.24033	1.0147	60.183190367	40.9583
5 1 9			0.01		3.04		31.15		0.24034	0.4583	58.9619928854	19.0838
5 3 9			0.01		3.05		30.71		0.24031	0.4833	65.0662013285	20.8409
9 1 1			0.01		3.07		30.31		0.24032	0.8793	87.9915459652	19.6393
0 6 0			0.01		3.08		29.97		0.24032	1.4277	54.7714555341	59.4019
7 1 1			0.01		3.09		29.56		0.24032	0.5207	65.7483230412	25.2044
1 3 3			-0.01		3.08		29.86		0.24034	0.7045	30.3940112777	66.1614
3 3 15			0.01		3.1		29.47		0.24032	0.3402	73.0835579415	3.8877
3 5 9			0.01		3.11		29.08		0.24029	0.4755	65.0802252419	19.5165
0 4 20			0.01		3.12		28.82		0.23967	1.027	94.1654323607	18.6345
2 2 10			0.0		3.12		28.74		0.23958	0.6429	46.7739448495	44.8949
7 3 1			0.01		3.13		28.39		0.23958	0.5095	71.5359286583	22.1332
4 2 12			-0.02		3.11		28.95		0.23829	0.2244	63.468523569	4.7972
2 0 12			0.0		3.12		28.87		0.23771	0.8079	50.6101057273	16.6151
6 0 10			0.01		3.13		28.57		0.23771	1.0728	69.1331306246	8.9056
0 2 8			0.01		3.14		28.22		0.23771	0.1155	35.7619852008	1.7384
0 2 18			0.01		3.15		27.97		0.23822	0.3755	76.3208597895	3.7538
0 4 16			0.01		3.16		27.67		0.23837	1.5557	75.7704700384	94.8658
0 2 10			0.01		3.17		27.5		0.23839	0.4317	42.9590557724	21.0204
5 1 5			-0.01		3.16		27.75		0.23827	1.1901	50.2495039981	127.1383
3 3 3			-0.01		3.15		28.07		0.23828	0.8081	39.7679129272	70.9373
0 0 14			-0.01		3.13		28.42		0.23822	0.8389	55.4890953336	74.9432