HKL Value		Reward		TotalReward	Chi Squared	Z Appr. 	Error	Two-Thetas	Sfs2
1 5 7			0.0		0.0		0.0		0.3	0.6035	54.1236034243	4.2528
4 2 2			0.0		0.0		6.99		0.33644	0.457	40.8620305525	12.2524
6 4 0			1.0		1.0		3.5		0.33644	1.8287	67.0910631577	58.6803
1 3 7			0.5		1.49		2.34		0.33691	0.1893	39.2755843192	5.3372
2 2 0			-0.99		0.51		164.18		0.33691	11.1953	25.0390113278	1035.9387
3 3 7			0.25		0.76		131.4		0.33823	0.1558	47.1418707618	3.5073
0 4 14			0.15		0.91		114.44		0.35722	1.2337	67.7597167724	121.3788
0 2 6			0.13		1.03		101.72		0.35356	1.1672	29.1471999487	131.5155
6 2 10			0.1		1.13		92.2		0.35455	0.7103	71.9901825081	43.9921
5 3 7			0.12		1.26		82.17		0.35446	0.2523	60.5057581853	5.4388
2 0 12			0.11		1.37		73.95		0.35436	0.8079	50.6101057273	16.6151
2 0 8			0.1		1.47		67.26		0.35449	0.1665	35.7565424018	1.5727
1 1 7			0.09		1.55		61.8		0.35443	0.2012	29.7561292971	6.5386
0 6 6			0.08		1.64		57.07		0.35417	1.0147	60.183190367	40.9583
1 1 1			0.04		1.68		54.67		0.35393	0.5749	13.0194761966	56.7652
4 6 0			0.07		1.75		51.02		0.35393	0.7863	67.1083315067	59.4729
6 2 0			-0.22		1.53		65.47		0.35393	4.3933	57.9728440251	566.5186
1 1 17			0.0		1.53		65.35		0.35341	2.447	70.2810461715	248.4175
2 0 14			0.06		1.59		61.72		0.35334	0.2634	58.6945218607	7.3942
0 2 14			0.06		1.65		58.5		0.35319	0.2479	58.6982494177	6.3292
0 2 8			0.05		1.7		55.6		0.35323	0.1155	35.7619852008	1.7384
0 6 2			0.05		1.75		53.08		0.35327	0.2356	55.3895592761	6.1752
5 1 7			0.05		1.79		50.73		0.35324	0.2609	54.1000446603	4.252
1 7 7			0.04		1.84		48.63		0.35322	0.4353	72.3061031614	6.1143
6 4 6			0.04		1.88		46.73		0.35361	0.9247	71.9614498967	41.9809
6 0 2			0.04		1.92		44.95		0.35364	0.2214	55.354768557	5.4487
4 6 2			0.04		1.95		43.32		0.35363	0.2349	67.657370766	5.5969
2 0 16			0.03		1.99		41.98		0.35358	0.5935	67.2372591268	11.8907
0 6 8			0.04		2.02		40.49		0.35369	0.7694	64.1950429677	5.6946
1 3 13			0.03		2.05		39.29		0.35397	0.3907	59.4200243294	11.5335
1 3 11			-0.07		1.98		42.39		0.35646	2.4293	52.0561920156	298.4303
0 2 16			0.03		2.01		41.26		0.35711	1.8687	67.2407114996	13.8307
6 0 0			0.03		2.04		40.12		0.35711	0.7256	54.7363985401	55.434
3 1 13			0.03		2.06		39.02		0.35778	0.3869	59.4126405656	11.7895
4 2 8			0.03		2.09		37.89		0.3575	0.7605	51.4203212226	2.5419
2 2 16			0.01		2.11		37.47		0.36027	1.1693	70.1293332912	108.6018
6 2 2			-0.03		2.07		38.77		0.36051	3.3001	58.5687226088	135.1206
1 5 13			0.03		2.1		37.76		0.36082	1.1973	71.2966048402	12.6128
6 4 2			0.03		2.12		36.83		0.36082	0.2211	67.6401768609	4.8049
4 2 6			0.02		2.15		36.08		0.36049	1.6049	46.7233273538	62.1975
3 1 9			0.02		2.17		35.22		0.36028	0.36	45.2950695798	8.7768
0 4 10			0.01		2.18		34.88		0.36068	0.9893	53.7871001638	44.1425
0 0 12			-0.06		2.12		36.96		0.35718	3.2426	47.0346015839	274.3783
4 0 14			0.01		2.13		36.74		0.35716	1.986	67.7459682929	124.3248
0 0 6			-0.18		1.95		44.61		0.35442	7.4326	23.0169618987	709.6598
7 1 7			0.02		1.97		43.66		0.35441	0.3505	72.2660298289	5.0526
0 4 12			0.0		1.98		43.49		0.35216	1.4889	60.4300914167	161.7651
6 0 6			0.02		2.0		42.57		0.35212	1.0815	60.1501886982	39.9969
3 3 5			-0.02		1.98		43.23		0.35294	1.3995	42.8396693434	151.0913
0 4 6			-0.09		1.89		47.66		0.35178	3.7688	42.9189471786	481.9509
3 5 7			0.02		1.91		46.74		0.35175	0.2309	60.5203777188	5.6046
2 6 8			-0.03		1.88		48.05		0.3531	4.3291	67.1483383839	218.3417
2 4 6			0.02		1.9		47.18		0.35288	0.785	46.7364348384	64.2552
4 6 6			0.02		1.92		46.35		0.35316	1.1903	71.9781772466	41.9784
2 4 14			0.02		1.94		45.51		0.35331	0.5221	70.6383718296	19.4111
0 6 10			0.02		1.96		44.74		0.35325	0.8527	69.1637693973	8.5049
0 6 16			0.02		1.97		44.01		0.35314	0.4825	89.3859051251	7.6515
3 1 15			0.02		1.99		43.28		0.35284	0.2871	67.3554895111	7.7692
3 1 3			0.01		2.0		42.92		0.35274	1.2003	30.3814370344	67.5761
1 3 15			0.02		2.01		42.24		0.35242	0.2862	67.3623786269	8.1809
0 2 20			0.02		2.03		41.55		0.35256	0.4494	86.0769303832	2.8517
2 2 4			-0.0		2.03		41.64		0.35239	0.7551	29.4672289371	73.6026
2 4 8			0.02		2.04		40.97		0.35243	0.1687	51.4325245866	2.4593
3 1 7			0.02		2.06		40.35		0.35241	0.257	39.2655360855	5.205
1 1 13			0.01		2.07		39.81		0.35252	0.3722	52.9310122384	10.9703
2 4 10			0.01		2.09		39.27		0.35248	0.607	57.0555982332	12.0937
1 3 5			-0.02		2.06		40.25		0.35339	3.1323	34.189462707	190.138
4 2 14			0.01		2.08		39.66		0.35354	1.2576	70.6282605877	19.9713
1 1 15			0.01		2.09		39.28		0.35337	0.656	61.3839959686	20.6242
6 0 12			0.01		2.1		38.84		0.3554	0.5892	74.995462768	0.9301
4 2 10			0.01		2.11		38.35		0.35533	1.1102	57.0442200735	11.3144
3 3 9			0.01		2.13		37.81		0.35523	0.3816	52.4524123761	12.0632
0 6 14			0.01		2.14		37.32		0.3553	0.9096	81.7552219026	27.2955
1 7 5			0.0		2.14		37.3		0.35581	1.0841	69.0835930101	99.7513
2 6 0			-0.08		2.06		40.52		0.35581	4.3567	58.0028534629	558.9791
0 0 20			-0.01		2.05		40.88		0.36119	0.4542	83.3712939521	4.3689
4 2 4			0.0		2.05		40.85		0.36121	0.7624	43.1345383828	64.2766
9 1 1			0.01		2.06		40.39		0.36121	0.8793	87.9915459652	19.6393
5 5 1			0.01		2.07		39.95		0.3612	0.5073	65.769247456	23.9531
0 4 20			0.01		2.09		39.48		0.3615	1.027	94.1654323607	18.6345
2 0 6			0.0		2.09		39.4		0.36135	1.6278	29.1406672869	128.8477
1 5 1			0.01		2.1		39.06		0.36135	0.4978	46.196563203	27.3004
5 3 9			0.01		2.11		38.69		0.36126	0.4833	65.0662013285	20.8409
3 5 9			0.01		2.12		38.32		0.36118	0.4755	65.0802252419	19.5165
3 3 15			0.01		2.13		37.88		0.3612	0.3402	73.0835579415	3.8877
2 6 4			-0.0		2.12		38.02		0.36118	0.8772	60.3635846112	78.02
0 0 16			0.01		2.13		37.77		0.36155	1.3342	64.286058028	116.6634
6 0 10			0.01		2.14		37.39		0.36153	1.0728	69.1331306246	8.9056
1 7 1			0.01		2.15		37.09		0.36152	0.5219	65.7901743415	26.2984
6 2 4			-0.0		2.15		37.24		0.36149	0.8727	60.3342977717	77.9073
0 6 0			0.01		2.15		36.9		0.36149	1.4277	54.7714555341	59.4019
0 2 18			0.01		2.17		36.51		0.3615	0.3755	76.3208597895	3.7538
0 4 16			0.01		2.17		36.18		0.36175	1.5557	75.7704700384	94.8658
4 2 12			0.01		2.18		35.8		0.36171	0.2244	63.468523569	4.7972
6 0 8			0.01		2.19		35.45		0.36166	2.9234	64.163237895	5.3359
7 3 1			0.01		2.2		35.14		0.36166	0.5095	71.5359286583	22.1332
5 1 1			0.01		2.21		34.9		0.36165	0.5346	46.1701152	26.7419
5 3 3			-0.0		2.21		34.91		0.36161	0.9351	54.4936931553	89.9375
2 0 2			0.0		2.21		34.82		0.36161	0.6502	19.2320929378	35.9547
7 1 5			0.0		2.22		34.74		0.36172	1.5264	69.0427278305	98.726
7 1 1			0.01		2.22		34.5		0.3617	0.5207	65.7483230412	25.2044
4 4 2			-0.01		2.21		34.98		0.36175	1.2125	52.0311030722	128.6454