HKL Value		Reward		TotalReward	Chi Squared	Z Appr. 	Error	Two-Thetas	Sfs2
1 5 7			0.0		0.0		0.0		0.3	0.6035	54.1236034243	4.2528
6 4 0			0.0		0.0		0.01		0.33737	1.8287	67.0910631577	58.6803
4 6 0			-0.53		-0.53		0.03		0.33737	0.7863	67.1083315067	59.4729
5 3 7			0.2		-0.33		0.02		0.33689	0.2523	60.5057581853	5.4388
0 4 6			-1.0		-1.32		58.43		0.33507	3.7688	42.9189471786	481.9509
1 3 7			0.25		-1.08		46.78		0.3355	0.1893	39.2755843192	5.3372
2 0 14			0.19		-0.88		39.15		0.33432	0.2634	58.6945218607	7.3942
6 0 2			0.15		-0.73		33.93		0.3343	0.2214	55.354768557	5.4487
3 3 7			0.14		-0.59		29.85		0.33511	0.1558	47.1418707618	3.5073
0 2 14			0.12		-0.47		26.59		0.33453	0.2479	58.6982494177	6.3292
0 6 2			0.1		-0.37		24.25		0.33451	0.2356	55.3895592761	6.1752
0 6 8			0.09		-0.28		22.16		0.33423	0.7694	64.1950429677	5.6946
4 6 2			0.08		-0.19		20.46		0.33416	0.2349	67.657370766	5.5969
2 4 6			0.08		-0.11		18.89		0.33416	0.785	46.7364348384	64.2552
4 0 6			-0.45		-0.56		34.59		0.33405	5.3963	42.900258124	488.2208
6 0 0			0.06		-0.5		32.6		0.33405	0.7256	54.7363985401	55.434
1 5 13			0.06		-0.44		30.77		0.33342	1.1973	71.2966048402	12.6128
3 1 13			0.06		-0.39		29.11		0.33288	0.3869	59.4126405656	11.7895
0 6 16			0.05		-0.34		27.72		0.33288	0.4825	89.3859051251	7.6515
2 0 16			0.04		-0.3		26.63		0.33273	0.5935	67.2372591268	11.8907
2 4 14			0.03		-0.26		25.74		0.33189	0.5221	70.6383718296	19.4111
1 7 5			-0.07		-0.33		27.66		0.33263	1.0841	69.0835930101	99.7513
0 2 16			0.03		-0.3		26.79		0.33237	1.8687	67.2407114996	13.8307
2 0 8			0.03		-0.27		26.06		0.3416	0.1665	35.7565424018	1.5727
4 2 8			0.04		-0.23		24.98		0.33856	0.7605	51.4203212226	2.5419
6 0 6			0.04		-0.19		24.05		0.34231	1.0815	60.1501886982	39.9969
3 1 11			-0.18		-0.37		29.25		0.35129	2.3814	52.0481274199	292.2152
3 7 3			0.01		-0.35		28.89		0.35088	0.8954	72.6346668965	71.6226
2 4 10			0.03		-0.32		28.02		0.35082	0.607	57.0555982332	12.0937
1 7 7			0.03		-0.29		27.14		0.35072	0.4353	72.3061031614	6.1143
4 2 14			0.03		-0.26		26.3		0.35162	1.2576	70.6282605877	19.9713
6 4 2			0.03		-0.23		25.53		0.35158	0.2211	67.6401768609	4.8049
6 4 6			0.03		-0.2		24.84		0.35308	0.9247	71.9614498967	41.9809
3 3 11			-0.07		-0.27		26.72		0.35988	2.1204	58.6030846927	249.5822
3 1 15			0.03		-0.24		26.04		0.36006	0.2871	67.3554895111	7.7692
1 3 15			0.03		-0.22		25.4		0.36024	0.2862	67.3623786269	8.1809
5 5 1			0.02		-0.2		24.87		0.36019	0.5073	65.769247456	23.9531
1 1 7			0.03		-0.17		24.24		0.36021	0.2012	29.7561292971	6.5386
1 1 15			0.01		-0.16		23.89		0.36057	0.656	61.3839959686	20.6242
7 1 7			0.02		-0.13		23.33		0.36057	0.3505	72.2660298289	5.0526
2 4 8			0.02		-0.11		22.79		0.36027	0.1687	51.4325245866	2.4593
1 1 13			0.02		-0.09		22.27		0.36058	0.3722	52.9310122384	10.9703
3 7 1			0.02		-0.07		21.89		0.36055	1.2822	71.5694631273	22.2453
3 5 7			0.02		-0.05		21.43		0.36055	0.2309	60.5203777188	5.6046
7 1 1			0.01		-0.04		21.17		0.36052	0.5207	65.7483230412	25.2044
1 1 11			-0.13		-0.16		24.31		0.36101	2.144	44.8525636461	378.5934
2 2 10			0.0		-0.16		24.26		0.36134	0.6429	46.7739448495	44.8949
5 1 9			0.02		-0.15		23.85		0.36106	0.4583	58.9619928854	19.0838
0 6 6			0.02		-0.13		23.42		0.36086	1.0147	60.183190367	40.9583
0 2 10			0.01		-0.12		23.21		0.36076	0.4317	42.9590557724	21.0204
0 6 0			0.01		-0.1		22.88		0.36076	1.4277	54.7714555341	59.4019
3 1 1			0.0		-0.1		22.8		0.36072	0.5239	28.3131072915	41.7464
6 0 8			0.02		-0.08		22.39		0.36052	2.9234	64.163237895	5.3359
0 2 20			0.02		-0.06		21.99		0.36063	0.4494	86.0769303832	2.8517
3 5 9			0.01		-0.05		21.71		0.36026	0.4755	65.0802252419	19.5165
0 6 14			0.02		-0.03		21.36		0.36011	0.9096	81.7552219026	27.2955
1 3 13			0.02		-0.02		21.0		0.36041	0.3907	59.4200243294	11.5335
1 1 3			0.0		-0.01		20.9		0.36033	0.4514	16.9416048235	36.8187
5 1 13			0.02		0.0		20.56		0.36058	0.4567	71.2764535317	11.3258
4 2 10			0.01		0.02		20.32		0.36051	1.1102	57.0442200735	11.3144
1 1 9			0.02		0.03		19.98		0.36047	0.2216	37.1193146943	1.1702
2 6 4			-0.02		0.01		20.47		0.36037	0.8772	60.3635846112	78.02
0 6 10			0.01		0.02		20.2		0.36029	0.8527	69.1637693973	8.5049
3 1 7			0.01		0.04		19.91		0.36029	0.257	39.2655360855	5.205
2 2 6			-0.21		-0.18		25.33		0.35815	8.3224	34.2684003079	615.2447
4 4 4			-0.01		-0.19		25.71		0.35787	0.8476	53.9354251327	76.9211
5 1 7			0.01		-0.18		25.34		0.35786	0.2609	54.1000446603	4.252
9 1 1			0.01		-0.16		25.04		0.35778	0.8793	87.9915459652	19.6393
7 3 1			0.01		-0.15		24.76		0.35768	0.5095	71.5359286583	22.1332
4 6 6			0.01		-0.14		24.41		0.358	1.1903	71.9781772466	41.9784
0 2 18			0.01		-0.13		24.08		0.35786	0.3755	76.3208597895	3.7538
3 1 9			0.01		-0.11		23.75		0.35751	0.36	45.2950695798	8.7768
4 4 12			0.0		-0.11		23.7		0.35415	1.9475	72.2035773977	130.2426
2 0 6			0.0		-0.11		23.68		0.35344	1.6278	29.1406672869	128.8477
0 6 12			0.01		-0.1		23.43		0.35481	0.3425	75.0250979777	1.887
0 4 12			-0.01		-0.11		23.64		0.35325	1.4889	60.4300914167	161.7651
4 4 10			-0.0		-0.11		23.71		0.35333	0.6886	66.23802526	47.6672
4 0 10			-0.0		-0.11		23.75		0.35342	0.6243	53.7713327333	45.2096