HKL Value		Reward		TotalReward	Chi Squared	Z Appr. 	Error	Two-Thetas	Sfs2
1 5 7			0.0		0.0		0.0		0.3	0.6035	54.1236034243	4.2528
6 4 0			0.0		0.0		0.01		0.33737	1.8287	67.0910631577	58.6803
1 3 7			1.0		1.0		0.01		0.33738	0.1893	39.2755843192	5.3372
5 3 9			-0.99		0.01		0.71		0.34626	0.4833	65.0662013285	20.8409
5 3 7			-0.12		-0.11		0.81		0.34439	0.2523	60.5057581853	5.4388
3 3 3			-0.82		-0.94		4.63		0.34205	0.8081	39.7679129272	70.9373
1 1 7			0.19		-0.75		3.89		0.34016	0.2012	29.7561292971	6.5386
5 1 3			-0.38		-1.13		6.25		0.33924	0.9592	47.5591860667	88.1873
3 5 1			-0.08		-1.21		6.81		0.3383	0.5283	53.2544885252	31.9012
5 1 7			0.12		-1.08		6.05		0.33807	0.2609	54.1000446603	4.252
4 6 0			0.11		-0.97		5.45		0.33807	0.7863	67.1083315067	59.4729
3 3 7			0.1		-0.88		4.97		0.33865	0.1558	47.1418707618	3.5073
4 4 6			-0.71		-1.58		17.05		0.33693	4.3817	57.0116572758	400.3855
1 7 7			0.08		-1.5		15.75		0.33669	0.4353	72.3061031614	6.1143
0 2 14			0.07		-1.43		14.72		0.33575	0.2479	58.6982494177	6.3292
2 0 14			0.06		-1.37		13.83		0.33501	0.2634	58.6945218607	7.3942
6 4 2			0.06		-1.31		13.05		0.33495	0.2211	67.6401768609	4.8049
3 1 13			0.04		-1.26		12.5		0.33429	0.3869	59.4126405656	11.7895
7 1 1			0.02		-1.24		12.23		0.3342	0.5207	65.7483230412	25.2044
0 6 8			0.05		-1.19		11.65		0.33397	0.7694	64.1950429677	5.6946
4 2 8			0.05		-1.14		11.08		0.33417	0.7605	51.4203212226	2.5419
4 6 2			0.04		-1.1		10.64		0.33413	0.2349	67.657370766	5.5969
6 0 2			0.04		-1.06		10.28		0.33412	0.2214	55.354768557	5.4487
7 1 7			0.04		-1.02		9.83		0.33422	0.3505	72.2660298289	5.0526
4 0 14			-0.21		-1.23		12.39		0.3496	1.986	67.7459682929	124.3248
0 2 20			0.04		-1.19		11.94		0.34945	0.4494	86.0769303832	2.8517
0 6 2			0.03		-1.16		11.59		0.34953	0.2356	55.3895592761	6.1752
2 0 16			0.02		-1.14		11.36		0.34865	0.5935	67.2372591268	11.8907
6 4 4			-0.02		-1.15		11.56		0.34921	0.6669	69.2748711385	33.991
1 5 13			0.01		-1.14		11.41		0.34936	1.1973	71.2966048402	12.6128
1 3 13			0.01		-1.13		11.26		0.3495	0.3907	59.4200243294	11.5335
0 2 16			0.01		-1.11		11.11		0.34855	1.8687	67.2407114996	13.8307
0 0 6			-0.49		-1.61		21.83		0.34529	7.4326	23.0169618987	709.6598
3 5 7			0.03		-1.58		21.21		0.3451	0.2309	60.5203777188	5.6046
6 0 6			0.03		-1.55		20.6		0.34532	1.0815	60.1501886982	39.9969
0 6 16			0.03		-1.52		20.04		0.34519	0.4825	89.3859051251	7.6515
4 2 14			0.02		-1.5		19.69		0.34644	1.2576	70.6282605877	19.9713
5 5 7			0.03		-1.47		19.17		0.34635	0.6639	72.2860687267	4.3062
2 2 12			-0.0		-1.48		19.21		0.34298	1.9766	54.0147953295	208.0279
3 1 7			0.03		-1.45		18.73		0.34263	0.257	39.2655360855	5.205
2 0 8			0.03		-1.42		18.27		0.34299	0.1665	35.7565424018	1.5727
6 4 6			0.01		-1.41		18.08		0.34395	0.9247	71.9614498967	41.9809
6 0 0			0.02		-1.4		17.76		0.34395	0.7256	54.7363985401	55.434
3 1 9			0.01		-1.39		17.59		0.34561	0.36	45.2950695798	8.7768
1 1 13			0.01		-1.37		17.34		0.34561	0.3722	52.9310122384	10.9703
0 6 6			0.02		-1.35		16.96		0.3457	1.0147	60.183190367	40.9583
1 3 9			0.01		-1.34		16.85		0.34716	0.2622	45.3040218183	7.1674
2 4 8			0.02		-1.32		16.51		0.34721	0.1687	51.4325245866	2.4593
4 2 6			0.02		-1.3		16.18		0.34711	1.6049	46.7233273538	62.1975
0 2 12			0.01		-1.29		16.03		0.34874	0.3827	50.6142203783	17.5707
6 0 8			0.02		-1.27		15.74		0.34887	2.9234	64.163237895	5.3359
3 1 15			0.02		-1.25		15.43		0.34878	0.2871	67.3554895111	7.7692
7 1 5			-0.04		-1.29		16.0		0.34931	1.5264	69.0427278305	98.726
6 0 12			-0.02		-1.31		16.31		0.35294	0.5892	74.995462768	0.9301
0 6 10			0.02		-1.29		16.05		0.35291	0.8527	69.1637693973	8.5049
1 3 11			-0.12		-1.42		18.28		0.3541	2.4293	52.0561920156	298.4303
4 2 12			0.02		-1.4		18.0		0.35463	0.2244	63.468523569	4.7972
2 4 6			0.01		-1.39		17.75		0.35446	0.785	46.7364348384	64.2552
5 5 1			0.01		-1.37		17.54		0.35444	0.5073	65.769247456	23.9531
2 0 12			0.02		-1.36		17.24		0.35442	0.8079	50.6101057273	16.6151
5 1 13			0.01		-1.34		17.04		0.35454	0.4567	71.2764535317	11.3258
1 1 15			0.0		-1.34		16.99		0.35452	0.656	61.3839959686	20.6242
2 2 2			-0.06		-1.41		18.15		0.35465	1.1162	26.2109248846	125.5642
2 4 14			0.02		-1.39		17.87		0.3547	0.5221	70.6383718296	19.4111
4 6 6			0.01		-1.38		17.62		0.35487	1.1903	71.9781772466	41.9784
1 3 15			0.01		-1.36		17.42		0.35475	0.2862	67.3623786269	8.1809
2 0 2			-0.01		-1.37		17.54		0.35472	0.6502	19.2320929378	35.9547
5 5 5			-0.01		-1.38		17.72		0.35518	1.5862	69.0631626084	104.8873
2 6 8			-0.07		-1.45		18.98		0.35632	4.3291	67.1483383839	218.3417