HKL Value		Reward		TotalReward	Chi Squared	Z Appr. 	Error	Two-Thetas	Sfs2
1 5 7			0.0		0.0		0.0		0.3	0.6035	54.1236034243	4.2528
2 6 2			0.0		0.0		71.3		0.38258	1.2892	58.5985395934	134.3564
6 4 0			1.0		1.0		35.66		0.38258	1.8287	67.0910631577	58.6803
3 1 13			0.29		1.29		27.55		0.36488	0.3869	59.4126405656	11.7895
1 3 7			0.31		1.61		21.0		0.36504	0.1893	39.2755843192	5.3372
5 3 7			0.23		1.83		17.11		0.3652	0.2523	60.5057581853	5.4388
1 1 7			0.18		2.01		14.48		0.3654	0.2012	29.7561292971	6.5386
0 0 22			0.13		2.15		12.76		0.3647	2.2765	94.0325860765	137.6091
5 1 7			0.13		2.28		11.31		0.36477	0.2609	54.1000446603	4.252
4 6 0			0.12		2.4		10.06		0.36477	0.7863	67.1083315067	59.4729
3 1 7			0.1		2.5		9.18		0.36488	0.257	39.2655360855	5.205
3 3 7			0.09		2.59		8.4		0.36494	0.1558	47.1418707618	3.5073
1 7 7			0.07		2.66		7.88		0.36506	0.4353	72.3061031614	6.1143
0 2 14			0.08		2.74		7.28		0.3649	0.2479	58.6982494177	6.3292
2 0 14			0.07		2.81		6.78		0.36467	0.2634	58.6945218607	7.3942
6 4 2			0.05		2.86		6.47		0.3647	0.2211	67.6401768609	4.8049
0 6 8			0.03		2.89		6.28		0.36404	0.7694	64.1950429677	5.6946
0 6 10			0.02		2.91		6.19		0.36398	0.8527	69.1637693973	8.5049
4 2 8			0.02		2.92		6.07		0.36304	0.7605	51.4203212226	2.5419
0 2 20			0.06		2.98		5.76		0.36315	0.4494	86.0769303832	2.8517
4 6 2			0.03		3.01		5.6		0.36317	0.2349	67.657370766	5.5969
7 1 7			0.03		3.04		5.42		0.36321	0.3505	72.2660298289	5.0526
6 0 2			0.03		3.07		5.24		0.36326	0.2214	55.354768557	5.4487
0 6 2			0.03		3.1		5.11		0.36331	0.2356	55.3895592761	6.1752
1 3 13			0.04		3.15		4.89		0.36334	0.3907	59.4200243294	11.5335
2 0 16			0.04		3.19		4.7		0.36341	0.5935	67.2372591268	11.8907
1 3 9			0.02		3.21		4.6		0.36324	0.2622	45.3040218183	7.1674
0 0 12			-0.51		2.7		9.39		0.35741	3.2426	47.0346015839	274.3783
1 5 13			0.02		2.72		9.18		0.35912	1.1973	71.2966048402	12.6128
0 2 16			0.02		2.74		8.98		0.36123	1.8687	67.2407114996	13.8307
3 5 7			0.03		2.77		8.75		0.36127	0.2309	60.5203777188	5.6046
2 0 2			-0.06		2.71		9.3		0.36122	0.6502	19.2320929378	35.9547
2 4 8			0.02		2.73		9.08		0.36045	0.1687	51.4325245866	2.4593
6 0 6			0.02		2.76		8.87		0.35968	1.0815	60.1501886982	39.9969
2 0 8			0.03		2.79		8.61		0.35968	0.1665	35.7565424018	1.5727
0 6 16			0.03		2.81		8.39		0.36055	0.4825	89.3859051251	7.6515
2 2 8			-0.24		2.57		11.06		0.36187	1.8488	40.1384116224	216.1995
4 2 14			0.02		2.6		10.8		0.3617	1.2576	70.6282605877	19.9713
6 0 0			0.02		2.61		10.64		0.3617	0.7256	54.7363985401	55.434
3 3 11			-0.15		2.46		12.51		0.36195	2.1204	58.6030846927	249.5822
3 1 9			0.02		2.48		12.26		0.36178	0.36	45.2950695798	8.7768
1 1 13			0.02		2.51		11.97		0.36193	0.3722	52.9310122384	10.9703
0 6 6			0.02		2.52		11.76		0.36172	1.0147	60.183190367	40.9583
6 4 6			0.02		2.55		11.49		0.36172	0.9247	71.9614498967	41.9809
6 0 8			0.02		2.57		11.27		0.36152	2.9234	64.163237895	5.3359
0 2 12			0.01		2.58		11.15		0.36116	0.3827	50.6142203783	17.5707
3 1 15			0.02		2.59		10.98		0.36128	0.2871	67.3554895111	7.7692
4 2 6			0.01		2.6		10.92		0.36092	1.6049	46.7233273538	62.1975
2 4 6			0.0		2.6		10.87		0.36051	0.785	46.7364348384	64.2552
5 5 1			0.01		2.61		10.77		0.36046	0.5073	65.769247456	23.9531
3 3 1			-0.01		2.61		10.82		0.36041	0.5106	38.1558496662	33.1617
6 2 0			-0.33		2.28		16.15		0.36041	4.3933	57.9728440251	566.5186
5 1 13			0.02		2.3		15.86		0.36071	0.4567	71.2764535317	11.3258
2 4 14			0.02		2.31		15.57		0.36061	0.5221	70.6383718296	19.4111
4 6 6			0.02		2.33		15.29		0.36064	1.1903	71.9781772466	41.9784
5 3 1			0.0		2.34		15.26		0.36061	0.5252	53.2386121167	32.835
7 1 3			-0.02		2.32		15.5		0.36044	1.4031	66.8553232335	91.2915
1 3 15			0.01		2.33		15.29		0.36056	0.2862	67.3623786269	8.1809
3 1 3			-0.01		2.32		15.45		0.36045	1.2003	30.3814370344	67.5761
0 2 8			0.02		2.34		15.19		0.36044	0.1155	35.7619852008	1.7384
1 1 15			0.0		2.34		15.12		0.36069	0.656	61.3839959686	20.6242
1 5 9			0.01		2.36		14.93		0.36037	0.4394	58.984264935	17.7365
6 0 12			0.02		2.37		14.69		0.36037	0.5892	74.995462768	0.9301
4 2 10			0.01		2.38		14.55		0.36029	1.1102	57.0442200735	11.3144
1 3 11			-0.1		2.28		16.2		0.36073	2.4293	52.0561920156	298.4303
0 6 14			0.01		2.29		15.99		0.3606	0.9096	81.7552219026	27.2955
3 5 9			0.01		2.3		15.86		0.36032	0.4755	65.0802252419	19.5165
4 2 12			0.01		2.32		15.63		0.36021	0.2244	63.468523569	4.7972
6 0 10			0.01		2.33		15.46		0.36013	1.0728	69.1331306246	8.9056
9 1 1			0.01		2.34		15.31		0.3601	0.8793	87.9915459652	19.6393
0 0 20			-0.01		2.33		15.45		0.36246	0.4542	83.3712939521	4.3689
2 0 12			0.01		2.34		15.32		0.36237	0.8079	50.6101057273	16.6151
2 0 4			-0.05		2.29		16.11		0.3624	1.3874	23.4143586184	109.347
4 0 12			-0.05		2.24		16.91		0.36197	2.7435	60.4154589103	161.2613
0 6 0			0.01		2.25		16.77		0.36197	1.4277	54.7714555341	59.4019
2 4 4			-0.02		2.23		17.07		0.362	0.8182	43.1484985256	64.6996
0 2 18			0.01		2.24		16.87		0.362	0.3755	76.3208597895	3.7538
1 1 17			-0.06		2.19		17.87		0.36124	2.447	70.2810461715	248.4175
5 5 7			0.01		2.2		17.65		0.36124	0.6639	72.2860687267	4.3062
0 0 18			0.01		2.21		17.51		0.36124	0.6609	73.530655613	37.988
3 3 13			0.01		2.22		17.29		0.36128	0.5636	65.4922780779	9.1158
4 4 4			-0.02		2.2		17.71		0.36125	0.8476	53.9354251327	76.9211
0 4 18			0.01		2.21		17.49		0.36125	0.8369	84.5238780681	17.4513
3 3 15			0.01		2.22		17.3		0.36128	0.3402	73.0835579415	3.8877
5 1 9			0.01		2.23		17.15		0.36118	0.4583	58.9619928854	19.0838
7 1 1			0.0		2.23		17.07		0.36117	0.5207	65.7483230412	25.2044
0 4 16			0.01		2.24		16.96		0.36149	1.5557	75.7704700384	94.8658
1 1 9			0.01		2.25		16.77		0.36148	0.2216	37.1193146943	1.1702
0 4 20			0.01		2.26		16.6		0.36174	1.027	94.1654323607	18.6345
2 4 10			0.01		2.27		16.49		0.36172	0.607	57.0555982332	12.0937
3 3 9			0.01		2.28		16.35		0.36166	0.3816	52.4524123761	12.0632
6 2 10			-0.0		2.28		16.39		0.36176	0.7103	71.9901825081	43.9921
0 4 14			-0.01		2.27		16.53		0.36161	1.2337	67.7597167724	121.3788
4 2 0			0.0		2.27		16.49		0.36161	0.9287	40.0811891304	86.5118
4 4 6			-0.11		2.16		18.45		0.36132	4.3817	57.0116572758	400.3855
5 3 9			0.01		2.17		18.35		0.36125	0.4833	65.0662013285	20.8409
1 7 1			0.0		2.17		18.28		0.36125	0.5219	65.7901743415	26.2984
4 4 10			-0.0		2.17		18.33		0.36134	0.6886	66.23802526	47.6672
5 1 1			0.0		2.17		18.26		0.36133	0.5346	46.1701152	26.7419
0 0 10			-0.0		2.17		18.28		0.36142	0.8316	38.8438017949	41.7013
2 2 10			-0.0		2.17		18.32		0.36152	0.6429	46.7739448495	44.8949
7 3 1			0.01		2.18		18.2		0.36152	0.5095	71.5359286583	22.1332