HKL Value		Reward		TotalReward	Chi Squared	Z Appr. 	Error	Two-Thetas	Sfs2
1 5 7			0.0		0.0		0.0		0.3	0.6035	54.1236034243	4.2528
6 4 0			0.0		0.0		0.01		0.33737	1.8287	67.0910631577	58.6803
0 0 22			-1.0		-1.0		12.92		0.32372	2.2765	94.0325860765	137.6091
0 2 4			-0.67		-1.66		38.66		0.32391	1.326	23.4223631322	110.0283
4 2 10			0.32		-1.35		29.39		0.32348	1.1102	57.0442200735	11.3144
0 2 14			0.16		-1.19		25.34		0.32419	0.2479	58.6982494177	6.3292
4 4 2			-0.33		-1.52		37.63		0.32443	1.2125	52.0311030722	128.6454
5 3 7			0.12		-1.4		33.6		0.32606	0.2523	60.5057581853	5.4388
4 6 0			0.14		-1.25		29.41		0.32606	0.7863	67.1083315067	59.4729
1 3 7			0.09		-1.17		27.04		0.3273	0.1893	39.2755843192	5.3372
0 6 8			0.11		-1.05		24.33		0.32731	0.7694	64.1950429677	5.6946
6 0 2			0.09		-0.97		22.35		0.3273	0.2214	55.354768557	5.4487
4 6 2			0.08		-0.88		20.6		0.32726	0.2349	67.657370766	5.5969
0 6 2			0.07		-0.81		19.24		0.32724	0.2356	55.3895592761	6.1752
2 0 14			0.07		-0.75		18.06		0.32785	0.2634	58.6945218607	7.3942
2 0 10			0.03		-0.72		17.59		0.32741	0.6169	42.9543880851	20.236
2 0 2			-0.01		-0.73		17.8		0.3273	0.6502	19.2320929378	35.9547
3 5 5			-0.21		-0.94		22.42		0.32781	1.2751	56.9624934876	133.7285
0 6 16			0.06		-0.88		21.23		0.32737	0.4825	89.3859051251	7.6515
6 0 0			0.04		-0.84		20.36		0.32737	0.7256	54.7363985401	55.434
1 7 7			0.05		-0.79		19.48		0.32791	0.4353	72.3061031614	6.1143
0 6 6			0.05		-0.75		18.62		0.32784	1.0147	60.183190367	40.9583
3 3 7			0.02		-0.72		18.21		0.32905	0.1558	47.1418707618	3.5073
1 5 13			0.05		-0.68		17.42		0.32895	1.1973	71.2966048402	12.6128
0 6 18			-0.25		-0.92		23.07		0.32204	0.7949	98.0280769063	1.8601
2 0 16			0.04		-0.88		22.18		0.32214	0.5935	67.2372591268	11.8907
2 4 14			0.04		-0.85		21.41		0.32214	0.5221	70.6383718296	19.4111
2 4 6			0.04		-0.81		20.64		0.32214	0.785	46.7364348384	64.2552
4 2 6			0.04		-0.77		19.91		0.32214	1.6049	46.7233273538	62.1975
4 0 12			0.02		-0.75		19.48		0.3223	2.7435	60.4154589103	161.2613
3 1 13			0.01		-0.74		19.27		0.32269	0.3869	59.4126405656	11.7895
4 2 8			0.01		-0.73		19.09		0.32283	0.7605	51.4203212226	2.5419
0 2 16			0.03		-0.7		18.49		0.32283	1.8687	67.2407114996	13.8307
4 2 14			0.03		-0.67		18.01		0.32283	1.2576	70.6282605877	19.9713
2 2 2			-0.12		-0.79		20.41		0.32283	1.1162	26.2109248846	125.5642
6 0 6			0.03		-0.76		19.85		0.32283	1.0815	60.1501886982	39.9969
2 4 8			0.01		-0.75		19.69		0.32296	0.1687	51.4325245866	2.4593
4 4 6			-0.16		-0.91		23.38		0.32307	4.3817	57.0116572758	400.3855
2 4 10			0.03		-0.89		22.8		0.32302	0.607	57.0555982332	12.0937
6 4 2			0.03		-0.86		22.23		0.32302	0.2211	67.6401768609	4.8049
1 1 7			0.0		-0.86		22.17		0.32329	0.2012	29.7561292971	6.5386
4 4 8			-0.15		-1.01		26.15		0.32333	3.9407	61.1479986878	218.5721
6 4 6			0.01		-0.99		25.78		0.32328	0.9247	71.9614498967	41.9809
7 1 7			0.01		-0.98		25.5		0.32349	0.3505	72.2660298289	5.0526
3 1 15			0.02		-0.97		25.12		0.32324	0.2871	67.3554895111	7.7692
4 2 4			-0.02		-0.99		25.69		0.32324	0.7624	43.1345383828	64.2766
5 5 1			0.02		-0.97		25.19		0.32324	0.5073	65.769247456	23.9531
1 3 15			0.02		-0.96		24.8		0.32303	0.2862	67.3623786269	8.1809
2 2 8			-0.12		-1.07		28.16		0.32306	1.8488	40.1384116224	216.1995
1 1 15			0.02		-1.05		27.62		0.32311	0.656	61.3839959686	20.6242
1 5 5			-0.05		-1.1		29.03		0.32315	1.8923	50.2743192378	127.3636
3 5 7			0.01		-1.09		28.74		0.32334	0.2309	60.5203777188	5.6046
6 0 8			0.02		-1.07		28.2		0.32336	2.9234	64.163237895	5.3359
7 1 3			0.0		-1.07		28.12		0.32336	1.4031	66.8553232335	91.2915
1 1 13			0.01		-1.06		27.79		0.32361	0.3722	52.9310122384	10.9703
3 3 9			0.01		-1.05		27.45		0.32352	0.3816	52.4524123761	12.0632
2 2 10			0.02		-1.03		26.98		0.32349	0.6429	46.7739448495	44.8949
3 1 11			-0.12		-1.15		30.82		0.32354	2.3814	52.0481274199	292.2152
6 2 2			-0.04		-1.19		32.04		0.32356	3.3001	58.5687226088	135.1206
0 2 20			-0.02		-1.21		32.55		0.32323	0.4494	86.0769303832	2.8517