HKL Value		Reward		TotalReward	Chi Squared	Z Appr. 	Error	Two-Thetas	Sfs2
1 5 7			0.0		0.0		0.0		0.3	0.6035	54.1236034243	4.2528
6 4 0			0.0		0.0		0.01		0.33737	1.8287	67.0910631577	58.6803
5 3 7			-0.03		-0.03		0.01		0.33689	0.2523	60.5057581853	5.4388
4 6 0			-0.42		-0.44		0.02		0.33689	0.7863	67.1083315067	59.4729
1 3 7			0.24		-0.2		0.02		0.33706	0.1893	39.2755843192	5.3372
1 1 7			-0.02		-0.21		0.02		0.33731	0.2012	29.7561292971	6.5386
5 1 5			-1.0		-1.21		4.45		0.37968	1.1901	50.2495039981	127.1383
3 1 11			-0.81		-2.02		22.88		0.36836	2.3814	52.0481274199	292.2152
2 0 14			0.13		-1.88		20.21		0.36702	0.2634	58.6945218607	7.3942
0 2 14			0.12		-1.76		18.02		0.36632	0.2479	58.6982494177	6.3292
4 6 2			0.09		-1.67		16.48		0.36638	0.2349	67.657370766	5.5969
2 4 6			0.02		-1.65		16.23		0.36464	0.785	46.7364348384	64.2552
0 6 8			0.07		-1.58		15.15		0.36367	0.7694	64.1950429677	5.6946
3 3 7			0.08		-1.5		14.03		0.36374	0.1558	47.1418707618	3.5073
6 0 2			0.07		-1.43		13.14		0.36385	0.2214	55.354768557	5.4487
0 6 2			0.06		-1.37		12.4		0.36396	0.2356	55.3895592761	6.1752
3 1 13			0.07		-1.31		11.63		0.36381	0.3869	59.4126405656	11.7895
2 0 16			0.06		-1.25		10.94		0.36378	0.5935	67.2372591268	11.8907
6 2 2			-0.27		-1.51		14.9		0.36412	3.3001	58.5687226088	135.1206
6 0 0			0.04		-1.47		14.36		0.36412	0.7256	54.7363985401	55.434
3 1 9			0.04		-1.43		13.82		0.36386	0.36	45.2950695798	8.7768
2 4 14			0.04		-1.39		13.27		0.36348	0.5221	70.6383718296	19.4111
4 2 8			0.03		-1.36		12.85		0.36297	0.7605	51.4203212226	2.5419
1 7 7			0.04		-1.32		12.39		0.36301	0.4353	72.3061031614	6.1143
6 2 6			-0.35		-1.67		19.03		0.36079	3.9921	63.2107357729	344.5633
3 5 9			0.03		-1.65		18.55		0.35979	0.4755	65.0802252419	19.5165
0 2 16			0.03		-1.61		17.96		0.36108	1.8687	67.2407114996	13.8307
1 5 13			0.04		-1.58		17.34		0.36158	1.1973	71.2966048402	12.6128
4 2 14			0.03		-1.54		16.77		0.36135	1.2576	70.6282605877	19.9713
6 4 2			0.03		-1.51		16.27		0.36135	0.2211	67.6401768609	4.8049
6 0 6			0.03		-1.48		15.81		0.36101	1.0815	60.1501886982	39.9969
6 2 8			-0.13		-1.62		18.21		0.36221	3.3751	67.1207225085	222.106
0 4 2			-0.11		-1.72		20.35		0.36246	3.2657	36.5744795411	137.7475
5 1 7			0.03		-1.69		19.78		0.36246	0.2609	54.1000446603	4.252
6 0 12			0.03		-1.66		19.2		0.36243	0.5892	74.995462768	0.9301
7 1 7			0.03		-1.63		18.7		0.36246	0.3505	72.2660298289	5.0526
5 3 1			0.01		-1.63		18.57		0.36242	0.5252	53.2386121167	32.835
2 4 10			0.02		-1.61		18.26		0.36234	0.607	57.0555982332	12.0937
0 0 22			0.02		-1.59		17.84		0.36251	2.2765	94.0325860765	137.6091
4 0 12			-0.07		-1.66		19.25		0.3609	2.7435	60.4154589103	161.2613
6 4 6			0.03		-1.64		18.77		0.36094	0.9247	71.9614498967	41.9809
1 3 15			0.02		-1.61		18.4		0.36109	0.2862	67.3623786269	8.1809
0 0 20			0.01		-1.61		18.3		0.36339	0.4542	83.3712939521	4.3689
3 1 5			-0.07		-1.68		19.72		0.36371	2.8985	34.1781376955	186.2389
0 0 4			-0.02		-1.71		20.22		0.36368	0.8482	15.2869714585	59.1035
3 5 7			0.02		-1.69		19.81		0.3637	0.2309	60.5203777188	5.6046
3 1 15			0.02		-1.67		19.43		0.36373	0.2871	67.3554895111	7.7692
2 4 8			0.02		-1.65		19.12		0.36358	0.1687	51.4325245866	2.4593
1 1 15			0.01		-1.64		18.91		0.36365	0.656	61.3839959686	20.6242
0 6 16			0.02		-1.62		18.54		0.36352	0.4825	89.3859051251	7.6515
0 2 20			0.02		-1.6		18.17		0.3635	0.4494	86.0769303832	2.8517
1 1 13			0.02		-1.58		17.81		0.36349	0.3722	52.9310122384	10.9703
4 2 10			0.01		-1.57		17.6		0.36347	1.1102	57.0442200735	11.3144
1 3 13			0.02		-1.55		17.26		0.36347	0.3907	59.4200243294	11.5335
5 5 1			0.01		-1.53		17.06		0.36346	0.5073	65.769247456	23.9531
6 0 8			0.01		-1.52		16.81		0.36337	2.9234	64.163237895	5.3359
1 7 5			-0.01		-1.53		16.96		0.36352	1.0841	69.0835930101	99.7513
3 1 7			0.02		-1.51		16.69		0.36353	0.257	39.2655360855	5.205
2 2 10			-0.0		-1.51		16.73		0.36368	0.6429	46.7739448495	44.8949
3 3 9			0.01		-1.5		16.53		0.36362	0.3816	52.4524123761	12.0632
1 1 9			0.02		-1.49		16.26		0.36362	0.2216	37.1193146943	1.1702
2 0 8			0.02		-1.47		16.0		0.36359	0.1665	35.7565424018	1.5727
0 6 14			0.01		-1.46		15.81		0.36349	0.9096	81.7552219026	27.2955
5 1 13			0.02		-1.44		15.56		0.36348	0.4567	71.2764535317	11.3258
0 6 6			0.01		-1.43		15.39		0.3634	1.0147	60.183190367	40.9583
5 1 9			0.01		-1.42		15.26		0.3633	0.4583	58.9619928854	19.0838
4 6 6			0.02		-1.41		15.03		0.36329	1.1903	71.9781772466	41.9784
0 2 18			0.01		-1.39		14.82		0.3633	0.3755	76.3208597895	3.7538
5 3 9			0.0		-1.39		14.76		0.36321	0.4833	65.0662013285	20.8409
9 1 1			0.01		-1.38		14.62		0.3632	0.8793	87.9915459652	19.6393
0 6 0			0.01		-1.37		14.51		0.3632	1.4277	54.7714555341	59.4019
0 6 10			0.01		-1.36		14.37		0.36319	0.8527	69.1637693973	8.5049
2 2 16			0.01		-1.35		14.26		0.36349	1.1693	70.1293332912	108.6018
7 1 1			0.0		-1.35		14.21		0.36348	0.5207	65.7483230412	25.2044
3 3 15			0.01		-1.34		14.03		0.36349	0.3402	73.0835579415	3.8877
7 3 1			0.01		-1.33		13.93		0.36348	0.5095	71.5359286583	22.1332
1 5 3			-0.01		-1.34		14.08		0.36344	0.9511	47.585042181	85.8034
0 4 20			0.01		-1.33		13.89		0.36344	1.027	94.1654323607	18.6345
2 0 12			0.01		-1.32		13.81		0.36337	0.8079	50.6101057273	16.6151
4 2 12			0.01		-1.31		13.65		0.36334	0.2244	63.468523569	4.7972
6 0 10			0.01		-1.3		13.54		0.36333	1.0728	69.1331306246	8.9056
2 0 2			-0.01		-1.31		13.7		0.36333	0.6502	19.2320929378	35.9547
0 2 8			0.01		-1.3		13.53		0.36331	0.1155	35.7619852008	1.7384
0 2 10			-0.0		-1.3		13.54		0.36329	0.4317	42.9590557724	21.0204
0 4 16			0.01		-1.29		13.41		0.36346	1.5557	75.7704700384	94.8658
0 6 4			-0.01		-1.3		13.52		0.36347	0.6675	57.2171401797	42.9768
5 1 1			0.0		-1.3		13.5		0.36347	0.5346	46.1701152	26.7419
1 7 1			0.0		-1.3		13.48		0.36346	0.5219	65.7901743415	26.2984
0 6 12			0.01		-1.29		13.33		0.36345	0.3425	75.0250979777	1.887
0 4 10			-0.0		-1.29		13.38		0.36357	0.9893	53.7871001638	44.1425
6 2 10			-0.0		-1.29		13.43		0.36369	0.7103	71.9901825081	43.9921
2 4 0			-0.0		-1.29		13.43		0.36369	1.4359	40.0960076051	88.2765