HKL Value		Reward		TotalReward	Chi Squared	Z Appr. 	Error	Two-Thetas	Sfs2
1 5 7			0.0		0.0		0.0		0.3	0.6035	54.1236034243	4.2528
6 4 0			0.0		0.0		0.01		0.33737	1.8287	67.0910631577	58.6803
1 3 7			1.0		1.0		0.01		0.33738	0.1893	39.2755843192	5.3372
5 3 7			-0.38		0.62		0.01		0.33706	0.2523	60.5057581853	5.4388
9 1 1			-0.99		-0.37		0.78		0.33663	0.8793	87.9915459652	19.6393
1 1 7			0.23		-0.14		0.63		0.33699	0.2012	29.7561292971	6.5386
4 6 0			0.18		0.05		0.53		0.33699	0.7863	67.1083315067	59.4729
2 4 2			-0.66		-0.61		1.56		0.33677	0.3828	40.8766170199	13.2501
2 6 4			-0.73		-1.35		5.86		0.33444	0.8772	60.3635846112	78.02
0 4 18			-0.22		-1.57		7.56		0.35546	0.8369	84.5238780681	17.4513
0 4 4			-0.35		-1.92		11.65		0.35469	0.8482	39.0545896029	78.0016
3 3 7			0.09		-1.83		10.66		0.35465	0.1558	47.1418707618	3.5073
4 0 10			-0.11		-1.94		11.96		0.35589	0.6243	53.7713327333	45.2096
6 4 6			0.15		-1.79		10.43		0.36812	0.9247	71.9614498967	41.9809
0 6 4			-0.08		-1.87		11.3		0.36824	0.6675	57.2171401797	42.9768
2 2 6			-0.67		-2.54		34.57		0.35263	8.3224	34.2684003079	615.2447
5 1 7			0.06		-2.48		32.5		0.35261	0.2609	54.1000446603	4.252
1 7 7			0.06		-2.42		30.73		0.35256	0.4353	72.3061031614	6.1143
0 2 14			0.06		-2.36		29.04		0.35242	0.2479	58.6982494177	6.3292
2 0 14			0.06		-2.31		27.51		0.35238	0.2634	58.6945218607	7.3942
6 0 2			0.05		-2.26		26.25		0.35241	0.2214	55.354768557	5.4487
3 5 11			-0.07		-2.33		28.3		0.35519	1.8915	70.5555824797	206.4699
4 2 8			0.05		-2.28		27.01		0.3551	0.7605	51.4203212226	2.5419
0 6 8			0.05		-2.24		25.84		0.35518	0.7694	64.1950429677	5.6946
3 1 13			0.03		-2.2		24.98		0.35598	0.3869	59.4126405656	11.7895
7 1 7			0.04		-2.17		24.05		0.35598	0.3505	72.2660298289	5.0526
4 6 2			0.04		-2.13		23.23		0.35595	0.2349	67.657370766	5.5969
1 3 13			0.03		-2.1		22.53		0.35778	0.3907	59.4200243294	11.5335
0 6 2			0.03		-2.07		21.81		0.35804	0.2356	55.3895592761	6.1752
6 4 2			0.03		-2.03		21.14		0.35804	0.2211	67.6401768609	4.8049
2 0 16			0.03		-2.01		20.54		0.36082	0.5935	67.2372591268	11.8907
0 2 16			0.03		-1.98		19.94		0.36188	1.8687	67.2407114996	13.8307
1 5 13			0.03		-1.94		19.34		0.36223	1.1973	71.2966048402	12.6128
3 3 13			0.03		-1.91		18.75		0.36221	0.5636	65.4922780779	9.1158
7 3 3			-0.0		-1.92		18.83		0.36205	1.9283	72.601334037	69.5466
6 0 6			0.02		-1.89		18.38		0.36176	1.0815	60.1501886982	39.9969
4 2 14			0.03		-1.87		17.91		0.36156	1.2576	70.6282605877	19.9713
3 5 7			0.02		-1.84		17.48		0.36158	0.2309	60.5203777188	5.6046
3 1 9			0.02		-1.82		17.08		0.36131	0.36	45.2950695798	8.7768
6 0 0			0.02		-1.8		16.76		0.36131	0.7256	54.7363985401	55.434
0 6 16			0.03		-1.77		16.34		0.36149	0.4825	89.3859051251	7.6515
0 6 10			0.02		-1.76		16.05		0.36142	0.8527	69.1637693973	8.5049
3 1 15			0.02		-1.74		15.74		0.36155	0.2871	67.3554895111	7.7692
3 1 7			0.02		-1.71		15.41		0.36157	0.257	39.2655360855	5.205
0 2 20			0.02		-1.69		15.07		0.36177	0.4494	86.0769303832	2.8517
2 4 8			0.02		-1.67		14.8		0.36145	0.1687	51.4325245866	2.4593
1 1 13			0.02		-1.65		14.49		0.36165	0.3722	52.9310122384	10.9703
0 0 20			0.0		-1.65		14.46		0.36328	0.4542	83.3712939521	4.3689
6 0 12			0.02		-1.63		14.16		0.36327	0.5892	74.995462768	0.9301
0 4 8			-0.11		-1.74		15.89		0.36352	4.1351	47.9021960727	235.0989
1 3 1			-0.0		-1.74		15.97		0.3635	0.5324	28.3265170018	42.1271
0 6 6			0.01		-1.73		15.75		0.36342	1.0147	60.183190367	40.9583
2 0 8			0.02		-1.71		15.45		0.3634	0.1665	35.7565424018	1.5727
0 2 12			0.01		-1.7		15.31		0.36331	0.3827	50.6142203783	17.5707
2 4 14			0.02		-1.68		15.06		0.36324	0.5221	70.6383718296	19.4111
2 4 6			0.0		-1.68		14.99		0.36311	0.785	46.7364348384	64.2552
1 3 15			0.01		-1.66		14.77		0.36314	0.2862	67.3623786269	8.1809
4 2 10			0.01		-1.65		14.63		0.36312	1.1102	57.0442200735	11.3144
5 5 3			-0.01		-1.67		14.78		0.36308	0.8107	66.8760743485	64.1048
4 0 8			-0.1		-1.76		16.35		0.36333	2.9483	47.8850437629	244.3799
3 3 9			0.01		-1.75		16.16		0.36326	0.3816	52.4524123761	12.0632
1 1 15			0.01		-1.74		16.04		0.36332	0.656	61.3839959686	20.6242
0 6 14			0.01		-1.73		15.85		0.36322	0.9096	81.7552219026	27.2955
0 2 8			0.02		-1.71		15.6		0.36321	0.1155	35.7619852008	1.7384
5 5 1			0.01		-1.7		15.46		0.36319	0.5073	65.769247456	23.9531
3 5 9			0.01		-1.7		15.37		0.36311	0.4755	65.0802252419	19.5165
4 2 12			0.01		-1.68		15.16		0.36308	0.2244	63.468523569	4.7972
0 4 6			-0.22		-1.9		19.32		0.36268	3.7688	42.9189471786	481.9509
2 0 12			0.01		-1.89		19.13		0.36257	0.8079	50.6101057273	16.6151
4 6 6			0.01		-1.88		18.85		0.36257	1.1903	71.9781772466	41.9784
6 0 8			0.01		-1.86		18.62		0.36249	2.9234	64.163237895	5.3359
5 3 9			0.01		-1.86		18.49		0.36239	0.4833	65.0662013285	20.8409
2 0 0			-0.02		-1.88		18.88		0.36239	2.02	17.6289686615	175.6782
2 0 2			-0.01		-1.88		18.98		0.36239	0.6502	19.2320929378	35.9547
5 1 1			0.01		-1.88		18.88		0.36237	0.5346	46.1701152	26.7419
1 5 9			0.01		-1.87		18.7		0.36227	0.4394	58.984264935	17.7365
6 0 10			0.01		-1.86		18.52		0.36225	1.0728	69.1331306246	8.9056
2 2 4			-0.02		-1.88		18.93		0.36222	0.7551	29.4672289371	73.6026
5 1 13			0.01		-1.87		18.69		0.36227	0.4567	71.2764535317	11.3258
5 1 9			0.01		-1.86		18.53		0.36216	0.4583	58.9619928854	19.0838
0 4 16			0.01		-1.85		18.36		0.36243	1.5557	75.7704700384	94.8658
0 4 12			-0.04		-1.88		19.06		0.36203	1.4889	60.4300914167	161.7651
7 1 1			0.01		-1.88		18.95		0.36201	0.5207	65.7483230412	25.2044
3 3 15			0.01		-1.87		18.73		0.36204	0.3402	73.0835579415	3.8877
4 2 2			0.01		-1.86		18.6		0.36204	0.457	40.8620305525	12.2524
2 4 10			0.01		-1.85		18.46		0.36202	0.607	57.0555982332	12.0937
1 1 9			0.01		-1.84		18.25		0.36201	0.2216	37.1193146943	1.1702
4 4 4			-0.02		-1.86		18.63		0.36199	0.8476	53.9354251327	76.9211
0 0 16			0.0		-1.86		18.57		0.36239	1.3342	64.286058028	116.6634
0 2 22			-0.0		-1.86		18.57		0.36249	1.8317	96.7387030121	97.213
0 6 0			0.01		-1.85		18.44		0.36249	1.4277	54.7714555341	59.4019
3 1 1			-0.0		-1.85		18.45		0.36248	0.5239	28.3131072915	41.7464
1 5 1			0.0		-1.85		18.38		0.36248	0.4978	46.196563203	27.3004
2 2 0			-0.27		-2.12		25.17		0.36248	11.1953	25.0390113278	1035.9387
6 2 10			0.0		-2.12		25.1		0.36258	0.7103	71.9901825081	43.9921
1 3 5			-0.02		-2.14		25.72		0.36277	3.1323	34.189462707	190.138
0 4 20			0.01		-2.13		25.46		0.36284	1.027	94.1654323607	18.6345
2 2 10			0.0		-2.13		25.4		0.36295	0.6429	46.7739448495	44.8949
4 0 4			-0.01		-2.14		25.67		0.36293	1.2165	39.0343929222	79.1487
0 2 18			0.01		-2.13		25.42		0.36293	0.3755	76.3208597895	3.7538
0 0 18			0.01		-2.12		25.23		0.36298	0.6609	73.530655613	37.988
7 3 1			0.01		-2.11		25.04		0.36297	0.5095	71.5359286583	22.1332