HKL Value		Reward		TotalReward	Chi Squared	Z Appr. 	Error	Two-Thetas	Sfs2
6 4 2			0.0		0.0		0.0		0.3	0.2211	67.6401768609	4.8049
2 0 8			0.0		0.0		0.41		0.28099	0.1665	35.7565424018	1.5727
1 5 13			-0.65		-0.65		1.17		0.2847	1.1973	71.2966048402	12.6128
2 4 6			-0.9		-1.55		12.01		0.28673	0.785	46.7364348384	64.2552
3 5 5			-0.66		-2.21		35.2		0.28621	1.2751	56.9624934876	133.7285
1 5 7			2.0		-0.21		11.72		0.36447	0.6035	54.1236034243	4.2528
6 4 0			0.2		-0.01		9.77		0.36447	1.8287	67.0910631577	58.6803
1 3 7			0.14		0.13		8.57		0.36461	0.1893	39.2755843192	5.3372
6 2 0			-0.8		-0.67		42.77		0.36461	4.3933	57.9728440251	566.5186
0 4 4			-0.02		-0.69		43.7		0.36428	0.8482	39.0545896029	78.0016
4 0 10			0.07		-0.62		40.92		0.36658	0.6243	53.7713327333	45.2096
2 6 4			-0.02		-0.64		41.85		0.36637	0.8772	60.3635846112	78.02
5 3 7			0.09		-0.56		38.48		0.36652	0.2523	60.5057581853	5.4388
6 4 6			0.08		-0.47		35.58		0.36599	0.9247	71.9614498967	41.9809
1 1 7			0.07		-0.4		33.13		0.36615	0.2012	29.7561292971	6.5386
4 6 0			0.07		-0.33		30.92		0.36615	0.7863	67.1083315067	59.4729
5 1 9			0.05		-0.28		29.55		0.36492	0.4583	58.9619928854	19.0838
3 3 7			0.06		-0.22		27.84		0.36502	0.1558	47.1418707618	3.5073
0 0 14			0.02		-0.2		27.29		0.36156	0.8389	55.4890953336	74.9432
1 5 1			0.03		-0.17		26.49		0.36137	0.4978	46.196563203	27.3004
5 1 7			0.05		-0.12		25.23		0.36144	0.2609	54.1000446603	4.252
2 0 14			0.05		-0.07		24.03		0.36163	0.2634	58.6945218607	7.3942
3 3 9			0.04		-0.03		23.09		0.3601	0.3816	52.4524123761	12.0632
0 2 14			0.04		0.01		22.11		0.36072	0.2479	58.6982494177	6.3292
6 0 2			0.04		0.05		21.26		0.36088	0.2214	55.354768557	5.4487
0 6 2			0.04		0.09		20.5		0.36106	0.2356	55.3895592761	6.1752
1 7 7			0.04		0.13		19.81		0.36114	0.4353	72.3061031614	6.1143
3 1 13			0.04		0.16		19.1		0.36208	0.3869	59.4126405656	11.7895
5 1 11			-0.07		0.09		20.55		0.36249	3.2753	64.7131722767	203.727
0 6 8			0.03		0.12		19.91		0.36202	0.7694	64.1950429677	5.6946
2 0 16			0.03		0.16		19.26		0.36248	0.5935	67.2372591268	11.8907
1 5 3			-0.01		0.15		19.43		0.36224	0.9511	47.585042181	85.8034
2 4 0			0.01		0.16		19.26		0.36224	1.4359	40.0960076051	88.2765
0 0 18			0.02		0.18		18.85		0.36246	0.6609	73.530655613	37.988
4 6 2			0.03		0.21		18.38		0.36248	0.2349	67.657370766	5.5969
3 3 11			-0.09		0.11		20.22		0.3627	2.1204	58.6030846927	249.5822
1 3 13			0.03		0.14		19.66		0.36282	0.3907	59.4200243294	11.5335
4 6 4			0.01		0.15		19.48		0.36289	1.0731	69.291881243	33.3045
4 2 8			0.02		0.17		19.05		0.36254	0.7605	51.4203212226	2.5419
0 4 10			0.0		0.17		19.05		0.36307	0.9893	53.7871001638	44.1425
3 1 1			-0.0		0.17		19.06		0.36302	0.5239	28.3131072915	41.7464
0 4 16			0.02		0.2		18.66		0.36365	1.5557	75.7704700384	94.8658
5 3 9			0.01		0.21		18.47		0.36341	0.4833	65.0662013285	20.8409
0 2 16			0.02		0.23		18.05		0.36355	1.8687	67.2407114996	13.8307
3 3 3			-0.01		0.22		18.21		0.36346	0.8081	39.7679129272	70.9373
3 7 1			0.01		0.23		17.95		0.36343	1.2822	71.5694631273	22.2453
6 0 0			0.02		0.25		17.66		0.36343	0.7256	54.7363985401	55.434
1 1 9			0.02		0.27		17.29		0.36342	0.2216	37.1193146943	1.1702
7 1 7			0.02		0.29		16.97		0.36344	0.3505	72.2660298289	5.0526
2 2 0			-0.43		-0.14		29.88		0.36344	11.1953	25.0390113278	1035.9387
6 0 6			0.02		-0.12		29.37		0.36325	1.0815	60.1501886982	39.9969
0 2 8			0.02		-0.1		28.79		0.36321	0.1155	35.7619852008	1.7384
1 7 3			-0.0		-0.1		28.8		0.36308	0.9932	66.8968211493	90.2271
4 2 14			0.02		-0.09		28.29		0.36292	1.2576	70.6282605877	19.9713
6 2 2			-0.03		-0.12		29.3		0.36308	3.3001	58.5687226088	135.1206
3 1 5			-0.03		-0.15		30.22		0.36359	2.8985	34.1781376955	186.2389
3 5 7			0.02		-0.13		29.71		0.36361	0.2309	60.5203777188	5.6046
4 2 0			0.01		-0.12		29.42		0.36361	0.9287	40.0811891304	86.5118
1 3 3			0.0		-0.12		29.33		0.36352	0.7045	30.3940112777	66.1614
3 1 9			0.02		-0.1		28.89		0.36339	0.36	45.2950695798	8.7768
2 4 14			0.02		-0.09		28.44		0.36323	0.5221	70.6383718296	19.4111
0 6 16			0.02		-0.07		27.98		0.36309	0.4825	89.3859051251	7.6515
3 1 15			0.01		-0.06		27.57		0.36315	0.2871	67.3554895111	7.7692
2 2 12			-0.04		-0.1		28.77		0.36209	1.9766	54.0147953295	208.0279
4 0 4			-0.01		-0.11		29.13		0.36202	1.2165	39.0343929222	79.1487
4 4 10			0.0		-0.11		29.03		0.36238	0.6886	66.23802526	47.6672
1 1 13			0.02		-0.09		28.59		0.36246	0.3722	52.9310122384	10.9703
0 4 12			-0.02		-0.12		29.27		0.36127	1.4889	60.4300914167	161.7651
5 1 1			0.01		-0.11		29.01		0.36123	0.5346	46.1701152	26.7419
5 3 1			0.01		-0.1		28.79		0.36119	0.5252	53.2386121167	32.835
0 6 10			0.01		-0.09		28.44		0.3611	0.8527	69.1637693973	8.5049
3 1 7			0.01		-0.07		28.06		0.3611	0.257	39.2655360855	5.205
2 0 4			-0.02		-0.1		28.68		0.36124	1.3874	23.4143586184	109.347
2 6 2			-0.03		-0.12		29.43		0.36146	1.2892	58.5985395934	134.3564
2 0 12			0.01		-0.11		29.1		0.3611	0.8079	50.6101057273	16.6151
2 4 8			0.01		-0.1		28.74		0.36077	0.1687	51.4325245866	2.4593
1 5 5			-0.01		-0.11		29.02		0.36143	1.8923	50.2743192378	127.3636
0 2 20			0.01		-0.09		28.65		0.36159	0.4494	86.0769303832	2.8517
9 1 1			0.01		-0.08		28.35		0.36158	0.8793	87.9915459652	19.6393
0 2 12			0.01		-0.07		28.07		0.36119	0.3827	50.6142203783	17.5707
0 6 6			0.01		-0.06		27.75		0.36091	1.0147	60.183190367	40.9583
1 3 15			0.01		-0.05		27.45		0.36104	0.2862	67.3623786269	8.1809
4 2 10			0.01		-0.04		27.19		0.36095	1.1102	57.0442200735	11.3144
5 1 5			-0.01		-0.05		27.46		0.3616	1.1901	50.2495039981	127.1383
3 3 15			0.01		-0.04		27.15		0.36167	0.3402	73.0835579415	3.8877
2 2 10			0.0		-0.04		27.08		0.36204	0.6429	46.7739448495	44.8949
1 1 15			0.01		-0.03		26.88		0.36221	0.656	61.3839959686	20.6242
0 6 14			0.01		-0.02		26.61		0.36204	0.9096	81.7552219026	27.2955
5 5 1			0.01		-0.01		26.37		0.36201	0.5073	65.769247456	23.9531
6 0 10			0.01		-0.0		26.13		0.36196	1.0728	69.1331306246	8.9056
6 0 12			0.01		0.01		25.84		0.36193	0.5892	74.995462768	0.9301
3 5 11			-0.01		-0.0		26.15		0.36208	1.8915	70.5555824797	206.4699
3 5 9			0.01		0.01		25.96		0.36185	0.4755	65.0802252419	19.5165
1 1 1			0.0		0.01		25.94		0.36181	0.5749	13.0194761966	56.7652
2 6 10			0.0		0.01		25.88		0.36213	0.7069	72.0169435829	44.7171
0 0 20			0.01		0.01		25.73		0.36342	0.4542	83.3712939521	4.3689
4 2 12			0.01		0.02		25.48		0.36339	0.2244	63.468523569	4.7972
6 0 8			0.01		0.03		25.25		0.36331	2.9234	64.163237895	5.3359
0 2 22			0.0		0.04		25.18		0.36333	1.8317	96.7387030121	97.213
1 5 9			0.01		0.04		24.98		0.36324	0.4394	58.984264935	17.7365
0 4 20			0.01		0.05		24.73		0.36325	1.027	94.1654323607	18.6345
5 1 13			0.01		0.06		24.49		0.36325	0.4567	71.2764535317	11.3258