HKL Value		Reward		TotalReward	Chi Squared	Z Appr. 	Error	Two-Thetas	Sfs2
0 4 6			0.0		0.0		0.0		0.3	3.7688	42.9189471786	481.9509
0 2 20			0.0		0.0		233.93		0.33612	0.4494	86.0769303832	2.8517
1 5 7			1.0		1.0		116.99		0.33619	0.6035	54.1236034243	4.2528
6 4 0			0.5		1.5		78.0		0.33619	1.8287	67.0910631577	58.6803
1 3 7			0.33		1.83		58.51		0.33626	0.1893	39.2755843192	5.3372
5 3 7			0.25		2.08		46.81		0.33626	0.2523	60.5057581853	5.4388
1 1 7			0.2		2.28		39.02		0.33636	0.2012	29.7561292971	6.5386
4 6 0			0.17		2.45		33.45		0.33636	0.7863	67.1083315067	59.4729
3 3 7			0.14		2.59		29.34		0.3366	0.1558	47.1418707618	3.5073
2 0 10			0.06		2.65		27.55		0.33678	0.6169	42.9543880851	20.236
5 1 7			0.11		2.76		24.8		0.33681	0.2609	54.1000446603	4.252
1 7 7			0.1		2.86		22.56		0.3367	0.4353	72.3061031614	6.1143
0 2 14			0.08		2.95		20.8		0.33625	0.2479	58.6982494177	6.3292
2 0 14			0.08		3.02		19.34		0.33585	0.2634	58.6945218607	7.3942
6 0 2			0.07		3.09		18.15		0.33584	0.2214	55.354768557	5.4487
3 5 11			-0.24		2.85		23.87		0.35314	1.8915	70.5555824797	206.4699
2 2 16			0.0		2.85		23.8		0.36316	1.1693	70.1293332912	108.6018
0 6 2			0.06		2.91		22.52		0.36321	0.2356	55.3895592761	6.1752
0 6 8			0.05		2.96		21.41		0.36278	0.7694	64.1950429677	5.6946
4 6 2			0.05		3.01		20.42		0.3628	0.2349	67.657370766	5.5969
3 1 13			0.05		3.06		19.41		0.36296	0.3869	59.4126405656	11.7895
2 4 0			0.01		3.08		19.14		0.36296	1.4359	40.0960076051	88.2765
2 0 16			0.05		3.12		18.27		0.36312	0.5935	67.2372591268	11.8907
4 0 2			-0.14		2.98		21.25		0.36334	1.7854	36.5531212028	138.5255
4 2 8			0.04		3.02		20.53		0.36301	0.7605	51.4203212226	2.5419
1 3 13			0.04		3.06		19.71		0.36306	0.3907	59.4200243294	11.5335
1 5 13			0.04		3.1		18.96		0.36316	1.1973	71.2966048402	12.6128
6 4 2			0.03		3.13		18.34		0.36316	0.2211	67.6401768609	4.8049
0 2 16			0.04		3.17		17.7		0.36333	1.8687	67.2407114996	13.8307
6 0 0			0.03		3.2		17.25		0.36333	0.7256	54.7363985401	55.434
7 1 7			0.03		3.23		16.73		0.36335	0.3505	72.2660298289	5.0526
6 0 6			0.03		3.25		16.32		0.36317	1.0815	60.1501886982	39.9969
4 2 14			0.03		3.28		15.87		0.36301	1.2576	70.6282605877	19.9713
3 5 7			0.03		3.31		15.45		0.36303	0.2309	60.5203777188	5.6046
3 1 9			0.02		3.33		15.08		0.36289	0.36	45.2950695798	8.7768
2 6 4			-0.06		3.27		16.09		0.36283	0.8772	60.3635846112	78.02
2 4 6			0.01		3.28		15.94		0.36251	0.785	46.7364348384	64.2552
1 3 15			0.02		3.3		15.59		0.36259	0.2862	67.3623786269	8.1809
1 5 11			-0.07		3.23		16.77		0.36269	1.8219	64.7342781598	204.7444
4 2 10			0.02		3.25		16.51		0.36264	1.1102	57.0442200735	11.3144
7 1 3			-0.02		3.23		16.83		0.36252	1.4031	66.8553232335	91.2915
2 4 14			0.02		3.25		16.46		0.36238	0.5221	70.6383718296	19.4111
1 5 5			-0.04		3.21		17.19		0.3628	1.8923	50.2743192378	127.3636
0 6 16			0.02		3.23		16.8		0.36272	0.4825	89.3859051251	7.6515
3 1 15			0.02		3.25		16.48		0.36279	0.2871	67.3554895111	7.7692
6 4 6			0.02		3.27		16.11		0.36277	0.9247	71.9614498967	41.9809
1 1 13			0.02		3.3		15.76		0.3628	0.3722	52.9310122384	10.9703
2 2 12			-0.1		3.19		17.59		0.36181	1.9766	54.0147953295	208.0279
0 6 10			0.02		3.21		17.32		0.36175	0.8527	69.1637693973	8.5049
3 1 7			0.02		3.23		17.0		0.36176	0.257	39.2655360855	5.205
2 4 8			0.02		3.24		16.71		0.36152	0.1687	51.4325245866	2.4593
0 6 6			0.02		3.26		16.45		0.36133	1.0147	60.183190367	40.9583
2 0 8			0.02		3.28		16.13		0.3613	0.1665	35.7565424018	1.5727
1 1 15			0.01		3.29		16.03		0.36149	0.656	61.3839959686	20.6242
5 3 9			0.01		3.29		15.89		0.3612	0.4833	65.0662013285	20.8409
4 4 2			-0.07		3.22		17.13		0.36137	1.2125	52.0311030722	128.6454
3 3 9			0.01		3.24		16.88		0.36116	0.3816	52.4524123761	12.0632
2 6 2			-0.06		3.17		18.05		0.36134	1.2892	58.5985395934	134.3564
9 1 1			0.01		3.18		17.82		0.36133	0.8793	87.9915459652	19.6393
1 1 9			0.02		3.2		17.52		0.3613	0.2216	37.1193146943	1.1702
0 6 14			0.01		3.22		17.28		0.36113	0.9096	81.7552219026	27.2955
3 3 15			0.02		3.23		17.01		0.36119	0.3402	73.0835579415	3.8877
5 5 1			0.01		3.24		16.84		0.36117	0.5073	65.769247456	23.9531
1 5 9			0.01		3.25		16.63		0.36086	0.4394	58.984264935	17.7365
0 0 10			-0.0		3.25		16.69		0.36122	0.8316	38.8438017949	41.7013
0 2 8			0.02		3.27		16.44		0.36121	0.1155	35.7619852008	1.7384
6 0 10			0.01		3.28		16.26		0.36114	1.0728	69.1331306246	8.9056
6 0 12			0.02		3.29		16.01		0.36112	0.5892	74.995462768	0.9301
1 1 11			-0.12		3.17		18.16		0.36145	2.144	44.8525636461	378.5934
3 5 9			0.01		3.18		18.01		0.36121	0.4755	65.0802252419	19.5165
0 0 20			0.0		3.18		18.0		0.36291	0.4542	83.3712939521	4.3689
2 2 2			-0.05		3.13		18.94		0.36298	1.1162	26.2109248846	125.5642
2 0 12			0.01		3.14		18.77		0.36288	0.8079	50.6101057273	16.6151
4 2 12			0.01		3.15		18.53		0.36284	0.2244	63.468523569	4.7972
4 6 6			0.01		3.17		18.28		0.36284	1.1903	71.9781772466	41.9784
6 0 8			0.01		3.18		18.08		0.36275	2.9234	64.163237895	5.3359
0 2 22			-0.0		3.18		18.09		0.36282	1.8317	96.7387030121	97.213
0 4 20			0.01		3.19		17.85		0.36289	1.027	94.1654323607	18.6345
5 1 13			0.01		3.21		17.63		0.3629	0.4567	71.2764535317	11.3258
7 1 1			0.01		3.21		17.53		0.3629	0.5207	65.7483230412	25.2044
6 2 8			-0.05		3.16		18.41		0.36308	3.3751	67.1207225085	222.106
5 1 9			0.01		3.17		18.26		0.363	0.4583	58.9619928854	19.0838
0 4 10			-0.0		3.17		18.26		0.36311	0.9893	53.7871001638	44.1425
0 6 0			0.01		3.18		18.12		0.36311	1.4277	54.7714555341	59.4019
2 4 10			0.01		3.19		17.99		0.36309	0.607	57.0555982332	12.0937
4 2 2			0.01		3.19		17.86		0.3631	0.457	40.8620305525	12.2524
0 0 16			0.01		3.2		17.77		0.36337	1.3342	64.286058028	116.6634
3 3 13			0.01		3.21		17.57		0.36332	0.5636	65.4922780779	9.1158
0 2 12			0.01		3.22		17.45		0.36326	0.3827	50.6142203783	17.5707
1 5 1			0.0		3.22		17.4		0.36325	0.4978	46.196563203	27.3004
2 2 10			-0.0		3.22		17.42		0.36337	0.6429	46.7739448495	44.8949
0 0 2			-0.03		3.19		18.01		0.36339	1.161	7.62646333295	98.931
0 4 0			-0.23		2.96		23.3		0.36339	6.137	35.7152072575	818.959