HKL Value		Reward		TotalReward	Chi Squared	Z Appr. 	Error	Two-Thetas	Sfs2
1 5 7			0.0		0.0		0.0		0.3	0.6035	54.1236034243	4.2528
6 4 0			0.0		0.0		0.01		0.33737	1.8287	67.0910631577	58.6803
1 3 7			1.0		1.0		0.01		0.33738	0.1893	39.2755843192	5.3372
5 3 7			-0.38		0.62		0.01		0.33706	0.2523	60.5057581853	5.4388
0 6 14			-1.0		-0.38		4.77		0.33435	0.9096	81.7552219026	27.2955
1 1 7			1.75		1.37		1.73		0.35714	0.2012	29.7561292971	6.5386
5 1 7			0.03		1.4		1.68		0.35714	0.2609	54.1000446603	4.252
4 6 0			0.16		1.56		1.45		0.35714	0.7863	67.1083315067	59.4729
2 2 14			-0.62		0.94		3.85		0.35714	1.0835	61.7979105177	101.9829
3 3 7			0.1		1.03		3.52		0.35714	0.1558	47.1418707618	3.5073
1 7 7			0.03		1.06		3.42		0.35714	0.4353	72.3061031614	6.1143
0 2 14			0.07		1.13		3.2		0.35714	0.2479	58.6982494177	6.3292
2 0 14			0.08		1.2		2.98		0.35714	0.2634	58.6945218607	7.3942
4 0 0			-0.92		0.28		39.37		0.35714	8.3901	35.6934066618	787.9925
3 1 13			0.07		0.35		36.75		0.36018	0.3869	59.4126405656	11.7895
6 4 2			0.07		0.42		34.45		0.3602	0.2211	67.6401768609	4.8049
0 6 8			0.07		0.48		32.34		0.35926	0.7694	64.1950429677	5.6946
6 4 6			0.06		0.55		30.45		0.35971	0.9247	71.9614498967	41.9809
4 2 8			0.06		0.6		28.82		0.35877	0.7605	51.4203212226	2.5419
1 5 5			-0.04		0.56		30.02		0.36108	1.8923	50.2743192378	127.3636
4 6 2			0.05		0.61		28.65		0.36109	0.2349	67.657370766	5.5969
6 0 2			0.05		0.66		27.37		0.36118	0.2214	55.354768557	5.4487
7 1 7			0.04		0.7		26.21		0.36122	0.3505	72.2660298289	5.0526
6 0 6			0.04		0.74		25.18		0.36059	1.0815	60.1501886982	39.9969
1 3 5			-0.09		0.65		27.73		0.36251	3.1323	34.189462707	190.138
4 0 14			-0.01		0.64		27.89		0.3611	1.986	67.7459682929	124.3248
0 2 20			0.04		0.68		26.84		0.36143	0.4494	86.0769303832	2.8517
0 6 2			0.04		0.72		25.93		0.36149	0.2356	55.3895592761	6.1752
1 7 1			0.02		0.74		25.4		0.36142	0.5219	65.7901743415	26.2984
2 0 16			0.03		0.77		24.56		0.36197	0.5935	67.2372591268	11.8907
1 5 13			0.03		0.81		23.76		0.36225	1.1973	71.2966048402	12.6128
1 3 13			0.03		0.84		23.0		0.3624	0.3907	59.4200243294	11.5335
0 2 16			0.03		0.87		22.31		0.36269	1.8687	67.2407114996	13.8307
3 5 7			0.03		0.9		21.69		0.36271	0.2309	60.5203777188	5.6046
0 6 16			0.03		0.93		21.05		0.36264	0.4825	89.3859051251	7.6515
5 5 5			0.0		0.93		21.01		0.36294	1.5862	69.0631626084	104.8873
4 2 14			0.03		0.96		20.48		0.36281	1.2576	70.6282605877	19.9713
3 1 7			0.03		0.98		19.96		0.36282	0.257	39.2655360855	5.205
2 0 8			0.03		1.01		19.44		0.36279	0.1665	35.7565424018	1.5727
6 0 0			0.02		1.03		19.07		0.36279	0.7256	54.7363985401	55.434
3 1 9			0.02		1.05		18.66		0.36267	0.36	45.2950695798	8.7768
1 1 13			0.02		1.08		18.21		0.36272	0.3722	52.9310122384	10.9703
0 6 6			0.02		1.1		17.87		0.36256	1.0147	60.183190367	40.9583
1 3 9			0.02		1.12		17.5		0.36246	0.2622	45.3040218183	7.1674
4 2 6			0.01		1.13		17.31		0.36222	1.6049	46.7233273538	62.1975
2 4 8			0.02		1.15		16.99		0.36201	0.1687	51.4325245866	2.4593
7 3 3			-0.01		1.14		17.09		0.36191	1.9283	72.601334037	69.5466
2 0 0			-0.04		1.11		17.71		0.36191	2.02	17.6289686615	175.6782
0 2 12			0.01		1.12		17.48		0.36164	0.3827	50.6142203783	17.5707
6 0 8			0.02		1.14		17.16		0.36144	2.9234	64.163237895	5.3359
2 4 14			0.02		1.16		16.84		0.36134	0.5221	70.6383718296	19.4111
3 1 15			0.02		1.17		16.57		0.36143	0.2871	67.3554895111	7.7692
6 0 12			0.02		1.19		16.25		0.36142	0.5892	74.995462768	0.9301
0 6 10			0.01		1.21		16.03		0.36136	0.8527	69.1637693973	8.5049
4 2 12			0.02		1.22		15.75		0.36124	0.2244	63.468523569	4.7972
0 0 10			-0.0		1.22		15.83		0.36156	0.8316	38.8438017949	41.7013
2 4 6			0.01		1.23		15.71		0.36126	0.785	46.7364348384	64.2552
0 4 10			-0.01		1.22		15.79		0.36161	0.9893	53.7871001638	44.1425
5 3 9			0.01		1.23		15.67		0.36132	0.4833	65.0662013285	20.8409
5 5 1			0.01		1.24		15.51		0.36128	0.5073	65.769247456	23.9531
1 1 15			0.01		1.24		15.43		0.36148	0.656	61.3839959686	20.6242
2 0 12			0.01		1.26		15.26		0.36118	0.8079	50.6101057273	16.6151
5 1 13			0.02		1.27		15.03		0.36137	0.4567	71.2764535317	11.3258
0 0 8			-0.08		1.19		16.33		0.36192	2.1948	30.8548203523	183.9052
1 3 15			0.01		1.2		16.12		0.362	0.2862	67.3623786269	8.1809
4 6 6			0.02		1.22		15.87		0.362	1.1903	71.9781772466	41.9784
0 2 8			0.02		1.24		15.63		0.36198	0.1155	35.7619852008	1.7384
1 5 9			0.01		1.25		15.47		0.36176	0.4394	58.984264935	17.7365
4 2 10			0.01		1.25		15.34		0.36171	1.1102	57.0442200735	11.3144
3 5 9			0.01		1.26		15.23		0.36147	0.4755	65.0802252419	19.5165
1 7 5			-0.01		1.25		15.41		0.36182	1.0841	69.0835930101	99.7513
3 3 15			0.01		1.26		15.21		0.36187	0.3402	73.0835579415	3.8877
0 0 20			0.0		1.27		15.18		0.36321	0.4542	83.3712939521	4.3689
6 0 10			0.01		1.27		15.04		0.3632	1.0728	69.1331306246	8.9056
9 1 1			0.01		1.28		14.9		0.36319	0.8793	87.9915459652	19.6393
2 4 10			0.01		1.29		14.8		0.36317	0.607	57.0555982332	12.0937
3 3 9			0.01		1.3		14.67		0.3631	0.3816	52.4524123761	12.0632
0 2 18			0.01		1.31		14.49		0.36311	0.3755	76.3208597895	3.7538
3 3 13			0.01		1.32		14.31		0.36306	0.5636	65.4922780779	9.1158
6 2 0			-0.19		1.13		17.7		0.36306	4.3933	57.9728440251	566.5186
0 4 16			0.01		1.14		17.52		0.36327	1.5557	75.7704700384	94.8658
2 0 2			-0.01		1.14		17.62		0.36327	0.6502	19.2320929378	35.9547
0 0 18			0.01		1.15		17.47		0.36332	0.6609	73.530655613	37.988
0 4 20			0.01		1.16		17.26		0.36333	1.027	94.1654323607	18.6345
7 1 1			0.0		1.16		17.18		0.36333	0.5207	65.7483230412	25.2044
5 1 9			0.01		1.17		17.06		0.36324	0.4583	58.9619928854	19.0838
5 5 7			0.01		1.18		16.88		0.36324	0.6639	72.2860687267	4.3062
2 2 10			-0.0		1.18		16.9		0.36337	0.6429	46.7739448495	44.8949
1 1 9			0.01		1.19		16.72		0.36337	0.2216	37.1193146943	1.1702
6 2 10			-0.0		1.19		16.73		0.36349	0.7103	71.9901825081	43.9921
4 4 10			-0.0		1.19		16.77		0.36362	0.6886	66.23802526	47.6672
4 0 10			-0.0		1.19		16.79		0.36374	0.6243	53.7713327333	45.2096