HKL Value		Reward		TotalReward	Chi Squared	Z Appr. 	Error	Two-Thetas	Sfs2
1 5 7			0.0		0.0		0.0		0.3	0.6035	54.1236034243	4.2528
6 4 0			0.0		0.0		0.01		0.33737	1.8287	67.0910631577	58.6803
1 3 7			1.0		1.0		0.01		0.33738	0.1893	39.2755843192	5.3372
5 3 7			-0.38		0.62		0.01		0.33706	0.2523	60.5057581853	5.4388
1 1 7			-0.18		0.44		0.01		0.33731	0.2012	29.7561292971	6.5386
4 6 0			-0.31		0.12		0.02		0.33731	0.7863	67.1083315067	59.4729
3 3 7			-0.66		-0.54		0.06		0.33803	0.1558	47.1418707618	3.5073
5 1 7			0.13		-0.4		0.05		0.33793	0.2609	54.1000446603	4.252
1 7 7			-0.41		-0.82		0.08		0.33748	0.4353	72.3061031614	6.1143
1 7 5			-0.94		-1.75		1.28		0.37821	1.0841	69.0835930101	99.7513
2 0 14			-0.01		-1.76		1.3		0.37916	0.2634	58.6945218607	7.3942
0 2 14			0.05		-1.71		1.23		0.37966	0.2479	58.6982494177	6.3292
0 2 18			-0.47		-2.18		2.34		0.3707	0.3755	76.3208597895	3.7538
6 0 2			0.05		-2.14		2.24		0.3708	0.2214	55.354768557	5.4487
0 6 2			0.03		-2.11		2.18		0.3709	0.2356	55.3895592761	6.1752
0 6 8			-0.14		-2.25		2.54		0.37015	0.7694	64.1950429677	5.6946
4 2 8			-0.13		-2.38		2.93		0.36563	0.7605	51.4203212226	2.5419
4 6 2			0.01		-2.38		2.91		0.36578	0.2349	67.657370766	5.5969
2 0 16			0.05		-2.33		2.77		0.36426	0.5935	67.2372591268	11.8907
3 1 13			0.05		-2.27		2.62		0.36401	0.3869	59.4126405656	11.7895
1 3 13			0.05		-2.22		2.49		0.36385	0.3907	59.4200243294	11.5335
6 4 2			0.01		-2.21		2.48		0.36387	0.2211	67.6401768609	4.8049
1 5 13			0.05		-2.17		2.37		0.36387	1.1973	71.2966048402	12.6128
6 0 0			-0.04		-2.21		2.47		0.36387	0.7256	54.7363985401	55.434
0 2 16			0.04		-2.17		2.37		0.36398	1.8687	67.2407114996	13.8307
7 1 7			0.01		-2.15		2.34		0.36401	0.3505	72.2660298289	5.0526
3 5 7			0.01		-2.14		2.32		0.36405	0.2309	60.5203777188	5.6046
2 2 12			-0.62		-2.77		6.13		0.36198	1.9766	54.0147953295	208.0279
6 0 6			0.02		-2.75		6.02		0.36142	1.0815	60.1501886982	39.9969
4 2 14			0.03		-2.72		5.85		0.36101	1.2576	70.6282605877	19.9713
3 1 9			0.02		-2.7		5.72		0.35999	0.36	45.2950695798	8.7768
2 4 6			0.12		-2.58		5.13		0.35039	0.785	46.7364348384	64.2552
2 4 14			0.02		-2.56		5.04		0.35069	0.5221	70.6383718296	19.4111
3 1 15			0.03		-2.54		4.92		0.35039	0.2871	67.3554895111	7.7692
0 6 16			0.01		-2.52		4.85		0.35021	0.4825	89.3859051251	7.6515
6 4 6			-0.0		-2.53		4.86		0.3505	0.9247	71.9614498967	41.9809
2 2 10			-0.12		-2.64		5.49		0.35051	0.6429	46.7739448495	44.8949
0 6 10			0.01		-2.63		5.41		0.35051	0.8527	69.1637693973	8.5049
0 2 2			-0.09		-2.72		5.94		0.35046	0.4614	19.2417464495	36.8131
3 1 7			0.02		-2.7		5.83		0.35043	0.257	39.2655360855	5.205
2 6 6			-0.37		-3.06		9.22		0.34971	5.383	63.2392339525	346.2148
4 0 8			-0.26		-3.33		12.53		0.35093	2.9483	47.8850437629	244.3799
7 1 1			0.01		-3.32		12.45		0.35089	0.5207	65.7483230412	25.2044
3 3 5			-0.11		-3.43		13.94		0.35198	1.3995	42.8396693434	151.0913
2 4 8			0.02		-3.41		13.62		0.3521	0.1687	51.4325245866	2.4593
1 1 13			0.01		-3.39		13.45		0.35234	0.3722	52.9310122384	10.9703
0 2 20			0.02		-3.37		13.17		0.35287	0.4494	86.0769303832	2.8517
1 5 5			-0.04		-3.41		13.69		0.36232	1.8923	50.2743192378	127.3636
6 2 6			-0.19		-3.6		16.96		0.36101	3.9921	63.2107357729	344.5633
0 6 6			0.02		-3.58		16.68		0.36059	1.0147	60.183190367	40.9583
1 1 15			0.01		-3.58		16.56		0.36104	0.656	61.3839959686	20.6242
1 3 15			0.02		-3.56		16.3		0.36121	0.2862	67.3623786269	8.1809
4 2 10			0.01		-3.55		16.11		0.3611	1.1102	57.0442200735	11.3144
2 0 8			0.02		-3.53		15.8		0.36106	0.1665	35.7565424018	1.5727
3 3 9			0.01		-3.52		15.57		0.36064	0.3816	52.4524123761	12.0632
9 1 1			0.01		-3.5		15.38		0.36057	0.8793	87.9915459652	19.6393
0 6 14			0.02		-3.49		15.15		0.36025	0.9096	81.7552219026	27.2955
5 5 1			0.01		-3.48		14.99		0.36016	0.5073	65.769247456	23.9531
0 0 20			-0.0		-3.48		15.05		0.36299	0.4542	83.3712939521	4.3689
2 2 0			-0.42		-3.9		25.81		0.36299	11.1953	25.0390113278	1035.9387
0 2 8			0.02		-3.88		25.38		0.36297	0.1155	35.7619852008	1.7384
6 0 10			0.01		-3.87		25.04		0.36296	1.0728	69.1331306246	8.9056
1 5 3			0.0		-3.87		25.04		0.3629	0.9511	47.585042181	85.8034
2 0 12			0.01		-3.86		24.75		0.36279	0.8079	50.6101057273	16.6151
0 2 22			0.0		-3.85		24.66		0.36287	1.8317	96.7387030121	97.213
4 4 0			-0.16		-4.01		29.29		0.36287	4.9852	51.3853572345	648.027
1 3 9			0.01		-4.0		28.88		0.36282	0.2622	45.3040218183	7.1674
6 0 12			0.02		-3.98		28.45		0.36282	0.5892	74.995462768	0.9301
3 5 9			0.01		-3.97		28.17		0.36271	0.4755	65.0802252419	19.5165
7 3 1			0.01		-3.96		27.86		0.36271	0.5095	71.5359286583	22.1332
3 3 15			0.01		-3.95		27.47		0.36272	0.3402	73.0835579415	3.8877
5 3 9			0.01		-3.94		27.22		0.36262	0.4833	65.0662013285	20.8409
4 2 12			0.01		-3.92		26.86		0.36258	0.2244	63.468523569	4.7972
6 0 8			0.01		-3.91		26.53		0.3625	2.9234	64.163237895	5.3359
0 4 20			0.01		-3.9		26.18		0.36262	1.027	94.1654323607	18.6345
1 5 9			0.01		-3.89		25.9		0.36253	0.4394	58.984264935	17.7365
1 1 3			0.01		-3.88		25.77		0.36251	0.4514	16.9416048235	36.8187
5 1 13			0.01		-3.87		25.44		0.36254	0.4567	71.2764535317	11.3258
5 1 9			0.01		-3.86		25.19		0.36244	0.4583	58.9619928854	19.0838
0 6 0			0.01		-3.85		24.96		0.36244	1.4277	54.7714555341	59.4019
5 3 1			0.01		-3.84		24.82		0.36243	0.5252	53.2386121167	32.835
0 4 8			-0.04		-3.88		25.76		0.36265	4.1351	47.9021960727	235.0989
0 0 16			0.01		-3.87		25.58		0.36298	1.3342	64.286058028	116.6634
2 4 10			0.01		-3.86		25.35		0.36297	0.607	57.0555982332	12.0937
4 6 6			0.01		-3.85		25.05		0.36297	1.1903	71.9781772466	41.9784
3 1 5			-0.03		-3.88		25.7		0.36314	2.8985	34.1781376955	186.2389
1 1 9			0.01		-3.87		25.41		0.36313	0.2216	37.1193146943	1.1702
4 2 2			0.01		-3.86		25.2		0.36313	0.457	40.8620305525	12.2524
3 3 13			0.01		-3.85		24.91		0.3631	0.5636	65.4922780779	9.1158
0 4 18			0.01		-3.83		24.64		0.36311	0.8369	84.5238780681	17.4513
0 2 12			0.01		-3.83		24.45		0.36304	0.3827	50.6142203783	17.5707
1 5 1			0.01		-3.82		24.31		0.36303	0.4978	46.196563203	27.3004
2 4 2			0.01		-3.81		24.13		0.36303	0.3828	40.8766170199	13.2501
4 4 10			0.0		-3.81		24.1		0.36315	0.6886	66.23802526	47.6672
4 0 10			0.0		-3.81		24.05		0.36327	0.6243	53.7713327333	45.2096
0 4 16			0.01		-3.8		23.82		0.36343	1.5557	75.7704700384	94.8658
2 6 10			0.0		-3.8		23.77		0.36354	0.7069	72.0169435829	44.7171
6 0 4			0.0		-3.8		23.76		0.36356	0.7069	57.1830782131	42.6751
4 0 14			-0.0		-3.8		23.87		0.36336	1.986	67.7459682929	124.3248
1 7 1			0.01		-3.8		23.75		0.36335	0.5219	65.7901743415	26.2984
3 7 5			0.0		-3.79		23.65		0.36343	1.0548	74.7470539899	89.5814
6 2 2			-0.02		-3.82		24.23		0.36349	3.3001	58.5687226088	135.1206