HKL Value		Reward		TotalReward	Chi Squared	Z Appr. 	Error	Two-Thetas	Sfs2
1 5 7			0.0		0.0		0.0		0.3	0.6035	54.1236034243	4.2528
6 4 0			0.0		0.0		0.01		0.33737	1.8287	67.0910631577	58.6803
1 3 7			1.0		1.0		0.01		0.33738	0.1893	39.2755843192	5.3372
1 1 7			-0.04		0.96		0.01		0.3376	0.2012	29.7561292971	6.5386
5 3 7			-0.47		0.49		0.01		0.33731	0.2523	60.5057581853	5.4388
5 1 7			0.25		0.73		0.01		0.33732	0.2609	54.1000446603	4.252
7 1 3			-1.0		-0.26		3.87		0.33713	1.4031	66.8553232335	91.2915
4 6 0			0.16		-0.1		3.32		0.33713	0.7863	67.1083315067	59.4729
2 6 0			-0.91		-1.01		37.35		0.33713	4.3567	58.0028534629	558.9791
3 3 7			0.12		-0.89		33.23		0.33773	0.1558	47.1418707618	3.5073
1 7 7			0.11		-0.78		29.94		0.33733	0.4353	72.3061031614	6.1143
6 2 8			-0.15		-0.93		35.17		0.37492	3.3751	67.1207225085	222.106
2 0 14			0.08		-0.84		32.53		0.37607	0.2634	58.6945218607	7.3942
0 2 14			0.08		-0.77		30.19		0.37736	0.2479	58.6982494177	6.3292
6 4 2			0.07		-0.69		28.15		0.37747	0.2211	67.6401768609	4.8049
0 6 8			0.05		-0.64		26.82		0.37802	0.7694	64.1950429677	5.6946
3 3 13			0.05		-0.59		25.44		0.36423	0.5636	65.4922780779	9.1158
7 1 7			0.06		-0.53		24.04		0.36429	0.3505	72.2660298289	5.0526
4 6 2			0.05		-0.48		22.85		0.36432	0.2349	67.657370766	5.5969
4 2 8			0.04		-0.44		21.89		0.36344	0.7605	51.4203212226	2.5419
6 4 6			0.05		-0.38		20.8		0.3633	0.9247	71.9614498967	41.9809
0 2 20			0.05		-0.33		19.81		0.36332	0.4494	86.0769303832	2.8517
9 1 1			0.03		-0.3		19.15		0.36327	0.8793	87.9915459652	19.6393
6 0 2			0.04		-0.26		18.38		0.36332	0.2214	55.354768557	5.4487
0 6 4			-0.01		-0.27		18.59		0.36342	0.6675	57.2171401797	42.9768
5 1 9			0.03		-0.24		18.12		0.36284	0.4583	58.9619928854	19.0838
1 3 13			0.04		-0.2		17.42		0.36297	0.3907	59.4200243294	11.5335
3 1 13			0.04		-0.16		16.78		0.36307	0.3869	59.4126405656	11.7895
4 0 8			-0.16		-0.32		19.98		0.36386	2.9483	47.8850437629	244.3799
2 0 16			0.04		-0.29		19.29		0.36384	0.5935	67.2372591268	11.8907
3 1 7			0.03		-0.26		18.69		0.36386	0.257	39.2655360855	5.205
1 5 13			0.03		-0.22		18.09		0.36386	1.1973	71.2966048402	12.6128
0 6 2			0.03		-0.19		17.59		0.36388	0.2356	55.3895592761	6.1752
2 2 0			-0.52		-0.72		36.74		0.36388	11.1953	25.0390113278	1035.9387
0 2 16			0.03		-0.69		35.66		0.36395	1.8687	67.2407114996	13.8307
3 5 7			0.03		-0.66		34.7		0.36397	0.2309	60.5203777188	5.6046
6 0 12			0.03		-0.63		33.74		0.36396	0.5892	74.995462768	0.9301
6 0 6			0.02		-0.61		32.95		0.3638	1.0815	60.1501886982	39.9969
2 0 8			0.03		-0.58		32.09		0.36376	0.1665	35.7565424018	1.5727
0 6 16			0.03		-0.55		31.28		0.36357	0.4825	89.3859051251	7.6515
4 2 6			0.02		-0.54		30.76		0.36335	1.6049	46.7233273538	62.1975
4 2 14			0.02		-0.51		30.06		0.36322	1.2576	70.6282605877	19.9713
3 1 9			0.02		-0.49		29.42		0.36312	0.36	45.2950695798	8.7768
6 0 0			0.02		-0.47		28.84		0.36312	0.7256	54.7363985401	55.434
1 1 13			0.02		-0.45		28.19		0.36313	0.3722	52.9310122384	10.9703
0 6 6			0.02		-0.43		27.66		0.36298	1.0147	60.183190367	40.9583
2 6 10			0.01		-0.42		27.47		0.36324	0.7069	72.0169435829	44.7171
1 3 9			0.02		-0.4		26.93		0.36316	0.2622	45.3040218183	7.1674
1 3 5			-0.04		-0.44		28.09		0.36353	3.1323	34.189462707	190.138
6 0 8			0.02		-0.42		27.59		0.36339	2.9234	64.163237895	5.3359
2 4 8			0.02		-0.41		27.12		0.36322	0.1687	51.4325245866	2.4593
3 1 15			0.02		-0.39		26.64		0.36326	0.2871	67.3554895111	7.7692
0 2 12			0.01		-0.38		26.27		0.3631	0.3827	50.6142203783	17.5707
0 6 10			0.02		-0.36		25.86		0.36308	0.8527	69.1637693973	8.5049
5 5 1			0.01		-0.35		25.5		0.36306	0.5073	65.769247456	23.9531
6 4 4			0.01		-0.34		25.28		0.3631	0.6669	69.2748711385	33.991
2 4 6			0.01		-0.33		25.02		0.36287	0.785	46.7364348384	64.2552
5 1 13			0.02		-0.31		24.58		0.3629	0.4567	71.2764535317	11.3258
2 4 14			0.02		-0.29		24.19		0.3628	0.5221	70.6383718296	19.4111
4 6 6			0.02		-0.28		23.78		0.36278	1.1903	71.9781772466	41.9784
1 3 15			0.01		-0.26		23.43		0.36283	0.2862	67.3623786269	8.1809
2 0 10			0.01		-0.25		23.26		0.36279	0.6169	42.9543880851	20.236
1 1 15			0.01		-0.24		23.04		0.36288	0.656	61.3839959686	20.6242
6 0 4			-0.0		-0.24		23.05		0.36291	0.7069	57.1830782131	42.6751
1 5 9			0.01		-0.23		22.77		0.36275	0.4394	58.984264935	17.7365
4 2 10			0.01		-0.22		22.52		0.36272	1.1102	57.0442200735	11.3144
3 5 9			0.01		-0.21		22.32		0.36255	0.4755	65.0802252419	19.5165
0 6 14			0.01		-0.2		22.04		0.36241	0.9096	81.7552219026	27.2955
6 0 10			0.01		-0.19		21.78		0.36238	1.0728	69.1331306246	8.9056
0 0 20			0.01		-0.18		21.62		0.36344	0.4542	83.3712939521	4.3689
5 5 7			0.01		-0.17		21.32		0.36345	0.6639	72.2860687267	4.3062
0 2 8			0.01		-0.15		21.03		0.36344	0.1155	35.7619852008	1.7384
2 0 12			0.01		-0.14		20.83		0.36335	0.8079	50.6101057273	16.6151
0 2 18			0.01		-0.13		20.57		0.36336	0.3755	76.3208597895	3.7538
0 0 18			0.01		-0.12		20.36		0.36343	0.6609	73.530655613	37.988
3 3 15			0.01		-0.11		20.1		0.36345	0.3402	73.0835579415	3.8877
7 1 1			0.01		-0.1		19.97		0.36345	0.5207	65.7483230412	25.2044
0 6 12			0.01		-0.09		19.72		0.36343	0.3425	75.0250979777	1.887
0 4 16			0.01		-0.08		19.5		0.36362	1.5557	75.7704700384	94.8658
3 5 1			0.0		-0.07		19.42		0.36361	0.5283	53.2544885252	31.9012
1 1 9			0.01		-0.06		19.18		0.3636	0.2216	37.1193146943	1.1702
4 2 12			0.01		-0.05		18.97		0.36358	0.2244	63.468523569	4.7972
2 4 10			0.01		-0.04		18.82		0.36356	0.607	57.0555982332	12.0937
3 3 9			0.01		-0.03		18.66		0.3635	0.3816	52.4524123761	12.0632
0 6 0			0.01		-0.02		18.51		0.3635	1.4277	54.7714555341	59.4019
1 1 3			0.0		-0.02		18.48		0.36347	0.4514	16.9416048235	36.8187
0 4 20			0.01		-0.01		18.27		0.36347	1.027	94.1654323607	18.6345
5 3 9			0.0		-0.01		18.18		0.3634	0.4833	65.0662013285	20.8409
1 7 1			0.0		-0.0		18.1		0.36338	0.5219	65.7901743415	26.2984
6 2 10			0.0		-0.0		18.1		0.36351	0.7103	71.9901825081	43.9921
4 6 4			0.0		0.0		18.04		0.36353	1.0731	69.291881243	33.3045
2 6 2			-0.04		-0.03		18.74		0.36359	1.2892	58.5985395934	134.3564
2 2 4			-0.02		-0.05		19.08		0.36357	0.7551	29.4672289371	73.6026
5 1 1			0.0		-0.05		19.01		0.36356	0.5346	46.1701152	26.7419
4 4 10			-0.0		-0.05		19.03		0.36369	0.6886	66.23802526	47.6672
2 2 10			0.0		-0.05		19.02		0.36383	0.6429	46.7739448495	44.8949
7 3 1			0.01		-0.04		18.89		0.36382	0.5095	71.5359286583	22.1332
1 5 1			0.0		-0.04		18.83		0.36381	0.4978	46.196563203	27.3004
2 4 2			0.01		-0.03		18.71		0.36381	0.3828	40.8766170199	13.2501
0 0 4			-0.01		-0.05		18.95		0.3638	0.8482	15.2869714585	59.1035
3 7 5			0.0		-0.04		18.89		0.3639	1.0548	74.7470539899	89.5814
2 4 0			0.0		-0.04		18.84		0.3639	1.4359	40.0960076051	88.2765