HKL Value		Reward		TotalReward	Chi Squared	Z Appr. 	Error	Two-Thetas	Sfs2
1 5 7			0.0		0.0		0.0		0.3	0.6035	54.1236034243	4.2528
6 4 0			0.0		0.0		0.01		0.33737	1.8287	67.0910631577	58.6803
1 3 7			1.0		1.0		0.01		0.33738	0.1893	39.2755843192	5.3372
1 1 7			-0.04		0.96		0.01		0.3376	0.2012	29.7561292971	6.5386
5 3 7			-0.47		0.49		0.01		0.33731	0.2523	60.5057581853	5.4388
3 1 11			-1.0		-0.51		23.74		0.36448	2.3814	52.0481274199	292.2152
2 6 8			-0.28		-0.79		32.79		0.36799	4.3291	67.1483383839	218.3417
0 4 2			-0.18		-0.97		39.95		0.36916	3.2657	36.5744795411	137.7475
0 4 18			0.14		-0.83		35.16		0.36743	0.8369	84.5238780681	17.4513
7 1 5			0.05		-0.78		33.39		0.36827	1.5264	69.0427278305	98.726
1 3 9			0.1		-0.68		30.42		0.36819	0.2622	45.3040218183	7.1674
5 1 7			0.1		-0.59		27.73		0.36826	0.2609	54.1000446603	4.252
3 3 15			0.09		-0.5		25.46		0.36822	0.3402	73.0835579415	3.8877
4 6 0			0.08		-0.41		23.51		0.36822	0.7863	67.1083315067	59.4729
1 7 7			0.07		-0.34		21.96		0.36831	0.4353	72.3061031614	6.1143
6 2 8			-0.15		-0.49		25.69		0.36901	3.3751	67.1207225085	222.106
2 6 0			-0.38		-0.87		41.3		0.36901	4.3567	58.0028534629	558.9791
3 3 7			0.06		-0.8		38.89		0.36906	0.1558	47.1418707618	3.5073
5 1 13			0.05		-0.76		37.15		0.36731	0.4567	71.2764535317	11.3258
7 3 5			0.04		-0.72		35.66		0.36768	1.0496	74.7140851895	88.0788
2 0 2			0.01		-0.7		35.19		0.36768	0.6502	19.2320929378	35.9547
7 1 7			0.05		-0.65		33.58		0.36772	0.3505	72.2660298289	5.0526
0 2 14			0.05		-0.61		32.1		0.36751	0.2479	58.6982494177	6.3292
2 0 10			0.03		-0.58		31.28		0.3676	0.6169	42.9543880851	20.236
2 0 14			0.04		-0.54		30.04		0.36735	0.2634	58.6945218607	7.3942
6 4 2			0.04		-0.5		28.92		0.36738	0.2211	67.6401768609	4.8049
4 2 14			0.03		-0.47		28.03		0.36687	1.2576	70.6282605877	19.9713
0 0 14			0.0		-0.47		27.89		0.36578	0.8389	55.4890953336	74.9432
3 5 11			-0.03		-0.5		28.83		0.3655	1.8915	70.5555824797	206.4699
0 6 8			0.03		-0.47		27.97		0.36521	0.7694	64.1950429677	5.6946
4 6 6			0.03		-0.43		27.06		0.36509	1.1903	71.9781772466	41.9784
0 2 20			0.03		-0.4		26.22		0.36459	0.4494	86.0769303832	2.8517
4 2 8			0.03		-0.38		25.56		0.36434	0.7605	51.4203212226	2.5419
2 6 6			-0.15		-0.53		30.21		0.36338	5.383	63.2392339525	346.2148
1 3 13			0.03		-0.5		29.32		0.36339	0.3907	59.4200243294	11.5335
4 6 2			0.03		-0.47		28.56		0.36339	0.2349	67.657370766	5.5969
3 1 13			0.03		-0.44		27.77		0.36341	0.3869	59.4126405656	11.7895
6 0 2			0.03		-0.42		27.06		0.36343	0.2214	55.354768557	5.4487
5 1 9			0.02		-0.4		26.53		0.36319	0.4583	58.9619928854	19.0838
2 0 16			0.03		-0.37		25.85		0.36325	0.5935	67.2372591268	11.8907
3 1 7			0.02		-0.35		25.24		0.36327	0.257	39.2655360855	5.205
3 5 7			0.02		-0.32		24.67		0.36329	0.2309	60.5203777188	5.6046
2 6 4			-0.02		-0.35		25.29		0.36324	0.8772	60.3635846112	78.02
1 5 13			0.02		-0.32		24.7		0.36329	1.1973	71.2966048402	12.6128
0 6 2			0.02		-0.3		24.18		0.36331	0.2356	55.3895592761	6.1752
2 4 8			0.02		-0.28		23.74		0.36311	0.1687	51.4325245866	2.4593
0 2 16			0.02		-0.26		23.23		0.36324	1.8687	67.2407114996	13.8307
6 2 0			-0.19		-0.45		28.74		0.36324	4.3933	57.9728440251	566.5186
2 2 8			-0.05		-0.5		30.23		0.36363	1.8488	40.1384116224	216.1995
2 0 8			0.02		-0.48		29.62		0.36359	0.1665	35.7565424018	1.5727
0 6 16			0.02		-0.46		29.03		0.36345	0.4825	89.3859051251	7.6515
6 0 6			0.02		-0.45		28.54		0.36334	1.0815	60.1501886982	39.9969
6 0 0			0.02		-0.43		28.09		0.36334	0.7256	54.7363985401	55.434
3 1 9			0.02		-0.41		27.62		0.36325	0.36	45.2950695798	8.7768
1 1 13			0.02		-0.39		27.11		0.36325	0.3722	52.9310122384	10.9703
4 2 6			0.01		-0.38		26.79		0.36308	1.6049	46.7233273538	62.1975
0 6 6			0.02		-0.37		26.39		0.36297	1.0147	60.183190367	40.9583
6 0 8			0.02		-0.35		25.98		0.36285	2.9234	64.163237895	5.3359
5 5 1			0.01		-0.34		25.64		0.36283	0.5073	65.769247456	23.9531
1 7 5			-0.0		-0.34		25.64		0.36305	1.0841	69.0835930101	99.7513
0 2 0			-0.01		-0.35		26.01		0.36305	1.4407	17.6394681947	177.2483
0 2 12			0.01		-0.34		25.7		0.36291	0.3827	50.6142203783	17.5707
4 6 4			0.01		-0.33		25.49		0.36294	1.0731	69.291881243	33.3045
0 2 22			0.0		-0.33		25.38		0.36302	1.8317	96.7387030121	97.213
6 4 6			0.02		-0.31		24.99		0.363	0.9247	71.9614498967	41.9809
2 2 4			-0.02		-0.33		25.38		0.36298	0.7551	29.4672289371	73.6026
0 6 10			0.01		-0.31		25.07		0.36295	0.8527	69.1637693973	8.5049
2 4 14			0.01		-0.3		24.72		0.36288	0.5221	70.6383718296	19.4111
3 1 15			0.01		-0.29		24.39		0.36291	0.2871	67.3554895111	7.7692
2 4 6			0.01		-0.28		24.2		0.36276	0.785	46.7364348384	64.2552
1 3 15			0.01		-0.27		23.89		0.3628	0.2862	67.3623786269	8.1809
2 2 10			0.0		-0.26		23.84		0.36298	0.6429	46.7739448495	44.8949
6 0 12			0.01		-0.25		23.51		0.36297	0.5892	74.995462768	0.9301
5 5 7			0.01		-0.24		23.2		0.36298	0.6639	72.2860687267	4.3062
6 2 2			-0.03		-0.27		24.0		0.36306	3.3001	58.5687226088	135.1206
4 4 2			-0.03		-0.3		24.79		0.36314	1.2125	52.0311030722	128.6454
3 5 9			0.01		-0.29		24.59		0.36302	0.4755	65.0802252419	19.5165
0 4 16			0.01		-0.28		24.31		0.36329	1.5557	75.7704700384	94.8658
0 6 14			0.01		-0.27		24.05		0.36319	0.9096	81.7552219026	27.2955
6 0 10			0.01		-0.26		23.8		0.36317	1.0728	69.1331306246	8.9056
0 6 0			0.01		-0.25		23.59		0.36317	1.4277	54.7714555341	59.4019
4 0 0			-0.19		-0.44		29.17		0.36317	8.3901	35.6934066618	787.9925
9 1 1			0.01		-0.43		28.88		0.36317	0.8793	87.9915459652	19.6393
2 4 12			0.01		-0.42		28.55		0.36312	0.2205	63.4791913795	4.8908
0 2 18			0.01		-0.41		28.23		0.36313	0.3755	76.3208597895	3.7538
1 1 15			0.01		-0.4		28.01		0.36319	0.656	61.3839959686	20.6242
2 0 12			0.01		-0.39		27.76		0.36309	0.8079	50.6101057273	16.6151
4 2 10			0.01		-0.38		27.52		0.36307	1.1102	57.0442200735	11.3144
3 3 13			0.01		-0.37		27.21		0.36302	0.5636	65.4922780779	9.1158
0 6 12			0.01		-0.36		26.91		0.36301	0.3425	75.0250979777	1.887
4 0 10			0.0		-0.36		26.82		0.36317	0.6243	53.7713327333	45.2096
0 0 20			0.01		-0.35		26.61		0.36375	0.4542	83.3712939521	4.3689
0 0 18			0.01		-0.34		26.37		0.36381	0.6609	73.530655613	37.988
4 2 2			0.01		-0.33		26.17		0.36381	0.457	40.8620305525	12.2524
0 2 8			0.01		-0.32		25.89		0.3638	0.1155	35.7619852008	1.7384
2 4 10			0.01		-0.32		25.69		0.3638	0.607	57.0555982332	12.0937
5 1 3			-0.0		-0.32		25.71		0.36375	0.9592	47.5591860667	88.1873
1 5 9			0.01		-0.31		25.51		0.36368	0.4394	58.984264935	17.7365
7 1 1			0.01		-0.3		25.35		0.36367	0.5207	65.7483230412	25.2044
2 0 4			-0.02		-0.32		25.83		0.36369	1.3874	23.4143586184	109.347
0 2 6			-0.01		-0.33		25.96		0.36354	1.1672	29.1471999487	131.5155
1 1 9			0.01		-0.32		25.7		0.36354	0.2216	37.1193146943	1.1702