HKL Value		Reward		TotalReward	Chi Squared	Z Appr. 	Error	Two-Thetas	Sfs2
1 5 7			0.0		0.0		0.0		0.3	0.6035	54.1236034243	4.2528
6 4 0			0.0		0.0		0.01		0.33737	1.8287	67.0910631577	58.6803
3 1 1			-1.0		-1.0		7.89		0.33536	0.5239	28.3131072915	41.7464
1 3 7			0.49		-0.51		5.29		0.33627	0.1893	39.2755843192	5.3372
5 3 7			0.33		-0.17		3.96		0.33632	0.2523	60.5057581853	5.4388
4 4 2			-0.82		-0.99		22.11		0.33882	1.2125	52.0311030722	128.6454
3 3 7			0.2		-0.79		18.43		0.33949	0.1558	47.1418707618	3.5073
5 5 3			-0.0		-0.79		18.44		0.33898	0.8107	66.8760743485	64.1048
1 1 7			0.14		-0.65		16.13		0.33874	0.2012	29.7561292971	6.5386
4 6 0			0.12		-0.53		14.35		0.33874	0.7863	67.1083315067	59.4729
2 0 12			0.07		-0.46		13.41		0.35414	0.8079	50.6101057273	16.6151
0 4 18			0.09		-0.36		12.25		0.35563	0.8369	84.5238780681	17.4513
5 1 7			0.08		-0.28		11.35		0.35561	0.2609	54.1000446603	4.252
1 7 7			0.06		-0.22		10.67		0.35559	0.4353	72.3061031614	6.1143
0 2 14			0.07		-0.15		9.97		0.35535	0.2479	58.6982494177	6.3292
0 6 2			0.05		-0.1		9.48		0.35544	0.2356	55.3895592761	6.1752
0 0 4			-0.17		-0.26		11.39		0.35507	0.8482	15.2869714585	59.1035
6 0 2			0.05		-0.21		10.85		0.35515	0.2214	55.354768557	5.4487
2 2 14			-0.05		-0.26		11.42		0.35586	1.0835	61.7979105177	101.9829
4 6 2			0.04		-0.22		10.96		0.35586	0.2349	67.657370766	5.5969
2 0 14			0.05		-0.17		10.44		0.35575	0.2634	58.6945218607	7.3942
0 2 2			-0.07		-0.24		11.19		0.35562	0.4614	19.2417464495	36.8131
4 0 6			-0.51		-0.75		23.03		0.35346	5.3963	42.900258124	488.2208
0 6 8			0.04		-0.71		22.04		0.35354	0.7694	64.1950429677	5.6946
3 5 7			0.04		-0.67		21.2		0.35353	0.2309	60.5203777188	5.6046
4 2 8			0.04		-0.63		20.36		0.35355	0.7605	51.4203212226	2.5419
2 0 16			0.03		-0.6		19.85		0.3535	0.5935	67.2372591268	11.8907
1 3 13			0.03		-0.58		19.33		0.35371	0.3907	59.4200243294	11.5335
6 0 0			0.03		-0.55		18.8		0.35371	0.7256	54.7363985401	55.434
3 1 13			0.02		-0.52		18.36		0.35398	0.3869	59.4126405656	11.7895
0 2 16			0.02		-0.51		18.03		0.35398	1.8687	67.2407114996	13.8307
3 1 7			0.03		-0.47		17.5		0.35395	0.257	39.2655360855	5.205
1 5 13			0.02		-0.45		17.15		0.35443	1.1973	71.2966048402	12.6128
6 4 2			0.03		-0.43		16.7		0.35442	0.2211	67.6401768609	4.8049
0 0 6			-0.39		-0.81		27.18		0.35212	7.4326	23.0169618987	709.6598
7 1 7			0.03		-0.79		26.46		0.3521	0.3505	72.2660298289	5.0526
6 0 6			0.03		-0.76		25.72		0.35208	1.0815	60.1501886982	39.9969
3 1 9			0.03		-0.73		25.05		0.35232	0.36	45.2950695798	8.7768
6 4 6			0.02		-0.71		24.48		0.3526	0.9247	71.9614498967	41.9809
4 2 14			0.02		-0.68		23.89		0.35277	1.2576	70.6282605877	19.9713
2 4 6			0.02		-0.66		23.37		0.35257	0.785	46.7364348384	64.2552
2 4 14			0.02		-0.64		22.83		0.35272	0.5221	70.6383718296	19.4111
4 4 8			-0.09		-0.73		25.13		0.35422	3.9407	61.1479986878	218.5721
0 6 10			0.02		-0.71		24.61		0.35413	0.8527	69.1637693973	8.5049
0 6 16			0.02		-0.69		24.15		0.35408	0.4825	89.3859051251	7.6515
7 1 1			0.01		-0.67		23.82		0.35401	0.5207	65.7483230412	25.2044
3 1 15			0.02		-0.65		23.38		0.35365	0.2871	67.3554895111	7.7692
0 2 20			0.02		-0.63		22.88		0.3538	0.4494	86.0769303832	2.8517
2 4 8			0.02		-0.61		22.41		0.35382	0.1687	51.4325245866	2.4593
1 1 13			0.02		-0.6		22.06		0.35405	0.3722	52.9310122384	10.9703
1 3 15			0.02		-0.58		21.69		0.35368	0.2862	67.3623786269	8.1809
6 0 12			0.01		-0.57		21.4		0.35634	0.5892	74.995462768	0.9301
1 1 15			0.01		-0.56		21.25		0.35674	0.656	61.3839959686	20.6242
2 0 8			0.02		-0.54		20.85		0.35681	0.1665	35.7565424018	1.5727
0 2 22			-0.01		-0.55		20.97		0.36012	1.8317	96.7387030121	97.213
0 6 6			0.02		-0.53		20.63		0.35989	1.0147	60.183190367	40.9583
6 2 8			-0.06		-0.59		21.93		0.36083	3.3751	67.1207225085	222.106
3 1 3			-0.0		-0.59		21.98		0.36072	1.2003	30.3814370344	67.5761
4 2 10			0.01		-0.58		21.7		0.36064	1.1102	57.0442200735	11.3144
4 6 6			0.02		-0.56		21.34		0.36067	1.1903	71.9781772466	41.9784
3 3 9			0.01		-0.55		21.03		0.36045	0.3816	52.4524123761	12.0632
9 1 1			0.01		-0.53		20.77		0.36042	0.8793	87.9915459652	19.6393
0 6 14			0.01		-0.52		20.47		0.36029	0.9096	81.7552219026	27.2955
0 2 8			0.02		-0.5		20.15		0.36029	0.1155	35.7619852008	1.7384
2 2 16			0.0		-0.5		20.07		0.36139	1.1693	70.1293332912	108.6018
0 0 20			0.0		-0.5		20.02		0.36284	0.4542	83.3712939521	4.3689
5 5 1			0.01		-0.49		19.82		0.36284	0.5073	65.769247456	23.9531
1 7 3			-0.01		-0.49		19.95		0.36278	0.9932	66.8968211493	90.2271
2 2 10			-0.0		-0.49		19.95		0.36292	0.6429	46.7739448495	44.8949
0 0 16			0.01		-0.49		19.81		0.36324	1.3342	64.286058028	116.6634
3 7 1			0.01		-0.48		19.62		0.36324	1.2822	71.5694631273	22.2453
1 5 9			0.01		-0.47		19.43		0.36315	0.4394	58.984264935	17.7365
2 4 10			0.01		-0.46		19.26		0.36313	0.607	57.0555982332	12.0937
5 3 9			0.01		-0.45		19.14		0.36306	0.4833	65.0662013285	20.8409
3 3 15			0.01		-0.44		18.89		0.36307	0.3402	73.0835579415	3.8877
3 5 9			0.01		-0.43		18.76		0.36299	0.4755	65.0802252419	19.5165
6 0 10			0.01		-0.42		18.58		0.36298	1.0728	69.1331306246	8.9056
0 6 0			0.01		-0.41		18.42		0.36298	1.4277	54.7714555341	59.4019
0 2 18			0.01		-0.4		18.2		0.36299	0.3755	76.3208597895	3.7538
4 2 12			0.01		-0.39		17.99		0.36296	0.2244	63.468523569	4.7972
0 4 16			0.01		-0.38		17.81		0.36315	1.5557	75.7704700384	94.8658
6 0 8			0.01		-0.37		17.62		0.36308	2.9234	64.163237895	5.3359
7 3 1			0.01		-0.36		17.49		0.36308	0.5095	71.5359286583	22.1332
5 1 1			0.0		-0.36		17.42		0.36306	0.5346	46.1701152	26.7419
1 1 17			-0.05		-0.41		18.43		0.3624	2.447	70.2810461715	248.4175
0 4 20			0.01		-0.4		18.22		0.36251	1.027	94.1654323607	18.6345
5 1 9			0.01		-0.39		18.08		0.36244	0.4583	58.9619928854	19.0838
5 1 13			0.01		-0.38		17.87		0.36246	0.4567	71.2764535317	11.3258
1 5 3			-0.0		-0.38		17.95		0.36243	0.9511	47.585042181	85.8034
1 1 9			0.01		-0.37		17.75		0.36243	0.2216	37.1193146943	1.1702
4 2 2			0.01		-0.37		17.63		0.36243	0.457	40.8620305525	12.2524
1 5 1			0.0		-0.36		17.57		0.36243	0.4978	46.196563203	27.3004
3 3 13			0.01		-0.35		17.38		0.36241	0.5636	65.4922780779	9.1158
4 0 10			-0.0		-0.35		17.41		0.36251	0.6243	53.7713327333	45.2096
2 6 4			-0.02		-0.37		17.76		0.36249	0.8772	60.3635846112	78.02
3 3 1			0.0		-0.37		17.72		0.36248	0.5106	38.1558496662	33.1617
5 1 3			-0.01		-0.38		17.8		0.36245	0.9592	47.5591860667	88.1873
6 2 10			-0.0		-0.38		17.82		0.36254	0.7103	71.9901825081	43.9921
7 3 3			-0.0		-0.38		17.86		0.36251	1.9283	72.601334037	69.5466