HKL Value		Reward		TotalReward	Chi Squared	Z Appr. 	Error	Two-Thetas	Sfs2
1 5 7			0.0		0.0		0.0		0.3	0.6035	54.1236034243	4.2528
6 4 0			0.0		0.0		0.01		0.33737	1.8287	67.0910631577	58.6803
6 0 10			-0.99		-0.99		1.97		0.34729	1.0728	69.1331306246	8.9056
1 3 7			0.28		-0.72		1.54		0.34062	0.1893	39.2755843192	5.3372
5 3 7			0.28		-0.44		1.21		0.33827	0.2523	60.5057581853	5.4388
1 1 7			0.25		-0.19		0.97		0.33815	0.2012	29.7561292971	6.5386
4 6 0			0.19		0.0		0.81		0.33815	0.7863	67.1083315067	59.4729
3 3 7			0.14		0.14		0.71		0.33885	0.1558	47.1418707618	3.5073
4 0 8			-0.94		-0.8		11.83		0.3765	2.9483	47.8850437629	244.3799
5 1 7			0.12		-0.67		10.52		0.37653	0.2609	54.1000446603	4.252
2 0 14			0.08		-0.59		9.73		0.37744	0.2634	58.6945218607	7.3942
6 0 2			0.09		-0.5		8.89		0.37752	0.2214	55.354768557	5.4487
2 4 12			0.07		-0.43		8.33		0.37747	0.2205	63.4791913795	4.8908
0 2 14			0.07		-0.36		7.8		0.37818	0.2479	58.6982494177	6.3292
0 6 2			0.07		-0.29		7.3		0.37826	0.2356	55.3895592761	6.1752
1 7 7			0.07		-0.22		6.82		0.37835	0.4353	72.3061031614	6.1143
3 1 13			-0.11		-0.34		7.7		0.36645	0.3869	59.4126405656	11.7895
0 0 4			-0.21		-0.54		9.72		0.36634	0.8482	15.2869714585	59.1035
0 6 8			0.03		-0.51		9.43		0.36556	0.7694	64.1950429677	5.6946
2 0 16			0.05		-0.46		8.96		0.36482	0.5935	67.2372591268	11.8907
4 6 2			0.04		-0.42		8.65		0.36483	0.2349	67.657370766	5.5969
1 3 13			0.05		-0.38		8.25		0.36447	0.3907	59.4200243294	11.5335
4 2 8			0.02		-0.36		8.09		0.36397	0.7605	51.4203212226	2.5419
6 4 2			0.03		-0.32		7.84		0.36399	0.2211	67.6401768609	4.8049
0 0 20			0.03		-0.3		7.62		0.36502	0.4542	83.3712939521	4.3689
3 5 11			-0.19		-0.49		9.46		0.36492	1.8915	70.5555824797	206.4699
0 2 16			0.04		-0.45		9.1		0.36488	1.8687	67.2407114996	13.8307
6 0 0			0.02		-0.43		8.93		0.36488	0.7256	54.7363985401	55.434
7 1 7			0.03		-0.4		8.67		0.3649	0.3505	72.2660298289	5.0526
2 6 2			-0.22		-0.63		11.17		0.36502	1.2892	58.5985395934	134.3564
1 5 13			0.03		-0.59		10.8		0.36491	1.1973	71.2966048402	12.6128
5 1 11			-0.13		-0.72		12.38		0.36484	3.2753	64.7131722767	203.727
6 0 6			0.02		-0.7		12.15		0.36471	1.0815	60.1501886982	39.9969
4 2 14			0.02		-0.68		11.88		0.36456	1.2576	70.6282605877	19.9713
3 1 9			0.02		-0.66		11.64		0.36449	0.36	45.2950695798	8.7768
3 5 7			0.02		-0.63		11.36		0.3645	0.2309	60.5203777188	5.6046
5 3 11			-0.09		-0.72		12.48		0.36446	1.8677	70.5420870211	204.0714
6 4 6			0.03		-0.7		12.15		0.36442	0.9247	71.9614498967	41.9809
2 4 14			0.02		-0.67		11.91		0.3643	0.5221	70.6383718296	19.4111
1 1 17			-0.17		-0.85		14.41		0.3632	2.447	70.2810461715	248.4175
0 6 16			0.03		-0.82		14.05		0.36312	0.4825	89.3859051251	7.6515
0 6 10			0.02		-0.81		13.82		0.36311	0.8527	69.1637693973	8.5049
3 1 15			0.02		-0.79		13.56		0.36314	0.2871	67.3554895111	7.7692
1 1 13			0.02		-0.76		13.24		0.36314	0.3722	52.9310122384	10.9703
3 7 5			-0.0		-0.76		13.26		0.36327	1.0548	74.7470539899	89.5814
4 2 10			0.01		-0.75		13.11		0.36326	1.1102	57.0442200735	11.3144
3 1 7			0.02		-0.73		12.85		0.36326	0.257	39.2655360855	5.205
2 4 8			0.01		-0.72		12.67		0.36316	0.1687	51.4325245866	2.4593
0 2 20			0.02		-0.7		12.4		0.36317	0.4494	86.0769303832	2.8517
0 6 6			0.01		-0.68		12.24		0.36309	1.0147	60.183190367	40.9583
2 4 6			0.0		-0.68		12.21		0.36297	0.785	46.7364348384	64.2552
1 3 15			0.02		-0.67		12.03		0.363	0.2862	67.3623786269	8.1809
2 0 8			0.02		-0.65		11.81		0.36298	0.1665	35.7565424018	1.5727
3 5 9			0.0		-0.64		11.76		0.3629	0.4755	65.0802252419	19.5165
1 1 15			0.0		-0.64		11.72		0.36295	0.656	61.3839959686	20.6242
3 3 9			0.01		-0.63		11.59		0.36288	0.3816	52.4524123761	12.0632
0 6 14			0.01		-0.62		11.45		0.3628	0.9096	81.7552219026	27.2955
3 3 15			0.02		-0.6		11.26		0.36282	0.3402	73.0835579415	3.8877
9 1 1			0.01		-0.59		11.16		0.36282	0.8793	87.9915459652	19.6393
5 5 1			0.01		-0.58		11.07		0.3628	0.5073	65.769247456	23.9531
1 5 1			-0.0		-0.58		11.09		0.36279	0.4978	46.196563203	27.3004
0 2 8			0.02		-0.57		10.91		0.36278	0.1155	35.7619852008	1.7384
2 0 12			0.01		-0.56		10.84		0.36269	0.8079	50.6101057273	16.6151
6 0 12			0.02		-0.55		10.67		0.36269	0.5892	74.995462768	0.9301
5 3 9			0.0		-0.54		10.66		0.36259	0.4833	65.0662013285	20.8409
3 1 1			-0.01		-0.56		10.8		0.36257	0.5239	28.3131072915	41.7464
4 6 6			0.02		-0.54		10.63		0.36257	1.1903	71.9781772466	41.9784
4 2 12			0.01		-0.53		10.49		0.36253	0.2244	63.468523569	4.7972
6 0 8			0.01		-0.52		10.38		0.36246	2.9234	64.163237895	5.3359
1 5 9			0.01		-0.51		10.3		0.36236	0.4394	58.984264935	17.7365
0 2 22			-0.01		-0.52		10.43		0.36246	1.8317	96.7387030121	97.213
5 1 3			-0.02		-0.54		10.65		0.36242	0.9592	47.5591860667	88.1873
0 4 20			0.01		-0.53		10.51		0.36253	1.027	94.1654323607	18.6345
5 1 13			0.01		-0.52		10.37		0.36256	0.4567	71.2764535317	11.3258
5 1 9			0.01		-0.51		10.32		0.36248	0.4583	58.9619928854	19.0838
7 1 1			-0.0		-0.51		10.32		0.36248	0.5207	65.7483230412	25.2044
4 2 2			0.0		-0.51		10.27		0.36248	0.457	40.8620305525	12.2524
2 4 10			0.0		-0.5		10.23		0.36246	0.607	57.0555982332	12.0937
0 0 16			-0.0		-0.5		10.25		0.36275	1.3342	64.286058028	116.6634
4 2 0			-0.0		-0.51		10.28		0.36276	0.9287	40.0811891304	86.5118
1 3 3			-0.02		-0.52		10.46		0.36273	0.7045	30.3940112777	66.1614