HKL Value		Reward		TotalReward	Chi Squared	Z Appr. 	Error	Two-Thetas	Sfs2
1 5 7			0.0		0.0		0.0		0.3	0.6035	54.1236034243	4.2528
6 4 0			0.0		0.0		0.01		0.33737	1.8287	67.0910631577	58.6803
5 3 7			-0.03		-0.03		0.01		0.33689	0.2523	60.5057581853	5.4388
4 6 0			-0.42		-0.44		0.02		0.33689	0.7863	67.1083315067	59.4729
0 4 2			-1.0		-1.44		19.03		0.38087	3.2657	36.5744795411	137.7475
1 3 7			0.24		-1.2		15.32		0.37983	0.1893	39.2755843192	5.3372
0 4 16			0.18		-1.02		13.02		0.38176	1.5557	75.7704700384	94.8658
1 1 7			0.15		-0.87		11.33		0.38106	0.2012	29.7561292971	6.5386
0 0 6			-0.82		-1.69		63.37		0.36018	7.4326	23.0169618987	709.6598
2 0 14			0.12		-1.57		56.35		0.36046	0.2634	58.6945218607	7.3942
0 2 14			0.11		-1.46		50.77		0.36095	0.2479	58.6982494177	6.3292
4 6 2			0.09		-1.36		46.4		0.36097	0.2349	67.657370766	5.5969
0 6 8			0.09		-1.28		42.62		0.36011	0.7694	64.1950429677	5.6946
5 1 5			-0.01		-1.29		43.13		0.3624	1.1901	50.2495039981	127.1383
6 0 4			0.03		-1.25		41.7		0.36261	0.7069	57.1830782131	42.6751
3 3 7			0.07		-1.18		38.97		0.36267	0.1558	47.1418707618	3.5073
6 0 2			0.06		-1.12		36.64		0.36274	0.2214	55.354768557	5.4487
0 6 2			0.06		-1.06		34.61		0.36284	0.2356	55.3895592761	6.1752
3 1 13			0.06		-1.0		32.69		0.36306	0.3869	59.4126405656	11.7895
2 4 12			0.05		-0.95		31.05		0.3628	0.2205	63.4791913795	4.8908
2 0 16			0.05		-0.9		29.5		0.36307	0.5935	67.2372591268	11.8907
6 0 0			0.04		-0.86		28.32		0.36307	0.7256	54.7363985401	55.434
3 1 9			0.04		-0.81		27.17		0.36277	0.36	45.2950695798	8.7768
2 4 14			0.04		-0.77		26.06		0.36246	0.5221	70.6383718296	19.4111
0 4 20			0.04		-0.73		24.99		0.36287	1.027	94.1654323607	18.6345
4 2 8			0.04		-0.69		24.13		0.3626	0.7605	51.4203212226	2.5419
1 5 3			-0.0		-0.69		24.15		0.36247	0.9511	47.585042181	85.8034
1 7 7			0.03		-0.66		23.34		0.36249	0.4353	72.3061031614	6.1143
0 2 16			0.04		-0.62		22.54		0.36274	1.8687	67.2407114996	13.8307
0 0 18			0.03		-0.6		21.96		0.36288	0.6609	73.530655613	37.988
1 5 13			0.03		-0.56		21.23		0.36299	1.1973	71.2966048402	12.6128
4 2 14			0.03		-0.53		20.61		0.36283	1.2576	70.6282605877	19.9713
2 4 6			0.02		-0.52		20.3		0.36255	0.785	46.7364348384	64.2552
6 4 2			0.03		-0.49		19.75		0.36255	0.2211	67.6401768609	4.8049
0 6 4			-0.01		-0.49		19.86		0.3626	0.6675	57.2171401797	42.9768
0 4 14			-0.02		-0.51		20.17		0.36209	1.2337	67.7597167724	121.3788
6 0 6			0.02		-0.49		19.7		0.36194	1.0815	60.1501886982	39.9969
6 0 12			0.03		-0.46		19.17		0.36192	0.5892	74.995462768	0.9301
5 1 7			0.03		-0.43		18.7		0.36193	0.2609	54.1000446603	4.252
7 1 7			0.02		-0.41		18.26		0.36194	0.3505	72.2660298289	5.0526
6 4 6			0.03		-0.38		17.81		0.36194	0.9247	71.9614498967	41.9809
1 3 15			0.02		-0.36		17.45		0.36202	0.2862	67.3623786269	8.1809
3 5 7			0.02		-0.34		17.08		0.36203	0.2309	60.5203777188	5.6046
3 1 15			0.02		-0.32		16.75		0.3621	0.2871	67.3554895111	7.7692
2 4 10			0.01		-0.31		16.53		0.36206	0.607	57.0555982332	12.0937
2 4 8			0.02		-0.29		16.23		0.36186	0.1687	51.4325245866	2.4593
5 3 5			-0.04		-0.33		16.88		0.36224	2.2247	56.9473208346	134.0256
4 0 12			-0.07		-0.39		18.07		0.3613	2.7435	60.4154589103	161.2613
0 6 16			0.02		-0.37		17.7		0.3614	0.4825	89.3859051251	7.6515
0 0 22			0.02		-0.36		17.4		0.36159	2.2765	94.0325860765	137.6091
3 5 11			-0.04		-0.4		18.13		0.36172	1.8915	70.5555824797	206.4699
1 1 15			0.01		-0.39		17.97		0.36183	0.656	61.3839959686	20.6242
1 1 13			0.02		-0.37		17.63		0.36191	0.3722	52.9310122384	10.9703
1 7 3			-0.01		-0.38		17.84		0.36184	0.9932	66.8968211493	90.2271
1 3 13			0.02		-0.36		17.51		0.36192	0.3907	59.4200243294	11.5335
4 2 10			0.01		-0.35		17.31		0.36189	1.1102	57.0442200735	11.3144
6 0 8			0.02		-0.33		17.04		0.36178	2.9234	64.163237895	5.3359
5 5 1			0.01		-0.32		16.85		0.36176	0.5073	65.769247456	23.9531
1 5 9			0.01		-0.31		16.64		0.36161	0.4394	58.984264935	17.7365
0 2 20			0.02		-0.29		16.37		0.36169	0.4494	86.0769303832	2.8517
3 1 7			0.02		-0.28		16.12		0.36169	0.257	39.2655360855	5.205
3 3 9			0.01		-0.26		15.92		0.36159	0.3816	52.4524123761	12.0632
1 1 9			0.02		-0.25		15.66		0.36157	0.2216	37.1193146943	1.1702
2 0 8			0.02		-0.23		15.42		0.36156	0.1665	35.7565424018	1.5727
5 1 13			0.02		-0.22		15.18		0.36165	0.4567	71.2764535317	11.3258
0 6 14			0.01		-0.2		14.99		0.36155	0.9096	81.7552219026	27.2955
0 6 6			0.01		-0.19		14.82		0.36145	1.0147	60.183190367	40.9583
0 2 6			-0.02		-0.21		15.11		0.36116	1.1672	29.1471999487	131.5155
5 1 9			0.01		-0.2		14.96		0.361	0.4583	58.9619928854	19.0838
4 6 6			0.01		-0.19		14.75		0.36101	1.1903	71.9781772466	41.9784
0 2 18			0.01		-0.17		14.56		0.36101	0.3755	76.3208597895	3.7538
5 3 9			0.01		-0.17		14.47		0.36085	0.4833	65.0662013285	20.8409
0 2 10			0.0		-0.17		14.45		0.36079	0.4317	42.9590557724	21.0204
9 1 1			0.01		-0.16		14.32		0.36078	0.8793	87.9915459652	19.6393
4 0 14			-0.01		-0.17		14.53		0.36054	1.986	67.7459682929	124.3248
0 6 0			0.01		-0.17		14.43		0.36054	1.4277	54.7714555341	59.4019
0 6 10			0.01		-0.16		14.29		0.3605	0.8527	69.1637693973	8.5049
7 1 1			0.0		-0.15		14.24		0.36049	0.5207	65.7483230412	25.2044
3 5 9			0.01		-0.15		14.15		0.36033	0.4755	65.0802252419	19.5165
3 3 15			0.01		-0.13		13.98		0.36036	0.3402	73.0835579415	3.8877
2 2 10			-0.01		-0.14		14.09		0.36054	0.6429	46.7739448495	44.8949
7 3 1			0.01		-0.13		14.0		0.36052	0.5095	71.5359286583	22.1332
4 2 12			0.01		-0.12		13.84		0.36046	0.2244	63.468523569	4.7972
2 2 8			-0.07		-0.2		14.95		0.36086	1.8488	40.1384116224	216.1995
2 0 12			0.01		-0.19		14.82		0.3607	0.8079	50.6101057273	16.6151
0 0 14			0.0		-0.19		14.82		0.36054	0.8389	55.4890953336	74.9432
6 0 10			0.01		-0.18		14.7		0.36051	1.0728	69.1331306246	8.9056
2 2 4			-0.03		-0.21		15.1		0.36046	0.7551	29.4672289371	73.6026
0 2 8			0.01		-0.2		14.93		0.36046	0.1155	35.7619852008	1.7384
5 1 1			0.0		-0.19		14.89		0.36045	0.5346	46.1701152	26.7419
1 7 1			0.0		-0.19		14.85		0.36043	0.5219	65.7901743415	26.2984
0 6 12			0.01		-0.18		14.69		0.36041	0.3425	75.0250979777	1.887
0 0 20			-0.01		-0.19		14.83		0.36208	0.4542	83.3712939521	4.3689
0 4 10			-0.0		-0.19		14.88		0.36219	0.9893	53.7871001638	44.1425
2 6 0			-0.16		-0.35		17.65		0.36219	4.3567	58.0028534629	558.9791