HKL Value		Reward		TotalReward	Chi Squared	Z Appr. 	Error	Two-Thetas	Sfs2
5 5 7			0.0		0.0		0.0		0.3	0.6639	72.2860687267	4.3062
0 4 12			0.0		0.0		1.09		0.33652	1.4889	60.4300914167	161.7651
1 5 7			0.97		0.97		0.55		0.33673	0.6035	54.1236034243	4.2528
6 4 0			0.48		1.45		0.37		0.33673	1.8287	67.0910631577	58.6803
1 3 7			0.32		1.77		0.28		0.33686	0.1893	39.2755843192	5.3372
5 3 7			0.24		2.02		0.23		0.33679	0.2523	60.5057581853	5.4388
1 1 7			0.16		2.18		0.2		0.33697	0.2012	29.7561292971	6.5386
5 1 7			0.16		2.34		0.17		0.33701	0.2609	54.1000446603	4.252
4 6 0			0.1		2.44		0.15		0.33701	0.7863	67.1083315067	59.4729
4 2 12			-0.97		1.47		5.36		0.35154	0.2244	63.468523569	4.7972
4 4 10			-0.31		1.16		7.78		0.35165	0.6886	66.23802526	47.6672
3 3 7			0.09		1.25		7.13		0.35161	0.1558	47.1418707618	3.5073
0 4 4			-0.32		0.93		10.44		0.35121	0.8482	39.0545896029	78.0016
1 7 7			0.06		1.0		9.82		0.35116	0.4353	72.3061031614	6.1143
0 2 14			0.08		1.07		9.12		0.35108	0.2479	58.6982494177	6.3292
4 2 8			0.07		1.14		8.53		0.35119	0.7605	51.4203212226	2.5419
2 0 14			0.07		1.21		8.0		0.35122	0.2634	58.6945218607	7.3942
6 4 2			0.04		1.26		7.66		0.3512	0.2211	67.6401768609	4.8049
0 6 8			0.05		1.31		7.28		0.35141	0.7694	64.1950429677	5.6946
4 6 2			0.03		1.34		7.03		0.3514	0.2349	67.657370766	5.5969
2 4 8			0.05		1.39		6.69		0.3515	0.1687	51.4325245866	2.4593
7 1 7			0.04		1.43		6.46		0.35146	0.3505	72.2660298289	5.0526
2 6 4			-0.22		1.21		8.27		0.35112	0.8772	60.3635846112	78.02
3 5 9			0.04		1.25		7.92		0.35095	0.4755	65.0802252419	19.5165
7 3 1			0.01		1.27		7.82		0.3509	0.5095	71.5359286583	22.1332
0 2 20			0.04		1.3		7.55		0.35101	0.4494	86.0769303832	2.8517
6 0 2			0.03		1.33		7.35		0.35105	0.2214	55.354768557	5.4487
3 1 13			0.0		1.33		7.32		0.35116	0.3869	59.4126405656	11.7895
0 6 2			0.02		1.36		7.16		0.3512	0.2356	55.3895592761	6.1752
1 3 13			0.0		1.36		7.14		0.35134	0.3907	59.4200243294	11.5335
2 0 16			0.0		1.36		7.11		0.35097	0.5935	67.2372591268	11.8907
3 1 7			0.03		1.39		6.93		0.35092	0.257	39.2655360855	5.205
0 6 10			0.02		1.41		6.79		0.35089	0.8527	69.1637693973	8.5049
1 5 13			-0.0		1.41		6.81		0.35102	1.1973	71.2966048402	12.6128
0 2 16			-0.0		1.4		6.83		0.35061	1.8687	67.2407114996	13.8307
3 5 7			0.02		1.43		6.69		0.35054	0.2309	60.5203777188	5.6046
0 6 18			0.02		1.45		6.53		0.35139	0.7949	98.0280769063	1.8601
6 0 6			0.03		1.48		6.35		0.35139	1.0815	60.1501886982	39.9969
2 0 8			0.02		1.5		6.2		0.35139	0.1665	35.7565424018	1.5727
0 6 16			0.01		1.52		6.12		0.35118	0.4825	89.3859051251	7.6515
4 2 14			0.02		1.53		6.02		0.35145	1.2576	70.6282605877	19.9713
6 0 0			0.01		1.54		5.99		0.35145	0.7256	54.7363985401	55.434
3 1 9			0.02		1.56		5.87		0.3518	0.36	45.2950695798	8.7768
1 1 13			-0.0		1.56		5.88		0.3519	0.3722	52.9310122384	10.9703
3 3 15			0.02		1.58		5.75		0.35177	0.3402	73.0835579415	3.8877
1 3 9			0.01		1.59		5.67		0.35226	0.2622	45.3040218183	7.1674
0 6 6			0.02		1.62		5.54		0.35223	1.0147	60.183190367	40.9583
6 4 6			0.01		1.62		5.5		0.35258	0.9247	71.9614498967	41.9809
6 0 8			0.02		1.64		5.39		0.3527	2.9234	64.163237895	5.3359
0 2 12			0.02		1.66		5.29		0.35295	0.3827	50.6142203783	17.5707
3 1 15			0.01		1.67		5.24		0.35261	0.2871	67.3554895111	7.7692
4 2 6			0.01		1.68		5.18		0.35243	1.6049	46.7233273538	62.1975
5 5 1			-0.0		1.68		5.18		0.35239	0.5073	65.769247456	23.9531
6 2 10			-0.07		1.61		5.57		0.35247	0.7103	71.9901825081	43.9921
2 4 6			0.01		1.62		5.52		0.35229	0.785	46.7364348384	64.2552
5 1 13			-0.0		1.62		5.53		0.35238	0.4567	71.2764535317	11.3258
2 4 14			0.01		1.63		5.45		0.35255	0.5221	70.6383718296	19.4111
4 6 6			0.01		1.64		5.42		0.35287	1.1903	71.9781772466	41.9784
1 3 15			0.01		1.65		5.37		0.35253	0.2862	67.3623786269	8.1809
0 2 8			0.02		1.67		5.29		0.35253	0.1155	35.7619852008	1.7384
1 1 15			-0.02		1.64		5.42		0.35225	0.656	61.3839959686	20.6242
1 5 9			0.02		1.66		5.34		0.35234	0.4394	58.984264935	17.7365
0 4 16			-0.07		1.59		5.73		0.36067	1.5557	75.7704700384	94.8658
4 0 12			-0.1		1.49		6.35		0.35204	2.7435	60.4154589103	161.2613
6 0 12			-0.02		1.47		6.46		0.35521	0.5892	74.995462768	0.9301