HKL Value		Reward		TotalReward	Chi Squared	Z Appr. 	Error	Two-Thetas	Sfs2
1 5 7			0.0		0.0		0.0		0.3	0.6035	54.1236034243	4.2528
6 4 0			0.0		0.0		0.01		0.33737	1.8287	67.0910631577	58.6803
1 3 7			1.0		1.0		0.01		0.33738	0.1893	39.2755843192	5.3372
4 6 6			-0.99		0.01		0.96		0.36328	1.1903	71.9781772466	41.9784
5 3 7			-0.16		-0.15		1.13		0.36462	0.2523	60.5057581853	5.4388
3 3 7			0.12		-0.03		1.01		0.36614	0.1558	47.1418707618	3.5073
0 2 18			0.16		0.13		0.87		0.36878	0.3755	76.3208597895	3.7538
3 7 3			-0.79		-0.66		4.1		0.35391	0.8954	72.6346668965	71.6226
1 1 7			0.08		-0.58		3.8		0.35369	0.2012	29.7561292971	6.5386
0 0 16			0.07		-0.51		3.55		0.36888	1.3342	64.286058028	116.6634
7 1 5			-0.28		-0.79		4.94		0.37012	1.5264	69.0427278305	98.726
4 6 0			0.1		-0.69		4.49		0.37012	0.7863	67.1083315067	59.4729
5 1 7			0.08		-0.61		4.17		0.37024	0.2609	54.1000446603	4.252
0 2 14			0.04		-0.58		4.02		0.3697	0.2479	58.6982494177	6.3292
6 0 2			0.05		-0.52		3.81		0.36979	0.2214	55.354768557	5.4487
1 1 3			-0.2		-0.72		4.74		0.36946	0.4514	16.9416048235	36.8187
4 6 2			0.03		-0.69		4.6		0.36952	0.2349	67.657370766	5.5969
0 6 2			0.04		-0.64		4.42		0.36962	0.2356	55.3895592761	6.1752
3 5 5			-0.27		-0.91		6.03		0.37092	1.2751	56.9624934876	133.7285
1 7 7			0.04		-0.87		5.79		0.37106	0.4353	72.3061031614	6.1143
0 6 8			-0.02		-0.89		5.89		0.37066	0.7694	64.1950429677	5.6946
4 4 6			-0.64		-1.53		16.31		0.3659	4.3817	57.0116572758	400.3855
0 6 4			-0.02		-1.54		16.6		0.36609	0.6675	57.2171401797	42.9768