HKL Value		Reward		TotalReward	Chi Squared	Z Appr. 	Error	Two-Thetas	Sfs2
1 5 7			0.0		0.0		0.0		0.3	0.6035	54.1236034243	4.2528
6 4 0			0.0		0.0		0.01		0.33737	1.8287	67.0910631577	58.6803
1 3 7			1.0		1.0		0.01		0.33738	0.1893	39.2755843192	5.3372
5 3 7			-0.38		0.62		0.01		0.33706	0.2523	60.5057581853	5.4388
1 1 7			-0.18		0.44		0.01		0.33731	0.2012	29.7561292971	6.5386
4 6 0			-0.31		0.12		0.02		0.33731	0.7863	67.1083315067	59.4729
3 3 7			-0.66		-0.54		0.06		0.33803	0.1558	47.1418707618	3.5073
5 1 7			0.13		-0.4		0.05		0.33793	0.2609	54.1000446603	4.252
1 7 7			-0.41		-0.82		0.08		0.33748	0.4353	72.3061031614	6.1143
4 6 2			-0.72		-1.54		0.3		0.33733	0.2349	67.657370766	5.5969
0 6 8			-0.36		-1.9		0.47		0.33671	0.7694	64.1950429677	5.6946
0 6 2			-0.34		-2.24		0.72		0.3367	0.2356	55.3895592761	6.1752
0 2 4			-0.91		-3.15		7.71		0.33804	1.326	23.4223631322	110.0283
6 0 2			0.05		-3.1		7.32		0.33804	0.2214	55.354768557	5.4487
0 2 14			0.06		-3.04		6.93		0.33643	0.2479	58.6982494177	6.3292
2 0 14			0.05		-2.99		6.58		0.33537	0.2634	58.6945218607	7.3942
4 2 0			-0.06		-3.04		6.97		0.33537	0.9287	40.0811891304	86.5118
4 2 8			0.06		-2.98		6.56		0.33549	0.7605	51.4203212226	2.5419
3 1 13			0.02		-2.96		6.42		0.33477	0.3869	59.4126405656	11.7895
2 0 16			-0.0		-2.96		6.45		0.33507	0.5935	67.2372591268	11.8907
6 0 0			0.01		-2.95		6.36		0.33507	0.7256	54.7363985401	55.434
6 4 2			0.04		-2.91		6.13		0.33501	0.2211	67.6401768609	4.8049
2 0 0			-0.23		-3.14		7.96		0.33501	2.02	17.6289686615	175.6782
2 2 0			-0.78		-3.92		35.86		0.33501	11.1953	25.0390113278	1035.9387
1 5 13			0.04		-3.88		34.53		0.33417	1.1973	71.2966048402	12.6128
1 3 13			0.04		-3.84		33.27		0.3335	0.3907	59.4200243294	11.5335
7 3 5			-0.02		-3.86		33.9		0.33448	1.0496	74.7140851895	88.0788
0 2 16			0.03		-3.83		32.96		0.33483	1.8687	67.2407114996	13.8307
7 1 7			0.04		-3.8		31.78		0.33499	0.3505	72.2660298289	5.0526
3 5 3			0.0		-3.79		31.68		0.33497	0.9259	54.5093201099	87.7589
3 5 7			0.03		-3.76		30.63		0.33508	0.2309	60.5203777188	5.6046
6 0 6			0.03		-3.73		29.71		0.33517	1.0815	60.1501886982	39.9969
3 1 9			0.09		-3.64		27.24		0.36338	0.36	45.2950695798	8.7768
3 3 11			-0.06		-3.7		28.93		0.36341	2.1204	58.6030846927	249.5822
4 2 14			0.03		-3.67		28.14		0.36319	1.2576	70.6282605877	19.9713
2 4 10			0.02		-3.65		27.54		0.36314	0.607	57.0555982332	12.0937
3 1 15			0.03		-3.62		26.85		0.36322	0.2871	67.3554895111	7.7692
2 4 6			0.02		-3.6		26.42		0.36284	0.785	46.7364348384	64.2552
3 5 9			0.02		-3.59		25.96		0.36252	0.4755	65.0802252419	19.5165
0 0 18			0.02		-3.57		25.44		0.3627	0.6609	73.530655613	37.988
2 4 14			0.02		-3.54		24.85		0.36248	0.5221	70.6383718296	19.4111
0 0 2			-0.04		-3.59		25.98		0.36264	1.161	7.62646333295	98.931
6 4 6			0.02		-3.56		25.36		0.36261	0.9247	71.9614498967	41.9809
0 6 16			0.02		-3.54		24.78		0.36254	0.4825	89.3859051251	7.6515
0 6 10			0.02		-3.52		24.31		0.36249	0.8527	69.1637693973	8.5049
3 1 7			0.02		-3.5		23.81		0.36251	0.257	39.2655360855	5.205
0 2 20			0.02		-3.47		23.29		0.36263	0.4494	86.0769303832	2.8517
2 4 8			0.02		-3.46		22.87		0.36236	0.1687	51.4325245866	2.4593
1 3 15			0.02		-3.44		22.46		0.36245	0.2862	67.3623786269	8.1809
1 1 13			0.02		-3.42		22.0		0.36253	0.3722	52.9310122384	10.9703
0 6 6			0.02		-3.4		21.64		0.36235	1.0147	60.183190367	40.9583
1 3 5			-0.05		-3.45		22.87		0.36285	3.1323	34.189462707	190.138
1 1 15			0.01		-3.44		22.61		0.36297	0.656	61.3839959686	20.6242
2 0 8			0.02		-3.42		22.19		0.36294	0.1665	35.7565424018	1.5727
4 2 10			0.01		-3.41		21.9		0.3629	1.1102	57.0442200735	11.3144
4 4 2			-0.05		-3.46		23.01		0.36301	1.2125	52.0311030722	128.6454
3 3 9			0.01		-3.44		22.68		0.36288	0.3816	52.4524123761	12.0632
0 2 22			0.0		-3.44		22.61		0.363	1.8317	96.7387030121	97.213
6 0 12			0.02		-3.42		22.22		0.36298	0.5892	74.995462768	0.9301
9 1 1			0.01		-3.41		21.94		0.36297	0.8793	87.9915459652	19.6393
0 6 14			0.01		-3.4		21.63		0.36282	0.9096	81.7552219026	27.2955
4 4 10			-0.0		-3.4		21.63		0.36307	0.6886	66.23802526	47.6672
2 4 0			0.01		-3.39		21.51		0.36307	1.4359	40.0960076051	88.2765
5 5 1			0.01		-3.38		21.27		0.36305	0.5073	65.769247456	23.9531
0 0 16			0.01		-3.37		21.08		0.36358	1.3342	64.286058028	116.6634
0 0 20			0.01		-3.36		20.83		0.36414	0.4542	83.3712939521	4.3689
1 1 9			0.02		-3.34		20.52		0.36414	0.2216	37.1193146943	1.1702
0 2 8			0.01		-3.33		20.22		0.36413	0.1155	35.7619852008	1.7384
6 0 10			0.01		-3.32		20.0		0.36412	1.0728	69.1331306246	8.9056
2 0 12			0.01		-3.31		19.82		0.36405	0.8079	50.6101057273	16.6151
0 4 16			0.01		-3.3		19.56		0.36418	1.5557	75.7704700384	94.8658
6 4 4			0.0		-3.29		19.46		0.3642	0.6669	69.2748711385	33.991
3 3 15			0.01		-3.28		19.2		0.36421	0.3402	73.0835579415	3.8877
5 3 9			0.01		-3.27		19.09		0.36414	0.4833	65.0662013285	20.8409
0 6 0			0.01		-3.26		18.92		0.36414	1.4277	54.7714555341	59.4019
6 2 8			-0.04		-3.31		19.8		0.36432	3.3751	67.1207225085	222.106
2 4 12			0.01		-3.29		19.57		0.3643	0.2205	63.4791913795	4.8908
4 2 12			0.01		-3.28		19.34		0.36428	0.2244	63.468523569	4.7972
6 0 8			0.01		-3.27		19.14		0.3642	2.9234	64.163237895	5.3359
7 3 1			0.01		-3.26		18.98		0.3642	0.5095	71.5359286583	22.1332
2 2 12			-0.06		-3.32		20.1		0.36382	1.9766	54.0147953295	208.0279
2 0 10			0.0		-3.32		20.02		0.3638	0.6169	42.9543880851	20.236
5 1 1			0.0		-3.31		19.92		0.3638	0.5346	46.1701152	26.7419
7 1 1			0.01		-3.3		19.81		0.36378	0.5207	65.7483230412	25.2044
4 4 8			-0.04		-3.35		20.67		0.36398	3.9407	61.1479986878	218.5721
0 4 20			0.01		-3.33		20.43		0.36393	1.027	94.1654323607	18.6345
5 1 13			0.01		-3.32		20.19		0.3639	0.4567	71.2764535317	11.3258
0 4 18			0.01		-3.31		19.96		0.36391	0.8369	84.5238780681	17.4513
5 1 9			0.01		-3.3		19.82		0.36383	0.4583	58.9619928854	19.0838
4 6 6			0.01		-3.29		19.6		0.36382	1.1903	71.9781772466	41.9784
2 2 14			-0.0		-3.3		19.69		0.36363	1.0835	61.7979105177	101.9829
0 2 6			-0.01		-3.31		19.9		0.36347	1.1672	29.1471999487	131.5155
1 1 11			-0.07		-3.38		21.43		0.36347	2.144	44.8525636461	378.5934