HKL Value		Reward		TotalReward	Chi Squared	Z Appr. 	Error	Two-Thetas	Sfs2
0 0 16			0.0		0.0		0.0		0.3	1.3342	64.286058028	116.6634
1 5 7			0.0		0.0		23.82		0.32419	0.6035	54.1236034243	4.2528
6 4 0			1.0		1.0		11.92		0.32419	1.8287	67.0910631577	58.6803
1 3 7			0.02		1.02		11.63		0.32652	0.1893	39.2755843192	5.3372
5 3 7			0.15		1.17		10.13		0.3279	0.2523	60.5057581853	5.4388
1 1 7			0.1		1.27		9.23		0.32923	0.2012	29.7561292971	6.5386
2 2 0			-0.92		0.35		115.97		0.32923	11.1953	25.0390113278	1035.9387
3 3 3			0.14		0.48		102.17		0.32927	0.8081	39.7679129272	70.9373
4 6 0			0.14		0.63		89.4		0.32927	0.7863	67.1083315067	59.4729
5 1 7			0.12		0.75		79.83		0.33019	0.2609	54.1000446603	4.252
3 3 7			0.1		0.85		72.34		0.33144	0.1558	47.1418707618	3.5073
1 7 7			0.1		0.95		65.8		0.33169	0.4353	72.3061031614	6.1143
6 0 2			0.09		1.04		60.53		0.33167	0.2214	55.354768557	5.4487
0 2 14			0.08		1.12		55.89		0.33191	0.2479	58.6982494177	6.3292
2 0 14			0.08		1.2		51.9		0.33192	0.2634	58.6945218607	7.3942
0 6 8			0.07		1.27		48.47		0.33179	0.7694	64.1950429677	5.6946
4 2 8			0.06		1.33		45.52		0.33213	0.7605	51.4203212226	2.5419
4 6 2			0.06		1.39		42.94		0.33209	0.2349	67.657370766	5.5969
6 4 2			0.06		1.45		40.63		0.33206	0.2211	67.6401768609	4.8049
1 3 13			0.05		1.5		38.56		0.33169	0.3907	59.4200243294	11.5335
0 4 6			-0.2		1.3		48.3		0.33181	3.7688	42.9189471786	481.9509
0 2 12			-0.02		1.28		49.19		0.33079	0.3827	50.6142203783	17.5707
2 0 16			0.04		1.33		47.22		0.33035	0.5935	67.2372591268	11.8907
3 1 13			0.05		1.37		45.19		0.33009	0.3869	59.4126405656	11.7895
5 1 9			0.03		1.4		43.9		0.32977	0.4583	58.9619928854	19.0838
0 6 2			0.04		1.44		42.27		0.32976	0.2356	55.3895592761	6.1752
0 0 14			-0.02		1.42		42.96		0.32975	0.8389	55.4890953336	74.9432
0 2 16			0.03		1.45		41.6		0.32925	1.8687	67.2407114996	13.8307
3 1 1			0.02		1.48		40.64		0.32919	0.5239	28.3131072915	41.7464
1 5 13			0.04		1.51		39.24		0.32908	1.1973	71.2966048402	12.6128
4 0 6			-0.15		1.37		45.94		0.32931	5.3963	42.900258124	488.2208
6 0 6			0.03		1.4		44.52		0.32928	1.0815	60.1501886982	39.9969
0 2 20			0.02		1.42		43.73		0.3339	0.4494	86.0769303832	2.8517
3 5 7			0.03		1.45		42.41		0.33403	0.2309	60.5203777188	5.6046
7 1 7			0.03		1.48		41.17		0.33416	0.3505	72.2660298289	5.0526
3 1 9			0.01		1.49		40.76		0.3345	0.36	45.2950695798	8.7768
4 2 14			0.02		1.51		39.93		0.33358	1.2576	70.6282605877	19.9713
6 4 6			0.02		1.53		39.25		0.33358	0.9247	71.9614498967	41.9809
3 1 7			0.03		1.55		38.23		0.33387	0.257	39.2655360855	5.205
6 0 0			0.02		1.58		37.37		0.33387	0.7256	54.7363985401	55.434
0 6 16			0.02		1.6		36.54		0.33411	0.4825	89.3859051251	7.6515
2 0 8			0.1		1.7		33.26		0.35913	0.1665	35.7565424018	1.5727
2 4 8			0.02		1.72		32.49		0.35809	0.1687	51.4325245866	2.4593
4 2 6			0.02		1.74		31.82		0.35449	1.6049	46.7233273538	62.1975
7 1 3			0.0		1.75		31.7		0.35373	1.4031	66.8553232335	91.2915
0 4 4			-0.01		1.74		32.05		0.35294	0.8482	39.0545896029	78.0016
3 1 15			0.02		1.76		31.41		0.35181	0.2871	67.3554895111	7.7692
1 3 11			-0.06		1.69		33.51		0.35923	2.4293	52.0561920156	298.4303
5 5 7			0.02		1.71		32.83		0.35926	0.6639	72.2860687267	4.3062
0 6 6			0.02		1.73		32.2		0.35883	1.0147	60.183190367	40.9583
1 1 13			0.02		1.75		31.6		0.35947	0.3722	52.9310122384	10.9703
6 0 8			0.02		1.77		31.0		0.35918	2.9234	64.163237895	5.3359
1 5 3			0.0		1.78		30.85		0.35887	0.9511	47.585042181	85.8034
0 2 8			0.02		1.8		30.27		0.35889	0.1155	35.7619852008	1.7384
4 2 10			0.02		1.81		29.81		0.35868	1.1102	57.0442200735	11.3144
2 6 2			-0.03		1.78		30.81		0.35914	1.2892	58.5985395934	134.3564
6 0 12			0.02		1.8		30.26		0.35933	0.5892	74.995462768	0.9301
2 4 6			0.01		1.81		29.85		0.35882	0.785	46.7364348384	64.2552
0 6 14			0.02		1.83		29.37		0.35871	0.9096	81.7552219026	27.2955
0 6 10			0.02		1.84		28.94		0.35857	0.8527	69.1637693973	8.5049
5 5 1			0.01		1.86		28.55		0.3585	0.5073	65.769247456	23.9531
1 1 15			0.01		1.87		28.29		0.3589	0.656	61.3839959686	20.6242
4 2 12			0.02		1.88		27.83		0.35879	0.2244	63.468523569	4.7972
0 0 20			-0.0		1.88		27.89		0.36225	0.4542	83.3712939521	4.3689
2 4 14			0.02		1.89		27.48		0.3622	0.5221	70.6383718296	19.4111
2 0 12			0.01		1.91		27.15		0.3621	0.8079	50.6101057273	16.6151
4 6 6			0.02		1.92		26.74		0.3621	1.1903	71.9781772466	41.9784
1 3 15			0.01		1.94		26.39		0.36213	0.2862	67.3623786269	8.1809
5 1 13			0.01		1.95		26.0		0.36217	0.4567	71.2764535317	11.3258
3 5 9			0.01		1.96		25.75		0.36208	0.4755	65.0802252419	19.5165
1 5 9			0.01		1.97		25.45		0.36198	0.4394	58.984264935	17.7365
2 2 4			-0.01		1.96		25.8		0.36196	0.7551	29.4672289371	73.6026
5 3 9			0.01		1.97		25.57		0.36186	0.4833	65.0662013285	20.8409
3 3 15			0.01		1.98		25.24		0.36189	0.3402	73.0835579415	3.8877
9 1 1			0.01		1.99		24.96		0.36187	0.8793	87.9915459652	19.6393
6 0 10			0.01		2.0		24.69		0.36185	1.0728	69.1331306246	8.9056
1 1 9			0.01		2.02		24.37		0.36185	0.2216	37.1193146943	1.1702
7 1 1			0.01		2.02		24.19		0.36183	0.5207	65.7483230412	25.2044
0 2 6			-0.01		2.02		24.33		0.36164	1.1672	29.1471999487	131.5155
2 4 10			0.01		2.03		24.11		0.36162	0.607	57.0555982332	12.0937
3 3 9			0.01		2.04		23.86		0.36154	0.3816	52.4524123761	12.0632
1 3 9			0.01		2.05		23.58		0.36149	0.2622	45.3040218183	7.1674
3 5 1			0.01		2.05		23.46		0.36147	0.5283	53.2544885252	31.9012
0 0 18			0.01		2.06		23.25		0.36149	0.6609	73.530655613	37.988
0 4 16			0.01		2.07		23.05		0.36181	1.5557	75.7704700384	94.8658
0 2 10			0.0		2.08		22.94		0.36178	0.4317	42.9590557724	21.0204
0 2 18			0.01		2.09		22.69		0.36178	0.3755	76.3208597895	3.7538
4 0 0			-0.19		1.9		27.9		0.36178	8.3901	35.6934066618	787.9925
0 0 6			-0.13		1.77		32.2		0.3613	7.4326	23.0169618987	709.6598
3 3 13			0.01		1.78		31.84		0.36133	0.5636	65.4922780779	9.1158
2 2 10			0.0		1.78		31.73		0.36144	0.6429	46.7739448495	44.8949
0 4 20			0.01		1.79		31.41		0.36171	1.027	94.1654323607	18.6345
6 2 10			0.0		1.8		31.28		0.36181	0.7103	71.9901825081	43.9921
4 4 10			0.0		1.8		31.19		0.36193	0.6886	66.23802526	47.6672
0 6 0			0.01		1.81		30.93		0.36193	1.4277	54.7714555341	59.4019
1 7 1			0.01		1.81		30.72		0.36193	0.5219	65.7901743415	26.2984
5 1 1			0.01		1.82		30.52		0.36191	0.5346	46.1701152	26.7419
4 0 10			0.0		1.82		30.42		0.36202	0.6243	53.7713327333	45.2096
4 2 2			0.01		1.83		30.18		0.36202	0.457	40.8620305525	12.2524
7 3 1			0.01		1.84		29.94		0.36202	0.5095	71.5359286583	22.1332
1 5 1			0.01		1.85		29.77		0.36201	0.4978	46.196563203	27.3004
2 4 2			0.01		1.85		29.55		0.36201	0.3828	40.8766170199	13.2501