HKL Value		Reward		TotalReward	Chi Squared	Z Appr. 	Error	Two-Thetas	Sfs2
1 5 7			0.0		0.0		0.0		0.3	0.6035	54.1236034243	4.2528
6 4 0			0.0		0.0		0.01		0.33737	1.8287	67.0910631577	58.6803
5 3 7			-0.03		-0.03		0.01		0.33689	0.2523	60.5057581853	5.4388
4 6 0			-0.42		-0.44		0.02		0.33689	0.7863	67.1083315067	59.4729
5 3 3			-1.0		-1.44		7.63		0.33649	0.9351	54.4936931553	89.9375
2 0 14			0.21		-1.23		6.32		0.33402	0.2634	58.6945218607	7.3942
1 3 7			0.19		-1.04		5.33		0.33461	0.1893	39.2755843192	5.3372
1 1 7			0.15		-0.89		4.62		0.33516	0.2012	29.7561292971	6.5386
0 2 14			0.12		-0.77		4.11		0.33443	0.2479	58.6982494177	6.3292
4 6 2			0.06		-0.7		3.86		0.33435	0.2349	67.657370766	5.5969
3 5 3			-0.39		-1.09		6.35		0.33433	0.9259	54.5093201099	87.7589
0 6 8			0.08		-1.01		5.88		0.33401	0.7694	64.1950429677	5.6946
0 6 2			0.04		-0.97		5.65		0.33399	0.2356	55.3895592761	6.1752
6 0 2			0.04		-0.93		5.42		0.33398	0.2214	55.354768557	5.4487
2 2 0			-0.89		-1.83		51.44		0.33398	11.1953	25.0390113278	1035.9387
4 2 8			0.07		-1.75		48.03		0.33426	0.7605	51.4203212226	2.5419
3 3 7			0.06		-1.69		45.11		0.33482	0.1558	47.1418707618	3.5073
5 5 7			0.06		-1.63		42.5		0.3352	0.6639	72.2860687267	4.3062
3 1 13			0.05		-1.58		40.35		0.33453	0.3869	59.4126405656	11.7895
6 0 0			0.05		-1.53		38.48		0.33453	0.7256	54.7363985401	55.434
2 0 16			0.04		-1.48		36.9		0.33476	0.5935	67.2372591268	11.8907
0 4 14			0.0		-1.48		36.9		0.35967	1.2337	67.7597167724	121.3788
2 6 10			0.02		-1.46		36.21		0.36118	0.7069	72.0169435829	44.7171
2 6 0			-0.22		-1.69		46.62		0.36118	4.3567	58.0028534629	558.9791
0 6 16			0.04		-1.64		44.68		0.36155	0.4825	89.3859051251	7.6515
2 4 14			0.04		-1.6		42.94		0.3613	0.5221	70.6383718296	19.4111
1 3 3			0.02		-1.59		42.2		0.36104	0.7045	30.3940112777	66.1614
0 2 16			0.04		-1.55		40.72		0.36179	1.8687	67.2407114996	13.8307
2 6 6			-0.09		-1.64		44.98		0.34932	5.383	63.2392339525	346.2148
3 3 1			0.03		-1.62		43.85		0.34917	0.5106	38.1558496662	33.1617
2 6 8			-0.04		-1.66		45.74		0.36132	4.3291	67.1483383839	218.3417
3 1 9			0.03		-1.63		44.34		0.36101	0.36	45.2950695798	8.7768
1 7 7			0.03		-1.6		43.03		0.36103	0.4353	72.3061031614	6.1143
1 5 13			0.03		-1.57		41.76		0.36144	1.1973	71.2966048402	12.6128
3 7 1			0.03		-1.54		40.72		0.3614	1.2822	71.5694631273	22.2453
4 2 14			0.03		-1.51		39.6		0.36122	1.2576	70.6282605877	19.9713
2 4 6			0.02		-1.49		38.74		0.36068	0.785	46.7364348384	64.2552
2 0 6			0.01		-1.49		38.53		0.35931	1.6278	29.1406672869	128.8477
6 0 6			0.03		-1.46		37.55		0.35863	1.0815	60.1501886982	39.9969
6 4 2			0.02		-1.44		36.65		0.35863	0.2211	67.6401768609	4.8049
6 0 12			0.03		-1.41		35.74		0.35914	0.5892	74.995462768	0.9301
2 4 10			0.02		-1.39		35.02		0.35889	0.607	57.0555982332	12.0937
6 4 6			0.02		-1.37		34.19		0.35911	0.9247	71.9614498967	41.9809
7 1 7			0.02		-1.34		33.44		0.35911	0.3505	72.2660298289	5.0526
2 6 2			-0.03		-1.38		34.6		0.35959	1.2892	58.5985395934	134.3564
3 1 15			0.02		-1.36		33.91		0.35982	0.2871	67.3554895111	7.7692
0 2 6			0.0		-1.35		33.85		0.35837	1.1672	29.1471999487	131.5155
4 4 2			-0.03		-1.39		34.94		0.3589	1.2125	52.0311030722	128.6454
2 0 4			-0.02		-1.41		35.74		0.35923	1.3874	23.4143586184	109.347
3 5 7			0.02		-1.39		35.06		0.35924	0.2309	60.5203777188	5.6046
1 3 15			0.02		-1.37		34.44		0.3595	0.2862	67.3623786269	8.1809
3 5 5			-0.01		-1.38		34.72		0.36057	1.2751	56.9624934876	133.7285
2 4 8			0.02		-1.36		34.09		0.36021	0.1687	51.4325245866	2.4593
4 2 10			0.02		-1.34		33.56		0.36006	1.1102	57.0442200735	11.3144
5 1 7			0.02		-1.33		32.96		0.36006	0.2609	54.1000446603	4.252
6 2 4			-0.01		-1.34		33.27		0.35991	0.8727	60.3342977717	77.9073
5 5 1			0.01		-1.32		32.78		0.35984	0.5073	65.769247456	23.9531
1 1 13			0.02		-1.3		32.23		0.36027	0.3722	52.9310122384	10.9703
6 0 8			0.02		-1.29		31.69		0.36001	2.9234	64.163237895	5.3359
7 3 3			0.01		-1.28		31.51		0.35981	1.9283	72.601334037	69.5466
0 0 16			0.01		-1.27		31.3		0.36158	1.3342	64.286058028	116.6634
0 2 20			0.02		-1.26		30.79		0.36172	0.4494	86.0769303832	2.8517
1 1 15			0.01		-1.25		30.46		0.36188	0.656	61.3839959686	20.6242
2 0 8			0.02		-1.23		29.98		0.36186	0.1665	35.7565424018	1.5727
5 3 9			0.01		-1.22		29.65		0.36161	0.4833	65.0662013285	20.8409
1 1 9			0.02		-1.2		29.2		0.36158	0.2216	37.1193146943	1.1702
3 5 9			0.01		-1.19		28.88		0.36131	0.4755	65.0802252419	19.5165
5 1 13			0.01		-1.18		28.46		0.36148	0.4567	71.2764535317	11.3258
0 6 14			0.01		-1.16		28.08		0.36133	0.9096	81.7552219026	27.2955
5 1 9			0.01		-1.15		27.75		0.36104	0.4583	58.9619928854	19.0838
3 5 11			-0.01		-1.17		28.13		0.36127	1.8915	70.5555824797	206.4699
4 4 8			-0.03		-1.2		29.1		0.36184	3.9407	61.1479986878	218.5721
3 1 7			0.01		-1.19		28.72		0.36185	0.257	39.2655360855	5.205
5 3 11			-0.01		-1.2		29.04		0.36197	1.8677	70.5420870211	204.0714
9 1 1			0.01		-1.19		28.71		0.36195	0.8793	87.9915459652	19.6393
4 2 2			0.01		-1.18		28.43		0.36196	0.457	40.8620305525	12.2524
1 3 13			0.01		-1.16		28.06		0.36205	0.3907	59.4200243294	11.5335
0 6 6			0.01		-1.15		27.74		0.36193	1.0147	60.183190367	40.9583
0 6 0			0.01		-1.14		27.47		0.36193	1.4277	54.7714555341	59.4019
2 2 10			0.0		-1.14		27.38		0.36215	0.6429	46.7739448495	44.8949
7 1 1			0.01		-1.13		27.17		0.36214	0.5207	65.7483230412	25.2044
4 6 6			0.01		-1.12		26.84		0.36214	1.1903	71.9781772466	41.9784
0 6 10			0.01		-1.11		26.56		0.3621	0.8527	69.1637693973	8.5049
0 2 18			0.01		-1.1		26.26		0.3621	0.3755	76.3208597895	3.7538
3 3 15			0.01		-1.08		25.96		0.36214	0.3402	73.0835579415	3.8877
0 4 20			0.01		-1.07		25.66		0.36239	1.027	94.1654323607	18.6345
7 3 1			0.01		-1.06		25.44		0.36239	0.5095	71.5359286583	22.1332
3 3 9			0.01		-1.05		25.2		0.36229	0.3816	52.4524123761	12.0632
0 2 8			0.01		-1.04		24.91		0.36228	0.1155	35.7619852008	1.7384
6 0 10			0.01		-1.03		24.69		0.36225	1.0728	69.1331306246	8.9056
2 0 12			0.01		-1.03		24.48		0.36213	0.8079	50.6101057273	16.6151
4 2 0			0.01		-1.02		24.35		0.36213	0.9287	40.0811891304	86.5118
0 2 10			0.0		-1.02		24.23		0.36208	0.4317	42.9590557724	21.0204
5 1 1			0.01		-1.01		24.1		0.36207	0.5346	46.1701152	26.7419
4 4 6			-0.07		-1.08		25.99		0.36157	4.3817	57.0116572758	400.3855
3 5 1			0.01		-1.08		25.86		0.36155	0.5283	53.2544885252	31.9012
1 7 1			0.01		-1.07		25.7		0.36155	0.5219	65.7901743415	26.2984
2 4 0			0.0		-1.07		25.58		0.36155	1.4359	40.0960076051	88.2765
0 6 4			0.0		-1.07		25.56		0.36157	0.6675	57.2171401797	42.9768
0 0 20			0.0		-1.06		25.48		0.36274	0.4542	83.3712939521	4.3689
0 4 10			0.0		-1.06		25.41		0.36286	0.9893	53.7871001638	44.1425
6 0 4			0.0		-1.06		25.39		0.36288	0.7069	57.1830782131	42.6751