HKL Value		Reward		TotalReward	Chi Squared	Z Appr. 	Error	Two-Thetas	Sfs2
1 5 7			0.0		0.0		0.0		0.3	0.6035	54.1236034243	4.2528
0 0 18			0.0		0.0		51.89		0.31883	0.6609	73.530655613	37.988
0 2 22			0.47		0.47		35.26		0.31868	1.8317	96.7387030121	97.213
0 0 4			0.19		0.66		29.55		0.31844	0.8482	15.2869714585	59.1035
6 4 0			0.33		1.0		22.17		0.31844	1.8287	67.0910631577	58.6803
3 5 11			-0.57		0.42		51.92		0.31846	1.8915	70.5555824797	206.4699
1 3 7			0.05		0.48		49.34		0.32001	0.1893	39.2755843192	5.3372
5 3 7			0.07		0.55		45.96		0.32105	0.2523	60.5057581853	5.4388
3 1 1			0.1		0.65		41.9		0.32102	0.5239	28.3131072915	41.7464
3 3 7			0.01		0.66		41.39		0.32228	0.1558	47.1418707618	3.5073
1 1 7			0.05		0.71		39.41		0.32305	0.2012	29.7561292971	6.5386
4 6 0			0.1		0.81		35.84		0.32305	0.7863	67.1083315067	59.4729
5 3 1			0.07		0.88		33.63		0.32302	0.5252	53.2386121167	32.835
2 2 10			0.08		0.96		31.09		0.32293	0.6429	46.7739448495	44.8949
5 1 7			0.03		0.99		30.13		0.32357	0.2609	54.1000446603	4.252
0 2 14			0.05		1.04		28.74		0.32373	0.2479	58.6982494177	6.3292
6 0 2			0.06		1.1		27.1		0.32373	0.2214	55.354768557	5.4487
4 6 2			0.06		1.16		25.57		0.32371	0.2349	67.657370766	5.5969
0 6 2			0.05		1.21		24.3		0.3237	0.2356	55.3895592761	6.1752
1 7 7			0.03		1.24		23.48		0.32413	0.4353	72.3061031614	6.1143
4 4 4			-0.01		1.24		23.69		0.32394	0.8476	53.9354251327	76.9211
0 6 8			0.05		1.29		22.58		0.32398	0.7694	64.1950429677	5.6946
2 0 2			0.0		1.29		22.47		0.32395	0.6502	19.2320929378	35.9547
2 0 14			0.03		1.32		21.77		0.3241	0.2634	58.6945218607	7.3942
3 5 9			0.04		1.36		20.97		0.32399	0.4755	65.0802252419	19.5165
4 2 6			0.04		1.4		20.14		0.32399	1.6049	46.7233273538	62.1975
2 0 16			0.04		1.44		19.36		0.32397	0.5935	67.2372591268	11.8907
4 2 8			0.02		1.46		19.06		0.32428	0.7605	51.4203212226	2.5419
1 3 13			0.03		1.48		18.58		0.32481	0.3907	59.4200243294	11.5335
6 0 0			0.03		1.51		18.1		0.32481	0.7256	54.7363985401	55.434
3 1 9			0.0		1.51		18.04		0.32448	0.36	45.2950695798	8.7768
1 3 9			-0.01		1.51		18.18		0.32408	0.2622	45.3040218183	7.1674
3 1 13			0.02		1.53		17.8		0.32453	0.3869	59.4126405656	11.7895
0 2 16			0.03		1.56		17.27		0.32444	1.8687	67.2407114996	13.8307
1 5 13			0.02		1.58		16.89		0.32476	1.1973	71.2966048402	12.6128
6 4 2			0.03		1.61		16.43		0.32476	0.2211	67.6401768609	4.8049
2 0 4			-0.11		1.5		18.46		0.32479	1.3874	23.4143586184	109.347
7 1 7			0.01		1.51		18.22		0.32509	0.3505	72.2660298289	5.0526
3 5 7			0.01		1.52		17.98		0.32539	0.2309	60.5203777188	5.6046
6 2 4			-0.01		1.51		18.2		0.32527	0.8727	60.3342977717	77.9073
6 0 6			0.02		1.54		17.78		0.32524	1.0815	60.1501886982	39.9969
4 2 0			0.01		1.54		17.66		0.32524	0.9287	40.0811891304	86.5118
4 2 14			0.02		1.56		17.31		0.32519	1.2576	70.6282605877	19.9713
3 1 15			0.0		1.57		17.27		0.32464	0.2871	67.3554895111	7.7692
2 4 6			0.02		1.59		16.88		0.32464	0.785	46.7364348384	64.2552
2 4 14			0.02		1.61		16.57		0.3246	0.5221	70.6383718296	19.4111
6 4 6			0.01		1.61		16.46		0.32454	0.9247	71.9614498967	41.9809
0 6 10			0.02		1.64		16.12		0.32449	0.8527	69.1637693973	8.5049
0 6 16			0.02		1.66		15.79		0.32453	0.4825	89.3859051251	7.6515
5 3 11			-0.16		1.49		18.85		0.32463	1.8677	70.5420870211	204.0714
0 2 20			-0.05		1.45		19.8		0.32445	0.4494	86.0769303832	2.8517
3 1 7			0.01		1.45		19.68		0.32488	0.257	39.2655360855	5.205
2 4 8			0.01		1.46		19.49		0.32513	0.1687	51.4325245866	2.4593
1 3 15			0.01		1.47		19.39		0.32452	0.2862	67.3623786269	8.1809
4 2 4			-0.03		1.44		19.96		0.32452	0.7624	43.1345383828	64.2766
1 1 13			0.01		1.45		19.7		0.32489	0.3722	52.9310122384	10.9703
6 0 12			-0.15		1.31		23.07		0.32235	0.5892	74.995462768	0.9301
2 0 8			-0.04		1.27		23.98		0.32278	0.1665	35.7565424018	1.5727
2 0 10			0.01		1.28		23.67		0.32271	0.6169	42.9543880851	20.236
1 1 15			0.02		1.3		23.31		0.32277	0.656	61.3839959686	20.6242
0 6 6			0.02		1.31		22.93		0.32277	1.0147	60.183190367	40.9583
4 2 10			0.02		1.33		22.57		0.32273	1.1102	57.0442200735	11.3144
0 0 14			-0.03		1.3		23.15		0.32272	0.8389	55.4890953336	74.9432
3 3 9			0.01		1.31		22.91		0.32262	0.3816	52.4524123761	12.0632
4 4 10			0.02		1.33		22.57		0.32258	0.6886	66.23802526	47.6672
9 1 1			0.01		1.34		22.25		0.32258	0.8793	87.9915459652	19.6393
0 6 18			-0.03		1.31		22.92		0.32127	0.7949	98.0280769063	1.8601
0 6 14			0.01		1.32		22.71		0.32127	0.9096	81.7552219026	27.2955
0 2 8			-0.03		1.29		23.5		0.32151	0.1155	35.7619852008	1.7384
0 0 16			0.01		1.3		23.2		0.32144	1.3342	64.286058028	116.6634
5 5 1			0.01		1.32		22.9		0.32144	0.5073	65.769247456	23.9531
6 2 10			0.01		1.33		22.58		0.32144	0.7103	71.9901825081	43.9921
0 0 20			0.01		1.34		22.29		0.32143	0.4542	83.3712939521	4.3689
2 0 12			-0.0		1.34		22.29		0.32123	0.8079	50.6101057273	16.6151
2 4 10			0.01		1.36		22.0		0.32121	0.607	57.0555982332	12.0937
3 3 15			0.01		1.36		21.87		0.32099	0.3402	73.0835579415	3.8877
1 1 3			0.01		1.37		21.75		0.32099	0.4514	16.9416048235	36.8187
6 0 10			0.01		1.38		21.47		0.32099	1.0728	69.1331306246	8.9056
5 3 9			0.01		1.39		21.2		0.32099	0.4833	65.0662013285	20.8409
0 6 0			0.01		1.4		21.01		0.32099	1.4277	54.7714555341	59.4019
4 6 6			0.01		1.41		20.86		0.32095	1.1903	71.9781772466	41.9784
4 2 12			-0.02		1.39		21.28		0.32056	0.2244	63.468523569	4.7972
0 4 16			0.01		1.4		21.02		0.32056	1.5557	75.7704700384	94.8658
6 0 8			0.01		1.41		20.79		0.32058	2.9234	64.163237895	5.3359
7 3 1			0.01		1.42		20.57		0.32058	0.5095	71.5359286583	22.1332
5 1 1			0.01		1.43		20.41		0.32058	0.5346	46.1701152	26.7419
7 1 1			0.01		1.44		20.25		0.32057	0.5207	65.7483230412	25.2044
0 4 20			0.01		1.45		20.12		0.32053	1.027	94.1654323607	18.6345
1 5 11			-0.08		1.37		21.85		0.32055	1.8219	64.7342781598	204.7444
2 0 0			-0.01		1.35		22.12		0.32055	2.02	17.6289686615	175.6782
5 1 13			-0.0		1.35		22.17		0.32079	0.4567	71.2764535317	11.3258