HKL Value		Reward		TotalReward	Chi Squared	Z Appr. 	Error	Two-Thetas	Sfs2
0 6 6			0.0		0.0		0.0		0.3	1.0147	60.183190367	40.9583
1 5 7			0.0		0.0		1.17		0.34785	0.6035	54.1236034243	4.2528
6 4 0			0.98		0.98		0.59		0.34785	1.8287	67.0910631577	58.6803
1 3 7			0.14		1.12		0.52		0.33876	0.1893	39.2755843192	5.3372
5 3 7			0.27		1.38		0.41		0.33774	0.2523	60.5057581853	5.4388
1 1 7			0.25		1.63		0.33		0.33782	0.2012	29.7561292971	6.5386
4 6 0			0.17		1.8		0.28		0.33782	0.7863	67.1083315067	59.4729
0 2 4			-0.98		0.82		11.85		0.35818	1.326	23.4223631322	110.0283
3 3 7			0.13		0.96		10.47		0.35855	0.1558	47.1418707618	3.5073
5 1 7			0.11		1.06		9.47		0.35926	0.2609	54.1000446603	4.252
2 0 14			0.11		1.17		8.53		0.36229	0.2634	58.6945218607	7.3942
6 0 2			0.08		1.25		7.91		0.36302	0.2214	55.354768557	5.4487
0 2 14			0.09		1.34		7.25		0.36351	0.2479	58.6982494177	6.3292
0 6 2			0.06		1.4		6.85		0.36383	0.2356	55.3895592761	6.1752
4 2 2			-0.0		1.4		6.86		0.36407	0.457	40.8620305525	12.2524
1 7 7			0.05		1.45		6.55		0.36439	0.4353	72.3061031614	6.1143
3 1 13			0.07		1.51		6.14		0.36386	0.3869	59.4126405656	11.7895
0 6 8			0.03		1.55		5.94		0.36283	0.7694	64.1950429677	5.6946
2 0 16			0.06		1.6		5.62		0.36323	0.5935	67.2372591268	11.8907
4 6 2			0.03		1.63		5.46		0.36325	0.2349	67.657370766	5.5969
3 3 3			-0.15		1.48		6.44		0.36291	0.8081	39.7679129272	70.9373
4 2 8			0.02		1.5		6.29		0.36208	0.7605	51.4203212226	2.5419
3 1 1			-0.09		1.42		6.88		0.36194	0.5239	28.3131072915	41.7464
1 3 13			0.04		1.46		6.6		0.36235	0.3907	59.4200243294	11.5335
6 4 2			0.03		1.49		6.41		0.36236	0.2211	67.6401768609	4.8049
0 2 16			0.04		1.53		6.19		0.3629	1.8687	67.2407114996	13.8307
6 0 0			0.01		1.54		6.13		0.3629	0.7256	54.7363985401	55.434
7 1 7			0.03		1.56		5.97		0.36293	0.3505	72.2660298289	5.0526
0 4 8			-0.36		1.21		9.28		0.3639	4.1351	47.9021960727	235.0989
1 5 13			0.04		1.24		8.96		0.3639	1.1973	71.2966048402	12.6128
6 0 6			0.02		1.26		8.81		0.36365	1.0815	60.1501886982	39.9969
4 0 12			-0.2		1.06		11.01		0.36202	2.7435	60.4154589103	161.2613
4 2 14			0.03		1.09		10.72		0.36175	1.2576	70.6282605877	19.9713
3 1 9			0.02		1.11		10.46		0.36138	0.36	45.2950695798	8.7768
3 5 7			0.02		1.14		10.21		0.3614	0.2309	60.5203777188	5.6046
6 4 6			0.03		1.16		9.92		0.36142	0.9247	71.9614498967	41.9809
2 4 14			0.03		1.19		9.68		0.3612	0.5221	70.6383718296	19.4111
0 6 16			0.03		1.22		9.42		0.36145	0.4825	89.3859051251	7.6515
0 6 10			0.01		1.23		9.29		0.36136	0.8527	69.1637693973	8.5049
3 1 15			0.02		1.25		9.13		0.36152	0.2871	67.3554895111	7.7692
1 1 13			0.02		1.27		8.91		0.36175	0.3722	52.9310122384	10.9703
3 1 7			0.02		1.29		8.73		0.36177	0.257	39.2655360855	5.205
2 4 8			0.02		1.31		8.59		0.36144	0.1687	51.4325245866	2.4593
0 2 20			0.02		1.33		8.4		0.36164	0.4494	86.0769303832	2.8517
2 4 6			-0.0		1.33		8.42		0.36118	0.785	46.7364348384	64.2552
2 2 0			-0.63		0.7		22.67		0.36118	11.1953	25.0390113278	1035.9387
1 3 15			0.02		0.72		22.26		0.36134	0.2862	67.3623786269	8.1809
2 0 8			0.02		0.74		21.78		0.36131	0.1665	35.7565424018	1.5727
2 4 4			-0.02		0.73		22.15		0.36141	0.8182	43.1484985256	64.6996
0 0 18			0.02		0.74		21.82		0.36146	0.6609	73.530655613	37.988
4 2 10			0.01		0.75		21.51		0.36135	1.1102	57.0442200735	11.3144
1 1 15			0.01		0.77		21.29		0.36165	0.656	61.3839959686	20.6242
3 3 9			0.02		0.78		20.95		0.36133	0.3816	52.4524123761	12.0632
0 6 14			0.02		0.8		20.61		0.36106	0.9096	81.7552219026	27.2955
3 3 15			0.02		0.82		20.25		0.36117	0.3402	73.0835579415	3.8877
9 1 1			0.01		0.83		19.97		0.36114	0.8793	87.9915459652	19.6393
5 5 1			0.01		0.84		19.73		0.36109	0.5073	65.769247456	23.9531
0 2 8			0.02		0.86		19.38		0.36106	0.1155	35.7619852008	1.7384
1 1 3			0.0		0.86		19.31		0.36093	0.4514	16.9416048235	36.8187
6 0 10			0.01		0.88		19.06		0.36078	1.0728	69.1331306246	8.9056
6 0 12			0.02		0.89		18.74		0.36078	0.5892	74.995462768	0.9301
5 5 7			0.02		0.91		18.45		0.36078	0.6639	72.2860687267	4.3062
3 5 9			0.01		0.92		18.27		0.36001	0.4755	65.0802252419	19.5165
4 6 4			0.0		0.92		18.19		0.3602	1.0731	69.291881243	33.3045
2 0 12			0.01		0.94		17.95		0.35699	0.8079	50.6101057273	16.6151
0 0 20			-0.0		0.93		18.01		0.36295	0.4542	83.3712939521	4.3689
5 3 9			0.01		0.94		17.89		0.36285	0.4833	65.0662013285	20.8409
3 3 11			-0.05		0.89		18.86		0.36288	2.1204	58.6030846927	249.5822
2 0 10			0.0		0.89		18.78		0.36285	0.6169	42.9543880851	20.236
4 6 6			0.01		0.91		18.51		0.36284	1.1903	71.9781772466	41.9784
5 1 5			-0.02		0.89		18.91		0.36304	1.1901	50.2495039981	127.1383
4 2 12			0.01		0.9		18.67		0.363	0.2244	63.468523569	4.7972
6 0 8			0.01		0.91		18.45		0.36291	2.9234	64.163237895	5.3359
0 2 22			-0.0		0.91		18.45		0.36298	1.8317	96.7387030121	97.213
1 5 9			0.01		0.92		18.28		0.36287	0.4394	58.984264935	17.7365
0 4 20			0.01		0.93		18.04		0.36294	1.027	94.1654323607	18.6345
5 1 13			0.01		0.95		17.8		0.36295	0.4567	71.2764535317	11.3258
4 0 8			-0.06		0.89		18.96		0.36316	2.9483	47.8850437629	244.3799
6 2 0			-0.15		0.74		22.34		0.36316	4.3933	57.9728440251	566.5186
5 1 9			0.01		0.74		22.14		0.36308	0.4583	58.9619928854	19.0838
7 1 1			0.01		0.75		22.0		0.36307	0.5207	65.7483230412	25.2044
2 4 10			0.01		0.76		21.81		0.36305	0.607	57.0555982332	12.0937
0 0 16			0.01		0.77		21.66		0.36335	1.3342	64.286058028	116.6634
2 2 10			0.0		0.77		21.63		0.36348	0.6429	46.7739448495	44.8949
3 3 1			0.0		0.77		21.54		0.36347	0.5106	38.1558496662	33.1617
3 3 13			0.01		0.78		21.29		0.36341	0.5636	65.4922780779	9.1158
7 1 3			-0.0		0.78		21.39		0.36337	1.4031	66.8553232335	91.2915
1 1 9			0.01		0.79		21.15		0.36337	0.2216	37.1193146943	1.1702
1 5 1			0.0		0.8		21.05		0.36336	0.4978	46.196563203	27.3004
0 6 0			0.01		0.8		20.88		0.36336	1.4277	54.7714555341	59.4019
2 4 2			0.01		0.81		20.74		0.36337	0.3828	40.8766170199	13.2501
1 7 3			-0.0		0.81		20.83		0.36332	0.9932	66.8968211493	90.2271
0 4 16			0.01		0.82		20.63		0.36348	1.5557	75.7704700384	94.8658
4 0 10			0.0		0.82		20.61		0.36359	0.6243	53.7713327333	45.2096
0 2 18			0.01		0.83		20.41		0.3636	0.3755	76.3208597895	3.7538
2 6 10			0.0		0.83		20.38		0.36372	0.7069	72.0169435829	44.7171
4 4 10			-0.0		0.83		20.38		0.36383	0.6886	66.23802526	47.6672
3 1 5			-0.03		0.8		20.98		0.364	2.8985	34.1781376955	186.2389
7 3 1			0.01		0.81		20.84		0.36399	0.5095	71.5359286583	22.1332
1 7 1			0.0		0.81		20.74		0.36399	0.5219	65.7901743415	26.2984
4 4 8			-0.03		0.78		21.45		0.36414	3.9407	61.1479986878	218.5721
3 7 5			0.0		0.78		21.37		0.36423	1.0548	74.7470539899	89.5814