HKL Value		Reward		TotalReward	Chi Squared	Z Appr. 	Error	Two-Thetas	Sfs2
1 5 7			0.0		0.0		0.0		0.3	0.6035	54.1236034243	4.2528
7 1 5			0.0		0.0		8.82		0.38184	1.5264	69.0427278305	98.726
3 3 1			-0.28		-0.28		12.24		0.38139	0.5106	38.1558496662	33.1617
6 4 0			0.5		0.22		8.17		0.38139	1.8287	67.0910631577	58.6803
5 3 7			0.32		0.53		6.21		0.38024	0.2523	60.5057581853	5.4388
1 3 7			0.23		0.77		5.03		0.37943	0.1893	39.2755843192	5.3372
1 1 7			0.19		0.95		4.24		0.3788	0.2012	29.7561292971	6.5386
4 6 0			0.16		1.12		3.64		0.3788	0.7863	67.1083315067	59.4729
0 2 14			0.12		1.24		3.27		0.37976	0.2479	58.6982494177	6.3292
2 4 14			-0.19		1.04		4.05		0.38105	0.5221	70.6383718296	19.4111
0 2 4			-0.63		0.42		10.81		0.38088	1.326	23.4223631322	110.0283
2 0 14			0.1		0.51		9.85		0.38121	0.2634	58.6945218607	7.3942
1 7 5			0.01		0.53		9.73		0.38167	1.0841	69.0835930101	99.7513
3 1 9			0.06		0.59		9.16		0.38182	0.36	45.2950695798	8.7768
3 3 7			0.05		0.64		8.7		0.38116	0.1558	47.1418707618	3.5073
0 6 8			0.02		0.66		8.55		0.38161	0.7694	64.1950429677	5.6946
3 3 5			-0.13		0.52		9.87		0.38217	1.3995	42.8396693434	151.0913
6 0 2			0.06		0.59		9.31		0.38221	0.2214	55.354768557	5.4487
0 6 2			0.06		0.64		8.81		0.38224	0.2356	55.3895592761	6.1752
2 4 0			-0.03		0.61		9.08		0.38224	1.4359	40.0960076051	88.2765
4 6 2			0.04		0.65		8.71		0.38229	0.2349	67.657370766	5.5969
2 0 16			0.03		0.68		8.46		0.38323	0.5935	67.2372591268	11.8907
6 0 0			0.02		0.7		8.29		0.38323	0.7256	54.7363985401	55.434
3 1 5			-0.18		0.53		10.06		0.38362	2.8985	34.1781376955	186.2389
3 1 13			-0.2		0.33		12.56		0.36668	0.3869	59.4126405656	11.7895
1 7 7			0.03		0.36		12.14		0.36674	0.4353	72.3061031614	6.1143
4 2 8			0.02		0.38		11.94		0.36618	0.7605	51.4203212226	2.5419
5 1 7			0.03		0.42		11.54		0.36623	0.2609	54.1000446603	4.252
0 2 16			0.04		0.45		11.15		0.36584	1.8687	67.2407114996	13.8307
1 5 13			0.03		0.48		10.79		0.36545	1.1973	71.2966048402	12.6128
6 4 2			0.03		0.51		10.5		0.36546	0.2211	67.6401768609	4.8049
6 0 6			0.02		0.53		10.34		0.36519	1.0815	60.1501886982	39.9969
7 1 7			0.03		0.55		10.07		0.36521	0.3505	72.2660298289	5.0526
2 4 6			-0.01		0.54		10.16		0.3648	0.785	46.7364348384	64.2552
6 4 6			0.03		0.57		9.87		0.36471	0.9247	71.9614498967	41.9809
3 5 7			0.02		0.6		9.64		0.36475	0.2309	60.5203777188	5.6046
1 3 15			0.02		0.62		9.44		0.36479	0.2862	67.3623786269	8.1809
3 1 15			0.02		0.64		9.25		0.36484	0.2871	67.3554895111	7.7692
0 2 20			0.02		0.66		9.02		0.36447	0.4494	86.0769303832	2.8517
2 4 8			0.01		0.68		8.93		0.36424	0.1687	51.4325245866	2.4593
2 4 10			0.0		0.68		8.88		0.36422	0.607	57.0555982332	12.0937
0 6 16			0.02		0.7		8.69		0.36393	0.4825	89.3859051251	7.6515
3 1 7			0.02		0.72		8.52		0.36394	0.257	39.2655360855	5.205
1 1 15			-0.0		0.72		8.53		0.36403	0.656	61.3839959686	20.6242
1 3 13			0.02		0.74		8.34		0.36397	0.3907	59.4200243294	11.5335
4 2 14			0.02		0.76		8.22		0.36383	1.2576	70.6282605877	19.9713
3 3 3			-0.04		0.72		8.59		0.36376	0.8081	39.7679129272	70.9373
1 1 13			0.02		0.74		8.4		0.36371	0.3722	52.9310122384	10.9703
2 6 0			-0.4		0.34		13.97		0.36371	4.3567	58.0028534629	558.9791
5 5 1			0.01		0.35		13.82		0.3637	0.5073	65.769247456	23.9531
4 2 10			0.01		0.36		13.67		0.36368	1.1102	57.0442200735	11.3144
1 1 9			0.02		0.38		13.41		0.36368	0.2216	37.1193146943	1.1702
2 0 8			0.02		0.4		13.16		0.36364	0.1665	35.7565424018	1.5727
4 0 12			-0.09		0.31		14.39		0.36289	2.7435	60.4154589103	161.2613
0 0 20			0.01		0.32		14.26		0.36387	0.4542	83.3712939521	4.3689
3 3 9			0.01		0.34		14.1		0.3638	0.3816	52.4524123761	12.0632
3 1 1			-0.01		0.33		14.19		0.36378	0.5239	28.3131072915	41.7464
0 6 14			0.01		0.34		14.02		0.36367	0.9096	81.7552219026	27.2955
4 6 6			0.02		0.36		13.78		0.36365	1.1903	71.9781772466	41.9784
0 6 6			0.01		0.37		13.63		0.36355	1.0147	60.183190367	40.9583
6 0 12			0.02		0.39		13.41		0.36355	0.5892	74.995462768	0.9301
0 6 12			0.02		0.4		13.2		0.36354	0.3425	75.0250979777	1.887
9 1 1			0.01		0.41		13.07		0.36353	0.8793	87.9915459652	19.6393
1 7 1			0.0		0.41		13.04		0.36353	0.5219	65.7901743415	26.2984
0 2 8			0.02		0.43		12.84		0.3635	0.1155	35.7619852008	1.7384
5 3 9			0.0		0.43		12.81		0.3634	0.4833	65.0662013285	20.8409
7 3 3			-0.01		0.42		12.94		0.36336	1.9283	72.601334037	69.5466
3 3 15			0.01		0.44		12.76		0.36337	0.3402	73.0835579415	3.8877
0 6 10			0.01		0.45		12.64		0.36336	0.8527	69.1637693973	8.5049
3 5 9			0.0		0.45		12.6		0.36326	0.4755	65.0802252419	19.5165
0 6 0			0.01		0.46		12.51		0.36326	1.4277	54.7714555341	59.4019
0 4 20			0.01		0.47		12.33		0.36328	1.027	94.1654323607	18.6345
2 0 12			0.01		0.48		12.26		0.3632	0.8079	50.6101057273	16.6151
5 1 9			0.01		0.48		12.19		0.36309	0.4583	58.9619928854	19.0838
5 3 1			-0.0		0.48		12.21		0.36308	0.5252	53.2386121167	32.835
4 4 8			-0.08		0.4		13.3		0.36331	3.9407	61.1479986878	218.5721
6 0 10			0.01		0.41		13.19		0.3633	1.0728	69.1331306246	8.9056
0 2 18			0.01		0.42		13.03		0.36331	0.3755	76.3208597895	3.7538
4 2 12			0.01		0.43		12.89		0.36328	0.2244	63.468523569	4.7972
0 4 16			0.01		0.44		12.76		0.36347	1.5557	75.7704700384	94.8658
5 1 1			0.0		0.44		12.75		0.36347	0.5346	46.1701152	26.7419
2 2 16			0.01		0.45		12.66		0.36373	1.1693	70.1293332912	108.6018
6 0 8			0.01		0.46		12.55		0.36366	2.9234	64.163237895	5.3359
3 7 3			-0.01		0.45		12.68		0.36362	0.8954	72.6346668965	71.6226
7 1 1			0.0		0.45		12.66		0.36361	0.5207	65.7483230412	25.2044
2 2 14			-0.01		0.43		12.83		0.3634	1.0835	61.7979105177	101.9829
5 5 7			0.01		0.45		12.69		0.3634	0.6639	72.2860687267	4.3062
7 3 1			0.01		0.45		12.62		0.3634	0.5095	71.5359286583	22.1332
2 2 10			-0.01		0.44		12.7		0.36353	0.6429	46.7739448495	44.8949
5 1 13			0.01		0.46		12.56		0.36352	0.4567	71.2764535317	11.3258
1 5 1			0.0		0.46		12.55		0.3635	0.4978	46.196563203	27.3004
0 4 10			-0.0		0.45		12.61		0.36363	0.9893	53.7871001638	44.1425
6 0 4			-0.01		0.44		12.72		0.36365	0.7069	57.1830782131	42.6751
2 6 10			-0.0		0.44		12.78		0.36377	0.7069	72.0169435829	44.7171