HKL Value		Reward		TotalReward	Chi Squared	Z Appr. 	Error	Two-Thetas	Sfs2
3 5 3			0.0		0.0		0.0		0.3	0.9259	54.5093201099	87.7589
1 5 7			0.0		0.0		28.86		0.33657	0.6035	54.1236034243	4.2528
6 4 0			1.0		1.0		14.43		0.33657	1.8287	67.0910631577	58.6803
1 3 7			0.5		1.5		9.63		0.33692	0.1893	39.2755843192	5.3372
5 3 7			0.33		1.83		7.22		0.33677	0.2523	60.5057581853	5.4388
5 5 5			-0.26		1.57		9.75		0.37727	1.5862	69.0631626084	104.8873
1 1 7			0.2		1.77		8.13		0.37705	0.2012	29.7561292971	6.5386
5 1 7			0.17		1.94		6.97		0.37703	0.2609	54.1000446603	4.252
4 6 0			0.14		2.08		6.1		0.37703	0.7863	67.1083315067	59.4729
3 3 7			0.12		2.2		5.45		0.3765	0.1558	47.1418707618	3.5073
1 7 7			0.1		2.3		4.94		0.37687	0.4353	72.3061031614	6.1143
0 2 14			0.06		2.37		4.64		0.37804	0.2479	58.6982494177	6.3292
2 0 14			0.06		2.42		4.39		0.37894	0.2634	58.6945218607	7.3942
3 1 13			-0.1		2.33		4.87		0.36514	0.3869	59.4126405656	11.7895
6 4 2			0.04		2.37		4.67		0.36517	0.2211	67.6401768609	4.8049
0 6 8			0.01		2.38		4.6		0.36432	0.7694	64.1950429677	5.6946
4 2 8			0.0		2.39		4.59		0.3631	0.7605	51.4203212226	2.5419
3 5 9			-0.05		2.33		4.84		0.36151	0.4755	65.0802252419	19.5165
4 6 2			0.02		2.36		4.72		0.36153	0.2349	67.657370766	5.5969
1 3 1			-0.14		2.22		5.5		0.36119	0.5324	28.3265170018	42.1271
6 0 2			0.04		2.25		5.31		0.3614	0.2214	55.354768557	5.4487
7 1 7			0.03		2.29		5.14		0.36151	0.3505	72.2660298289	5.0526
0 2 20			0.04		2.33		4.93		0.36245	0.4494	86.0769303832	2.8517
0 6 2			0.03		2.36		4.81		0.36254	0.2356	55.3895592761	6.1752
2 0 16			0.04		2.4		4.61		0.36296	0.5935	67.2372591268	11.8907
4 0 0			-0.8		1.59		23.47		0.36296	8.3901	35.6934066618	787.9925
1 5 13			0.04		1.63		22.57		0.36314	1.1973	71.2966048402	12.6128
0 2 12			0.03		1.66		22.01		0.36265	0.3827	50.6142203783	17.5707
1 3 13			0.04		1.7		21.23		0.3628	0.3907	59.4200243294	11.5335
3 7 5			0.01		1.71		20.98		0.36329	1.0548	74.7470539899	89.5814
0 2 16			0.03		1.74		20.29		0.36349	1.8687	67.2407114996	13.8307
5 3 3			-0.03		1.71		20.84		0.36334	0.9351	54.4936931553	89.9375
3 5 7			0.03		1.74		20.25		0.36336	0.2309	60.5203777188	5.6046
6 0 6			0.02		1.77		19.75		0.36313	1.0815	60.1501886982	39.9969
0 6 16			0.03		1.8		19.18		0.36297	0.4825	89.3859051251	7.6515
4 2 14			0.03		1.83		18.69		0.36279	1.2576	70.6282605877	19.9713
3 1 7			0.03		1.85		18.21		0.36281	0.257	39.2655360855	5.205
2 0 8			0.03		1.88		17.72		0.36276	0.1665	35.7565424018	1.5727
6 0 0			0.02		1.9		17.38		0.36276	0.7256	54.7363985401	55.434
0 0 22			0.02		1.92		16.99		0.36285	2.2765	94.0325860765	137.6091
6 4 6			0.03		1.95		16.57		0.36282	0.9247	71.9614498967	41.9809
1 1 1			-0.01		1.94		16.77		0.36278	0.5749	13.0194761966	56.7652
3 1 9			0.02		1.96		16.44		0.36264	0.36	45.2950695798	8.7768
1 1 13			0.02		1.98		16.06		0.3627	0.3722	52.9310122384	10.9703
0 6 6			0.02		2.0		15.78		0.36252	1.0147	60.183190367	40.9583
1 3 9			0.02		2.02		15.47		0.3624	0.2622	45.3040218183	7.1674
2 4 8			0.02		2.03		15.21		0.36216	0.1687	51.4325245866	2.4593
4 2 6			0.01		2.04		15.07		0.36185	1.6049	46.7233273538	62.1975
4 2 2			0.01		2.05		14.91		0.36187	0.457	40.8620305525	12.2524
6 0 8			0.02		2.07		14.64		0.36166	2.9234	64.163237895	5.3359
3 1 15			0.02		2.09		14.41		0.36176	0.2871	67.3554895111	7.7692
6 0 12			0.02		2.11		14.13		0.36174	0.5892	74.995462768	0.9301
0 4 14			-0.02		2.09		14.42		0.36121	1.2337	67.7597167724	121.3788
0 6 10			0.01		2.1		14.23		0.36114	0.8527	69.1637693973	8.5049
4 2 12			0.02		2.12		13.98		0.361	0.2244	63.468523569	4.7972
2 4 6			0.01		2.13		13.88		0.36065	0.785	46.7364348384	64.2552
5 5 1			0.01		2.14		13.74		0.36062	0.5073	65.769247456	23.9531
2 0 12			0.01		2.15		13.58		0.36022	0.8079	50.6101057273	16.6151
1 1 15			0.0		2.15		13.54		0.36049	0.656	61.3839959686	20.6242
5 1 13			0.02		2.17		13.33		0.36075	0.4567	71.2764535317	11.3258
1 3 15			0.01		2.18		13.17		0.36086	0.2862	67.3623786269	8.1809
2 4 14			0.02		2.2		12.97		0.36077	0.5221	70.6383718296	19.4111
1 1 5			-0.11		2.08		14.6		0.36148	1.9661	22.8949597146	247.5537
2 2 12			-0.08		2.0		15.87		0.3598	1.9766	54.0147953295	208.0279
4 6 6			0.02		2.02		15.63		0.35987	1.1903	71.9781772466	41.9784
0 2 8			0.02		2.03		15.39		0.35987	0.1155	35.7619852008	1.7384
1 5 9			0.01		2.05		15.2		0.35953	0.4394	58.984264935	17.7365
0 0 20			-0.01		2.04		15.38		0.36245	0.4542	83.3712939521	4.3689
4 2 10			0.01		2.04		15.25		0.36243	1.1102	57.0442200735	11.3144
0 6 14			0.01		2.06		15.07		0.36235	0.9096	81.7552219026	27.2955
6 0 10			0.01		2.06		14.93		0.36233	1.0728	69.1331306246	8.9056
9 1 1			0.01		2.07		14.79		0.36233	0.8793	87.9915459652	19.6393
2 4 10			0.01		2.08		14.68		0.3623	0.607	57.0555982332	12.0937
0 0 18			0.01		2.09		14.56		0.36234	0.6609	73.530655613	37.988
6 2 2			-0.06		2.03		15.49		0.36242	3.3001	58.5687226088	135.1206
3 7 1			0.01		2.04		15.37		0.36241	1.2822	71.5694631273	22.2453
0 2 18			0.01		2.05		15.18		0.36241	0.3755	76.3208597895	3.7538
3 3 9			0.01		2.06		15.04		0.36234	0.3816	52.4524123761	12.0632
3 3 13			0.01		2.07		14.85		0.36234	0.5636	65.4922780779	9.1158
5 1 5			-0.03		2.05		15.26		0.3625	1.1901	50.2495039981	127.1383
0 4 16			0.01		2.05		15.12		0.36276	1.5557	75.7704700384	94.8658
1 5 1			0.0		2.06		15.09		0.36276	0.4978	46.196563203	27.3004
5 1 9			0.01		2.06		14.98		0.36265	0.4583	58.9619928854	19.0838
7 1 1			0.0		2.07		14.93		0.36264	0.5207	65.7483230412	25.2044
5 3 9			0.0		2.07		14.87		0.36255	0.4833	65.0662013285	20.8409
2 6 0			-0.17		1.9		17.94		0.36255	4.3567	58.0028534629	558.9791
3 7 3			-0.0		1.9		18.0		0.36251	0.8954	72.6346668965	71.6226
3 3 15			0.01		1.91		17.8		0.36253	0.3402	73.0835579415	3.8877
5 5 7			0.01		1.92		17.61		0.36253	0.6639	72.2860687267	4.3062
0 4 20			0.01		1.93		17.41		0.36264	1.027	94.1654323607	18.6345
1 1 9			0.01		1.94		17.22		0.36264	0.2216	37.1193146943	1.1702
2 2 10			-0.0		1.94		17.26		0.36275	0.6429	46.7739448495	44.8949
6 2 10			-0.0		1.94		17.27		0.36287	0.7103	71.9901825081	43.9921
4 4 10			-0.0		1.94		17.32		0.36299	0.6886	66.23802526	47.6672