HKL Value		Reward		TotalReward	Chi Squared	Z Appr. 	Error	Two-Thetas	Sfs2
1 5 7			0.0		0.0		0.0		0.3	0.6035	54.1236034243	4.2528
6 4 0			0.0		0.0		0.01		0.33737	1.8287	67.0910631577	58.6803
1 3 7			1.0		1.0		0.01		0.33738	0.1893	39.2755843192	5.3372
5 3 7			-0.38		0.62		0.01		0.33706	0.2523	60.5057581853	5.4388
1 1 7			-0.18		0.44		0.01		0.33731	0.2012	29.7561292971	6.5386
4 6 0			-0.31		0.12		0.02		0.33731	0.7863	67.1083315067	59.4729
0 6 12			-0.98		-0.86		1.14		0.36035	0.3425	75.0250979777	1.887
3 3 7			15.03		14.18		0.07		0.37619	0.1558	47.1418707618	3.5073
4 6 2			-0.78		13.39		0.32		0.37642	0.2349	67.657370766	5.5969
2 0 14			-0.41		12.98		0.55		0.37825	0.2634	58.6945218607	7.3942
6 2 8			-0.93		12.05		7.99		0.37719	3.3751	67.1207225085	222.106
0 6 8			-0.0		12.05		8.02		0.37785	0.7694	64.1950429677	5.6946
6 0 2			0.08		12.13		7.39		0.37799	0.2214	55.354768557	5.4487
0 2 14			0.07		12.2		6.91		0.37892	0.2479	58.6982494177	6.3292
0 6 2			0.07		12.27		6.46		0.37901	0.2356	55.3895592761	6.1752
3 3 9			0.01		12.28		6.41		0.37932	0.3816	52.4524123761	12.0632
2 0 16			-0.03		12.25		6.58		0.38133	0.5935	67.2372591268	11.8907
0 4 20			0.0		12.26		6.56		0.38215	1.027	94.1654323607	18.6345
1 7 7			0.06		12.31		6.21		0.38204	0.4353	72.3061031614	6.1143
5 1 7			0.05		12.36		5.94		0.38178	0.2609	54.1000446603	4.252
6 0 0			0.01		12.37		5.88		0.38178	0.7256	54.7363985401	55.434
4 2 8			-0.02		12.35		6.0		0.3822	0.7605	51.4203212226	2.5419
3 1 13			0.1		12.45		5.45		0.36372	0.3869	59.4126405656	11.7895
2 6 10			-0.09		12.36		5.98		0.36435	0.7069	72.0169435829	44.7171
1 5 13			0.04		12.4		5.73		0.36426	1.1973	71.2966048402	12.6128
6 4 2			0.03		12.43		5.59		0.36427	0.2211	67.6401768609	4.8049
6 0 6			0.01		12.44		5.55		0.36399	1.0815	60.1501886982	39.9969
4 4 6			-0.57		11.86		13.02		0.36273	4.3817	57.0116572758	400.3855
3 7 1			0.02		11.88		12.79		0.3627	1.2822	71.5694631273	22.2453
3 1 9			0.03		11.91		12.45		0.36252	0.36	45.2950695798	8.7768
7 1 7			0.03		11.94		12.09		0.36253	0.3505	72.2660298289	5.0526
0 2 16			0.03		11.97		11.73		0.36282	1.8687	67.2407114996	13.8307
3 5 7			0.03		12.0		11.42		0.36284	0.2309	60.5203777188	5.6046
6 4 6			0.03		12.03		11.07		0.36281	0.9247	71.9614498967	41.9809
2 4 6			0.0		12.03		11.06		0.36248	0.785	46.7364348384	64.2552
1 3 13			0.03		12.06		10.75		0.36258	0.3907	59.4200243294	11.5335
2 4 14			0.02		12.08		10.49		0.36244	0.5221	70.6383718296	19.4111
0 6 10			0.02		12.1		10.33		0.3624	0.8527	69.1637693973	8.5049
3 1 15			0.02		12.12		10.13		0.36248	0.2871	67.3554895111	7.7692
0 6 16			0.03		12.14		9.87		0.36245	0.4825	89.3859051251	7.6515
0 2 20			0.03		12.17		9.63		0.36254	0.4494	86.0769303832	2.8517
7 1 5			-0.04		12.13		10.02		0.36281	1.5264	69.0427278305	98.726
3 1 5			-0.14		11.99		11.69		0.36321	2.8985	34.1781376955	186.2389
1 3 15			0.02		12.0		11.49		0.36325	0.2862	67.3623786269	8.1809
2 4 8			0.01		12.02		11.32		0.36308	0.1687	51.4325245866	2.4593
3 1 7			0.02		12.04		11.1		0.36309	0.257	39.2655360855	5.205
2 4 10			0.01		12.05		11.01		0.36306	0.607	57.0555982332	12.0937
1 1 13			0.02		12.07		10.78		0.36308	0.3722	52.9310122384	10.9703
4 2 14			0.02		12.08		10.6		0.36297	1.2576	70.6282605877	19.9713
1 1 15			0.0		12.09		10.58		0.36305	0.656	61.3839959686	20.6242
4 2 10			0.01		12.09		10.5		0.36303	1.1102	57.0442200735	11.3144
4 6 6			0.02		12.11		10.29		0.36301	1.1903	71.9781772466	41.9784
6 0 12			0.02		12.13		10.1		0.363	0.5892	74.995462768	0.9301
0 6 14			0.01		12.15		9.98		0.36286	0.9096	81.7552219026	27.2955
2 0 8			0.02		12.16		9.8		0.36284	0.1665	35.7565424018	1.5727
0 0 18			0.01		12.17		9.72		0.36293	0.6609	73.530655613	37.988
0 0 20			0.0		12.18		9.69		0.36375	0.4542	83.3712939521	4.3689
0 6 6			0.01		12.18		9.6		0.36367	1.0147	60.183190367	40.9583
6 0 8			0.01		12.2		9.49		0.36359	2.9234	64.163237895	5.3359
9 1 1			0.01		12.2		9.42		0.36359	0.8793	87.9915459652	19.6393
2 0 6			-0.05		12.16		9.88		0.36339	1.6278	29.1406672869	128.8477
2 0 12			0.0		12.16		9.83		0.3633	0.8079	50.6101057273	16.6151
5 5 1			0.01		12.17		9.78		0.36329	0.5073	65.769247456	23.9531
0 4 10			-0.01		12.15		9.91		0.36344	0.9893	53.7871001638	44.1425
1 1 9			0.02		12.17		9.76		0.36344	0.2216	37.1193146943	1.1702
0 2 8			0.02		12.18		9.61		0.36342	0.1155	35.7619852008	1.7384
5 3 9			-0.0		12.18		9.63		0.36333	0.4833	65.0662013285	20.8409
0 0 16			0.0		12.18		9.61		0.36366	1.3342	64.286058028	116.6634
0 6 0			0.0		12.19		9.57		0.36366	1.4277	54.7714555341	59.4019
2 4 2			0.0		12.19		9.54		0.36366	0.3828	40.8766170199	13.2501
3 5 9			-0.0		12.19		9.54		0.36359	0.4755	65.0802252419	19.5165
3 3 15			0.01		12.2		9.42		0.3636	0.3402	73.0835579415	3.8877
6 0 10			0.01		12.21		9.36		0.36359	1.0728	69.1331306246	8.9056
0 2 18			0.01		12.22		9.25		0.3636	0.3755	76.3208597895	3.7538
0 4 0			-0.42		11.8		15.94		0.3636	6.137	35.7152072575	818.959
0 2 12			0.01		11.81		15.83		0.36352	0.3827	50.6142203783	17.5707
0 4 16			0.01		11.82		15.65		0.36369	1.5557	75.7704700384	94.8658
4 2 12			0.01		11.83		15.47		0.36367	0.2244	63.468523569	4.7972
5 5 3			-0.01		11.83		15.58		0.36363	0.8107	66.8760743485	64.1048
0 0 2			-0.04		11.78		16.28		0.36367	1.161	7.62646333295	98.931
2 2 16			0.01		11.79		16.15		0.36392	1.1693	70.1293332912	108.6018
5 1 1			0.0		11.8		16.1		0.36391	0.5346	46.1701152	26.7419
7 3 1			0.01		11.8		15.98		0.3639	0.5095	71.5359286583	22.1332
5 3 1			0.0		11.8		15.96		0.36389	0.5252	53.2386121167	32.835
7 1 1			0.0		11.81		15.9		0.36388	0.5207	65.7483230412	25.2044
5 1 9			0.01		11.81		15.8		0.3638	0.4583	58.9619928854	19.0838
5 1 13			0.01		11.83		15.61		0.36377	0.4567	71.2764535317	11.3258
2 2 10			-0.0		11.82		15.65		0.3639	0.6429	46.7739448495	44.8949
2 4 0			0.0		11.82		15.63		0.3639	1.4359	40.0960076051	88.2765
5 5 5			-0.0		11.82		15.65		0.36401	1.5862	69.0631626084	104.8873
1 5 1			0.0		11.83		15.62		0.364	0.4978	46.196563203	27.3004
4 2 2			0.01		11.83		15.52		0.364	0.457	40.8620305525	12.2524
3 7 5			0.0		11.83		15.5		0.3641	1.0548	74.7470539899	89.5814
4 0 10			-0.0		11.83		15.52		0.36423	0.6243	53.7713327333	45.2096
4 4 10			-0.0		11.83		15.57		0.36437	0.6886	66.23802526	47.6672
0 0 4			-0.02		11.81		15.84		0.36435	0.8482	15.2869714585	59.1035