HKL Value		Reward		TotalReward	Chi Squared	Z Appr. 	Error	Two-Thetas	Sfs2
1 5 7			0.0		0.0		0.0		0.3	0.6035	54.1236034243	4.2528
6 4 0			0.0		0.0		0.01		0.33737	1.8287	67.0910631577	58.6803
1 3 7			1.0		1.0		0.01		0.33738	0.1893	39.2755843192	5.3372
0 6 2			-0.99		0.01		1.05		0.33735	0.2356	55.3895592761	6.1752
0 0 10			-0.75		-0.75		4.21		0.33113	0.8316	38.8438017949	41.7013
5 3 7			0.18		-0.57		3.58		0.33231	0.2523	60.5057581853	5.4388
2 6 4			-0.57		-1.14		8.4		0.33072	0.8772	60.3635846112	78.02
1 1 7			0.12		-1.02		7.52		0.33199	0.2012	29.7561292971	6.5386
5 1 7			0.12		-0.91		6.72		0.33273	0.2609	54.1000446603	4.252
4 6 0			0.12		-0.78		5.98		0.33273	0.7863	67.1083315067	59.4729
3 3 7			0.07		-0.71		5.6		0.33381	0.1558	47.1418707618	3.5073
1 5 3			-0.17		-0.89		6.78		0.3338	0.9511	47.585042181	85.8034
1 7 7			0.09		-0.8		6.22		0.33385	0.4353	72.3061031614	6.1143
2 0 14			0.08		-0.72		5.77		0.33344	0.2634	58.6945218607	7.3942
0 2 14			0.08		-0.64		5.36		0.33331	0.2479	58.6982494177	6.3292
6 4 2			0.05		-0.59		5.09		0.33327	0.2211	67.6401768609	4.8049
0 6 8			0.05		-0.54		4.83		0.33308	0.7694	64.1950429677	5.6946
3 5 11			-0.5		-1.03		9.62		0.36472	1.8915	70.5555824797	206.4699
4 6 2			0.04		-0.99		9.23		0.36478	0.2349	67.657370766	5.5969
1 7 1			-0.01		-1.0		9.35		0.36458	0.5219	65.7901743415	26.2984
7 1 7			0.04		-0.96		8.96		0.36476	0.3505	72.2660298289	5.0526
4 2 8			0.02		-0.94		8.74		0.36276	0.7605	51.4203212226	2.5419
0 2 20			0.05		-0.89		8.35		0.36309	0.4494	86.0769303832	2.8517
6 0 2			0.04		-0.85		8.06		0.36316	0.2214	55.354768557	5.4487
1 3 13			0.04		-0.81		7.72		0.36323	0.3907	59.4200243294	11.5335
3 7 5			-0.03		-0.84		7.95		0.36386	1.0548	74.7470539899	89.5814
3 1 13			0.04		-0.8		7.65		0.3638	0.3869	59.4126405656	11.7895
3 3 15			0.04		-0.76		7.39		0.36385	0.3402	73.0835579415	3.8877
2 0 16			0.04		-0.73		7.12		0.36382	0.5935	67.2372591268	11.8907
3 1 7			0.03		-0.7		6.93		0.36385	0.257	39.2655360855	5.205
1 5 13			0.03		-0.66		6.7		0.36385	1.1973	71.2966048402	12.6128
0 2 16			0.03		-0.63		6.48		0.36394	1.8687	67.2407114996	13.8307
5 1 11			-0.2		-0.83		8.14		0.36391	3.2753	64.7131722767	203.727
3 5 7			0.02		-0.81		7.94		0.36393	0.2309	60.5203777188	5.6046
6 0 6			0.01		-0.8		7.84		0.36376	1.0815	60.1501886982	39.9969
2 0 8			0.03		-0.77		7.63		0.36372	0.1665	35.7565424018	1.5727
0 6 16			0.03		-0.74		7.43		0.36352	0.4825	89.3859051251	7.6515
4 2 14			0.02		-0.72		7.29		0.36338	1.2576	70.6282605877	19.9713
0 0 22			0.02		-0.7		7.16		0.36339	2.2765	94.0325860765	137.6091
4 2 2			0.0		-0.7		7.16		0.36341	0.457	40.8620305525	12.2524
3 1 9			0.01		-0.69		7.06		0.36331	0.36	45.2950695798	8.7768
6 0 0			0.01		-0.68		7.0		0.36331	0.7256	54.7363985401	55.434
1 3 1			-0.04		-0.72		7.3		0.36328	0.5324	28.3265170018	42.1271
1 1 13			0.02		-0.7		7.13		0.36328	0.3722	52.9310122384	10.9703
1 3 9			0.02		-0.68		7.02		0.3632	0.2622	45.3040218183	7.1674
3 7 1			0.0		-0.68		7.01		0.36318	1.2822	71.5694631273	22.2453
0 6 6			0.01		-0.67		6.96		0.36304	1.0147	60.183190367	40.9583
6 4 6			0.02		-0.65		6.81		0.36301	0.9247	71.9614498967	41.9809
4 4 6			-0.38		-1.03		10.93		0.36227	4.3817	57.0116572758	400.3855
6 0 8			0.02		-1.01		10.76		0.36211	2.9234	64.163237895	5.3359
2 4 8			0.01		-1.0		10.6		0.36191	0.1687	51.4325245866	2.4593
0 2 12			0.01		-0.99		10.52		0.36164	0.3827	50.6142203783	17.5707
3 1 15			0.01		-0.98		10.38		0.36173	0.2871	67.3554895111	7.7692
2 4 6			0.0		-0.98		10.36		0.36145	0.785	46.7364348384	64.2552
4 2 6			0.0		-0.97		10.32		0.36117	1.6049	46.7233273538	62.1975
0 6 10			0.01		-0.96		10.21		0.3611	0.8527	69.1637693973	8.5049
5 5 1			0.01		-0.95		10.14		0.36107	0.5073	65.769247456	23.9531
5 1 13			0.02		-0.94		9.97		0.36125	0.4567	71.2764535317	11.3258
2 4 14			0.02		-0.92		9.82		0.36116	0.5221	70.6383718296	19.4111
2 2 0			-0.52		-1.45		20.66		0.36116	11.1953	25.0390113278	1035.9387
4 6 6			0.02		-1.43		20.32		0.36117	1.1903	71.9781772466	41.9784
5 1 3			-0.0		-1.43		20.41		0.36106	0.9592	47.5591860667	88.1873
1 3 15			0.01		-1.42		20.13		0.36115	0.2862	67.3623786269	8.1809
7 1 1			0.01		-1.41		19.98		0.36113	0.5207	65.7483230412	25.2044
1 1 15			0.01		-1.41		19.83		0.36131	0.656	61.3839959686	20.6242
1 5 9			0.01		-1.39		19.59		0.36107	0.4394	58.984264935	17.7365
6 0 12			0.02		-1.38		19.29		0.36106	0.5892	74.995462768	0.9301
4 2 10			0.01		-1.37		19.1		0.361	1.1102	57.0442200735	11.3144
0 6 14			0.01		-1.35		18.86		0.36086	0.9096	81.7552219026	27.2955
3 1 11			-0.07		-1.42		20.24		0.36114	2.3814	52.0481274199	292.2152
3 5 9			0.01		-1.41		20.06		0.36092	0.4755	65.0802252419	19.5165
6 0 10			0.01		-1.4		19.84		0.36087	1.0728	69.1331306246	8.9056
9 1 1			0.01		-1.39		19.63		0.36085	0.8793	87.9915459652	19.6393
0 6 4			-0.0		-1.4		19.69		0.3609	0.6675	57.2171401797	42.9768
0 0 20			-0.0		-1.4		19.7		0.36266	0.4542	83.3712939521	4.3689
5 5 7			0.01		-1.38		19.45		0.36267	0.6639	72.2860687267	4.3062
7 3 3			-0.0		-1.38		19.48		0.36263	1.9283	72.601334037	69.5466
1 7 5			-0.0		-1.39		19.56		0.36276	1.0841	69.0835930101	99.7513
0 2 8			0.01		-1.38		19.31		0.36275	0.1155	35.7619852008	1.7384
2 0 12			0.01		-1.37		19.15		0.36266	0.8079	50.6101057273	16.6151
0 2 18			0.01		-1.36		18.93		0.36267	0.3755	76.3208597895	3.7538
0 0 18			0.01		-1.35		18.77		0.36272	0.6609	73.530655613	37.988
3 3 13			0.01		-1.33		18.54		0.36269	0.5636	65.4922780779	9.1158
1 1 17			-0.05		-1.38		19.51		0.36198	2.447	70.2810461715	248.4175
5 1 9			0.01		-1.38		19.34		0.36188	0.4583	58.9619928854	19.0838
0 4 14			-0.01		-1.38		19.47		0.36171	1.2337	67.7597167724	121.3788
0 4 16			0.01		-1.37		19.31		0.36197	1.5557	75.7704700384	94.8658
4 2 12			0.01		-1.36		19.1		0.36193	0.2244	63.468523569	4.7972
1 1 9			0.01		-1.35		18.89		0.36193	0.2216	37.1193146943	1.1702
2 6 2			-0.04		-1.39		19.61		0.36198	1.2892	58.5985395934	134.3564
2 4 10			0.01		-1.38		19.47		0.36196	0.607	57.0555982332	12.0937
5 3 9			0.01		-1.38		19.35		0.36188	0.4833	65.0662013285	20.8409
1 1 5			-0.05		-1.43		20.37		0.36209	1.9661	22.8949597146	247.5537
3 3 9			0.01		-1.42		20.19		0.36203	0.3816	52.4524123761	12.0632
0 6 0			0.01		-1.41		20.05		0.36203	1.4277	54.7714555341	59.4019
0 4 20			0.01		-1.4		19.85		0.36219	1.027	94.1654323607	18.6345
6 2 10			0.0		-1.4		19.84		0.36228	0.7103	71.9901825081	43.9921
5 1 1			0.0		-1.39		19.76		0.36228	0.5346	46.1701152	26.7419
4 4 10			-0.0		-1.4		19.79		0.36238	0.6886	66.23802526	47.6672
2 4 12			0.01		-1.39		19.6		0.36235	0.2205	63.4791913795	4.8908
2 2 10			-0.0		-1.39		19.61		0.36245	0.6429	46.7739448495	44.8949
7 3 1			0.01		-1.38		19.48		0.36244	0.5095	71.5359286583	22.1332