HKL Value		Reward		TotalReward	Chi Squared	Z Appr. 	Error	Two-Thetas	Sfs2
1 5 7			0.0		0.0		0.0		0.3	0.6035	54.1236034243	4.2528
6 4 0			0.0		0.0		0.01		0.33737	1.8287	67.0910631577	58.6803
1 3 7			1.0		1.0		0.01		0.33738	0.1893	39.2755843192	5.3372
5 3 7			-0.38		0.62		0.01		0.33706	0.2523	60.5057581853	5.4388
2 2 16			-1.0		-0.38		9.21		0.32815	1.1693	70.1293332912	108.6018
1 1 7			0.09		-0.29		8.42		0.32945	0.2012	29.7561292971	6.5386
4 6 0			0.2		-0.09		7.02		0.32945	0.7863	67.1083315067	59.4729
5 1 7			0.09		-0.0		6.45		0.33036	0.2609	54.1000446603	4.252
3 1 5			-0.72		-0.72		22.72		0.33159	2.8985	34.1781376955	186.2389
3 3 7			0.11		-0.61		20.55		0.33302	0.1558	47.1418707618	3.5073
1 7 7			0.11		-0.5		18.5		0.33319	0.4353	72.3061031614	6.1143
0 6 0			0.06		-0.44		17.41		0.33319	1.4277	54.7714555341	59.4019
0 2 14			0.09		-0.35		15.96		0.33307	0.2479	58.6982494177	6.3292
2 0 14			0.08		-0.26		14.74		0.33286	0.2634	58.6945218607	7.3942
6 0 2			0.06		-0.2		13.88		0.33284	0.2214	55.354768557	5.4487
4 2 8			0.07		-0.13		13.0		0.33316	0.7605	51.4203212226	2.5419
0 6 8			0.06		-0.07		12.24		0.33297	0.7694	64.1950429677	5.6946
3 1 13			0.05		-0.02		11.64		0.33247	0.3869	59.4126405656	11.7895
3 5 11			0.3		0.28		8.92		0.36559	1.8915	70.5555824797	206.4699
4 6 2			0.04		0.32		8.59		0.36561	0.2349	67.657370766	5.5969
1 3 13			0.05		0.37		8.21		0.36511	0.3907	59.4200243294	11.5335
0 6 2			0.04		0.41		7.91		0.36514	0.2356	55.3895592761	6.1752
6 4 2			0.03		0.44		7.65		0.36516	0.2211	67.6401768609	4.8049
2 0 16			0.04		0.48		7.34		0.36488	0.5935	67.2372591268	11.8907
0 2 16			0.04		0.53		7.03		0.36483	1.8687	67.2407114996	13.8307
7 1 7			0.03		0.56		6.81		0.36485	0.3505	72.2660298289	5.0526
7 3 1			0.0		0.56		6.81		0.36482	0.5095	71.5359286583	22.1332
1 5 13			0.04		0.6		6.57		0.36471	1.1973	71.2966048402	12.6128
6 0 6			0.01		0.6		6.51		0.36452	1.0815	60.1501886982	39.9969
4 2 14			0.02		0.62		6.39		0.36432	1.2576	70.6282605877	19.9713
3 5 7			0.02		0.65		6.24		0.36434	0.2309	60.5203777188	5.6046
3 1 9			0.01		0.66		6.15		0.36423	0.36	45.2950695798	8.7768
6 0 0			0.01		0.67		6.11		0.36423	0.7256	54.7363985401	55.434
6 4 6			0.03		0.7		5.93		0.36418	0.9247	71.9614498967	41.9809
0 6 16			0.03		0.72		5.78		0.3639	0.4825	89.3859051251	7.6515
0 6 10			0.01		0.73		5.75		0.36388	0.8527	69.1637693973	8.5049
1 1 15			-0.02		0.71		5.85		0.36397	0.656	61.3839959686	20.6242
3 1 7			0.02		0.73		5.73		0.36398	0.257	39.2655360855	5.205
4 0 10			-0.05		0.68		6.05		0.36428	0.6243	53.7713327333	45.2096
3 1 15			0.02		0.7		5.95		0.36431	0.2871	67.3554895111	7.7692
0 2 20			0.02		0.72		5.81		0.36416	0.4494	86.0769303832	2.8517
2 0 8			0.02		0.74		5.68		0.36412	0.1665	35.7565424018	1.5727
0 2 0			-0.15		0.6		6.68		0.36412	1.4407	17.6394681947	177.2483
2 4 8			0.01		0.6		6.63		0.36396	0.1687	51.4325245866	2.4593
1 1 13			0.02		0.62		6.49		0.36391	0.3722	52.9310122384	10.9703
0 0 20			0.01		0.63		6.43		0.36441	0.4542	83.3712939521	4.3689
0 6 6			0.0		0.64		6.4		0.36432	1.0147	60.183190367	40.9583
6 0 12			0.02		0.66		6.27		0.36432	0.5892	74.995462768	0.9301
2 4 14			0.01		0.67		6.2		0.36424	0.5221	70.6383718296	19.4111
4 6 4			-0.02		0.65		6.33		0.36426	1.0731	69.291881243	33.3045
1 3 15			0.01		0.66		6.25		0.36428	0.2862	67.3623786269	8.1809
2 4 6			-0.02		0.64		6.37		0.36415	0.785	46.7364348384	64.2552
0 2 12			-0.01		0.64		6.41		0.36407	0.3827	50.6142203783	17.5707
4 2 10			-0.0		0.64		6.41		0.36407	1.1102	57.0442200735	11.3144