HKL Value		Reward		TotalReward	Chi Squared	Z Appr. 	Error	Two-Thetas	Sfs2
1 5 7			0.0		0.0		0.0		0.3	0.6035	54.1236034243	4.2528
3 3 3			0.0		0.0		19.32		0.33665	0.8081	39.7679129272	70.9373
6 4 0			1.0		1.0		9.67		0.33665	1.8287	67.0910631577	58.6803
5 3 7			0.5		1.5		6.44		0.33655	0.2523	60.5057581853	5.4388
2 6 8			-0.75		0.75		25.44		0.37371	4.3291	67.1483383839	218.3417
4 6 0			0.25		1.0		20.36		0.37371	0.7863	67.1083315067	59.4729
2 0 14			0.16		1.16		17.61		0.37573	0.2634	58.6945218607	7.3942
4 0 0			-0.79		0.37		83.1		0.37573	8.3901	35.6934066618	787.9925
1 3 7			0.14		0.51		72.71		0.37612	0.1893	39.2755843192	5.3372
0 2 14			0.12		0.63		64.84		0.3782	0.2479	58.6982494177	6.3292
1 1 7			0.11		0.74		58.36		0.37793	0.2012	29.7561292971	6.5386
6 4 2			0.1		0.84		53.2		0.37805	0.2211	67.6401768609	4.8049
4 6 2			0.09		0.93		48.93		0.37819	0.2349	67.657370766	5.5969
2 0 8			0.08		1.01		45.35		0.37852	0.1665	35.7565424018	1.5727
0 6 8			0.06		1.07		42.67		0.37924	0.7694	64.1950429677	5.6946
0 6 2			0.07		1.14		39.87		0.37934	0.2356	55.3895592761	6.1752
6 0 2			0.07		1.21		37.4		0.37943	0.2214	55.354768557	5.4487
0 4 10			0.06		1.27		35.21		0.37911	0.9893	53.7871001638	44.1425
3 1 13			0.03		1.3		34.24		0.36621	0.3869	59.4126405656	11.7895
0 0 12			-0.1		1.2		38.02		0.33649	3.2426	47.0346015839	274.3783
3 3 7			0.05		1.25		36.14		0.3369	0.1558	47.1418707618	3.5073
6 0 0			0.04		1.29		34.64		0.3369	0.7256	54.7363985401	55.434
2 0 16			0.04		1.33		33.33		0.33784	0.5935	67.2372591268	11.8907
0 6 16			0.04		1.38		31.98		0.3391	0.4825	89.3859051251	7.6515
2 4 14			0.03		1.4		31.1		0.34536	0.5221	70.6383718296	19.4111
4 2 8			0.04		1.44		29.89		0.34537	0.7605	51.4203212226	2.5419
0 2 16			0.03		1.48		28.95		0.34488	1.8687	67.2407114996	13.8307
3 3 15			0.03		1.51		28.07		0.34833	0.3402	73.0835579415	3.8877
3 5 9			0.04		1.54		27.07		0.3484	0.4755	65.0802252419	19.5165
3 1 9			0.03		1.57		26.28		0.34913	0.36	45.2950695798	8.7768
1 7 7			0.03		1.61		25.47		0.34907	0.4353	72.3061031614	6.1143
1 5 13			0.02		1.63		24.89		0.34912	1.1973	71.2966048402	12.6128
4 2 14			0.03		1.66		24.22		0.34961	1.2576	70.6282605877	19.9713
2 4 6			0.03		1.69		23.54		0.34944	0.785	46.7364348384	64.2552
6 0 6			0.03		1.72		22.85		0.34947	1.0815	60.1501886982	39.9969
6 0 12			0.0		1.72		22.82		0.35603	0.5892	74.995462768	0.9301
2 4 10			0.02		1.74		22.34		0.35554	0.607	57.0555982332	12.0937
6 4 6			0.03		1.77		21.77		0.35701	0.9247	71.9614498967	41.9809
7 1 7			0.02		1.79		21.25		0.35701	0.3505	72.2660298289	5.0526
3 1 15			0.02		1.81		20.81		0.35866	0.2871	67.3554895111	7.7692
3 5 7			0.02		1.83		20.34		0.3588	0.2309	60.5203777188	5.6046
4 6 6			0.02		1.86		19.85		0.35943	1.1903	71.9781772466	41.9784
1 3 15			0.02		1.88		19.47		0.35992	0.2862	67.3623786269	8.1809
2 4 8			0.02		1.9		19.05		0.35902	0.1687	51.4325245866	2.4593
4 2 10			0.02		1.92		18.74		0.35781	1.1102	57.0442200735	11.3144
5 5 1			0.02		1.93		18.45		0.35606	0.5073	65.769247456	23.9531
5 1 7			0.02		1.95		18.08		0.35598	0.2609	54.1000446603	4.252
1 1 13			0.02		1.97		17.75		0.3597	0.3722	52.9310122384	10.9703
6 0 8			0.02		1.99		17.4		0.35914	2.9234	64.163237895	5.3359
0 2 20			0.02		2.01		17.06		0.35849	0.4494	86.0769303832	2.8517
1 1 15			0.01		2.02		16.96		0.36008	0.656	61.3839959686	20.6242
5 3 9			0.01		2.03		16.74		0.35523	0.4833	65.0662013285	20.8409
2 6 2			-0.07		1.96		18.07		0.35943	1.2892	58.5985395934	134.3564
1 1 9			0.02		1.98		17.72		0.3594	0.2216	37.1193146943	1.1702
5 1 13			0.02		1.99		17.43		0.36035	0.4567	71.2764535317	11.3258
0 6 14			0.02		2.01		17.15		0.36006	0.9096	81.7552219026	27.2955
5 1 9			0.01		2.02		16.91		0.35872	0.4583	58.9619928854	19.0838
3 1 7			0.02		2.04		16.64		0.35872	0.257	39.2655360855	5.205
6 2 0			-0.22		1.82		21.22		0.35872	4.3933	57.9728440251	566.5186
1 7 1			0.01		1.83		21.04		0.3585	0.5219	65.7901743415	26.2984
4 4 0			-0.19		1.64		26.13		0.35849	4.9852	51.3853572345	648.027
9 1 1			0.01		1.65		25.78		0.35819	0.8793	87.9915459652	19.6393
1 3 13			0.01		1.67		25.4		0.35977	0.3907	59.4200243294	11.5335
6 2 8			-0.04		1.63		26.47		0.36128	3.3751	67.1207225085	222.106
0 6 6			0.01		1.64		26.1		0.36105	1.0147	60.183190367	40.9583
0 6 0			0.01		1.65		25.8		0.36105	1.4277	54.7714555341	59.4019
2 2 10			0.0		1.65		25.74		0.36147	0.6429	46.7739448495	44.8949
4 0 14			-0.0		1.65		25.81		0.36086	1.986	67.7459682929	124.3248
7 1 1			0.01		1.66		25.58		0.36082	0.5207	65.7483230412	25.2044
0 6 10			0.01		1.67		25.27		0.36073	0.8527	69.1637693973	8.5049
0 2 18			0.01		1.69		24.93		0.36072	0.3755	76.3208597895	3.7538
1 1 17			-0.03		1.66		25.69		0.35716	2.447	70.2810461715	248.4175
0 4 20			0.01		1.66		25.54		0.36032	1.027	94.1654323607	18.6345
7 3 1			0.01		1.67		25.27		0.3603	0.5095	71.5359286583	22.1332
3 3 9			0.01		1.69		24.97		0.36015	0.3816	52.4524123761	12.0632
6 2 6			-0.07		1.62		26.84		0.35945	3.9921	63.2107357729	344.5633
0 2 8			0.01		1.63		26.49		0.35945	0.1155	35.7619852008	1.7384
6 0 10			0.01		1.64		26.2		0.35939	1.0728	69.1331306246	8.9056
0 2 10			0.01		1.65		26.02		0.35931	0.4317	42.9590557724	21.0204
2 0 12			0.01		1.66		25.73		0.35905	0.8079	50.6101057273	16.6151
3 5 1			0.01		1.66		25.58		0.35903	0.5283	53.2544885252	31.9012
5 1 1			0.01		1.67		25.4		0.359	0.5346	46.1701152	26.7419
0 6 4			0.0		1.67		25.39		0.35905	0.6675	57.2171401797	42.9768
0 0 20			-0.01		1.67		25.54		0.36174	0.4542	83.3712939521	4.3689
6 0 4			0.0		1.67		25.52		0.36176	0.7069	57.1830782131	42.6751
0 4 16			0.01		1.68		25.29		0.36202	1.5557	75.7704700384	94.8658
6 2 10			0.0		1.68		25.22		0.36213	0.7103	71.9901825081	43.9921
4 2 12			0.01		1.69		24.94		0.3621	0.2244	63.468523569	4.7972
0 2 2			-0.0		1.69		24.96		0.36209	0.4614	19.2417464495	36.8131
3 7 3			0.0		1.69		24.94		0.36206	0.8954	72.6346668965	71.6226
0 4 18			0.01		1.7		24.67		0.36206	0.8369	84.5238780681	17.4513
2 4 0			0.0		1.71		24.55		0.36206	1.4359	40.0960076051	88.2765
0 6 12			0.01		1.72		24.29		0.36205	0.3425	75.0250979777	1.887
4 0 10			0.0		1.72		24.24		0.36216	0.6243	53.7713327333	45.2096
3 1 11			-0.04		1.68		25.19		0.36222	2.3814	52.0481274199	292.2152
1 3 1			0.0		1.68		25.13		0.36221	0.5324	28.3265170018	42.1271
5 3 1			0.0		1.69		25.02		0.36221	0.5252	53.2386121167	32.835
2 2 6			-0.13		1.56		28.65		0.36183	8.3224	34.2684003079	615.2447
5 3 5			-0.01		1.55		28.83		0.36198	2.2247	56.9473208346	134.0256
2 2 16			0.01		1.56		28.64		0.36229	1.1693	70.1293332912	108.6018
1 5 1			0.01		1.57		28.48		0.36228	0.4978	46.196563203	27.3004
2 6 10			0.0		1.57		28.39		0.36239	0.7069	72.0169435829	44.7171