HKL Value		Reward		TotalReward	Chi Squared	Z Appr. 	Error	Two-Thetas	Sfs2
3 3 7			0.0		0.0		0.0		0.3	0.1558	47.1418707618	3.5073
2 4 12			0.0		0.0		0.82		0.35773	0.2205	63.4791913795	4.8908
0 4 20			-0.3		-0.3		1.18		0.36322	1.027	94.1654323607	18.6345
1 5 7			-0.03		-0.33		1.21		0.36327	0.6035	54.1236034243	4.2528
6 4 0			0.33		-0.0		0.91		0.36327	1.8287	67.0910631577	58.6803
0 2 20			0.25		0.25		0.73		0.36329	0.4494	86.0769303832	2.8517
4 6 0			0.19		0.43		0.62		0.36329	0.7863	67.1083315067	59.4729
5 3 7			-0.2		0.23		0.77		0.36334	0.2523	60.5057581853	5.4388
0 2 14			0.14		0.37		0.68		0.36338	0.2479	58.6982494177	6.3292
1 7 7			-0.21		0.16		0.86		0.36342	0.4353	72.3061031614	6.1143
6 0 0			-0.31		-0.15		1.24		0.36342	0.7256	54.7363985401	55.434
1 5 9			-0.26		-0.41		1.67		0.36294	0.4394	58.984264935	17.7365
6 0 2			0.0		-0.41		1.67		0.36298	0.2214	55.354768557	5.4487
4 2 2			-0.2		-0.6		2.08		0.36301	0.457	40.8620305525	12.2524
0 6 2			0.0		-0.6		2.08		0.36306	0.2356	55.3895592761	6.1752
1 5 13			0.07		-0.54		1.95		0.3632	1.1973	71.2966048402	12.6128
5 1 7			0.02		-0.51		1.91		0.36323	0.2609	54.1000446603	4.252
2 0 14			0.06		-0.45		1.8		0.36321	0.2634	58.6945218607	7.3942
0 2 16			0.05		-0.41		1.72		0.36344	1.8687	67.2407114996	13.8307
0 6 8			-0.03		-0.43		1.77		0.3632	0.7694	64.1950429677	5.6946
2 4 10			-0.13		-0.57		2.03		0.36314	0.607	57.0555982332	12.0937
0 4 12			-0.63		-1.2		5.53		0.36149	1.4889	60.4300914167	161.7651