HKL Value		Reward		TotalReward	Chi Squared	Z Appr. 	Error	Two-Thetas	Sfs2
1 5 7			0.0		0.0		0.0		0.3	0.6035	54.1236034243	4.2528
6 4 0			0.0		0.0		0.01		0.33737	1.8287	67.0910631577	58.6803
1 5 1			-1.0		-1.0		4.74		0.33576	0.4978	46.196563203	27.3004
1 3 7			0.49		-0.5		3.18		0.33651	0.1893	39.2755843192	5.3372
5 3 7			0.33		-0.17		2.38		0.33648	0.2523	60.5057581853	5.4388
1 1 7			0.24		0.07		1.92		0.33688	0.2012	29.7561292971	6.5386
2 6 8			-0.86		-0.79		14.15		0.37581	4.3291	67.1483383839	218.3417
4 6 0			0.17		-0.63		12.13		0.37581	0.7863	67.1083315067	59.4729
0 2 2			-0.13		-0.76		14.01		0.37586	0.4614	19.2417464495	36.8131
3 3 7			0.12		-0.64		12.46		0.37556	0.1558	47.1418707618	3.5073
5 3 9			-0.01		-0.65		12.57		0.37611	0.4833	65.0662013285	20.8409
5 1 7			0.1		-0.55		11.43		0.37621	0.2609	54.1000446603	4.252
1 7 7			0.09		-0.46		10.51		0.37654	0.4353	72.3061031614	6.1143
0 2 14			0.07		-0.39		9.85		0.37761	0.2479	58.6982494177	6.3292
4 0 6			-0.68		-1.07		30.54		0.34956	5.3963	42.900258124	488.2208
2 6 6			-0.19		-1.25		37.49		0.34229	5.383	63.2392339525	346.2148
2 0 14			0.06		-1.19		35.33		0.34576	0.2634	58.6945218607	7.3942
6 0 2			0.06		-1.13		33.4		0.34586	0.2214	55.354768557	5.4487
0 0 20			0.05		-1.09		31.82		0.33489	0.4542	83.3712939521	4.3689
2 4 6			0.06		-1.03		30.15		0.33489	0.785	46.7364348384	64.2552
2 2 6			-0.32		-1.35		44.23		0.33479	8.3224	34.2684003079	615.2447
4 2 8			0.05		-1.3		42.13		0.33485	0.7605	51.4203212226	2.5419
0 6 8			0.05		-1.25		40.28		0.33475	0.7694	64.1950429677	5.6946
3 1 13			0.04		-1.21		38.69		0.33449	0.3869	59.4126405656	11.7895
4 6 2			0.04		-1.17		37.15		0.33447	0.2349	67.657370766	5.5969
1 3 13			0.04		-1.13		35.8		0.33419	0.3907	59.4200243294	11.5335
0 6 2			0.04		-1.1		34.54		0.33419	0.2356	55.3895592761	6.1752
6 4 2			0.04		-1.06		33.31		0.33416	0.2211	67.6401768609	4.8049
2 0 16			0.03		-1.03		32.38		0.33422	0.5935	67.2372591268	11.8907
0 2 16			0.03		-1.0		31.55		0.33429	1.8687	67.2407114996	13.8307
7 1 7			0.03		-0.97		30.5		0.33435	0.3505	72.2660298289	5.0526
1 5 13			0.03		-0.94		29.64		0.334	1.1973	71.2966048402	12.6128
3 5 11			-0.11		-1.05		33.3		0.33538	1.8915	70.5555824797	206.4699
2 6 10			0.02		-1.03		32.79		0.33477	0.7069	72.0169435829	44.7171
6 0 6			0.03		-1.01		31.89		0.33479	1.0815	60.1501886982	39.9969
0 4 4			-0.0		-1.01		32.0		0.33439	0.8482	39.0545896029	78.0016
2 2 0			-0.35		-1.36		49.16		0.33439	11.1953	25.0390113278	1035.9387
4 2 14			0.02		-1.34		48.13		0.3339	1.2576	70.6282605877	19.9713
3 5 7			0.03		-1.31		46.87		0.33399	0.2309	60.5203777188	5.6046
3 1 9			0.01		-1.3		46.35		0.33414	0.36	45.2950695798	8.7768
1 5 3			0.02		-1.28		45.66		0.33413	0.9511	47.585042181	85.8034
2 6 0			-0.11		-1.39		51.27		0.33413	4.3567	58.0028534629	558.9791
2 4 0			0.02		-1.38		50.38		0.33413	1.4359	40.0960076051	88.2765
6 0 0			0.02		-1.35		49.31		0.33413	0.7256	54.7363985401	55.434
6 0 8			0.02		-1.33		48.21		0.33396	2.9234	64.163237895	5.3359
6 4 6			0.02		-1.32		47.47		0.33399	0.9247	71.9614498967	41.9809
0 6 16			0.02		-1.3		46.52		0.33414	0.4825	89.3859051251	7.6515
0 6 10			0.02		-1.28		45.63		0.3341	0.8527	69.1637693973	8.5049
3 1 15			-0.0		-1.28		45.67		0.33632	0.2871	67.3554895111	7.7692
3 1 7			0.02		-1.26		44.74		0.33638	0.257	39.2655360855	5.205
0 2 20			0.02		-1.24		43.85		0.33647	0.4494	86.0769303832	2.8517
2 0 8			0.02		-1.22		43.1		0.33718	0.1665	35.7565424018	1.5727
2 4 8			0.02		-1.2		42.27		0.33718	0.1687	51.4325245866	2.4593
1 1 13			0.02		-1.18		41.56		0.33701	0.3722	52.9310122384	10.9703
6 0 12			-0.1		-1.28		45.97		0.34465	0.5892	74.995462768	0.9301
0 6 6			0.02		-1.26		45.15		0.34469	1.0147	60.183190367	40.9583
5 5 5			0.16		-1.1		38.95		0.36245	1.5862	69.0631626084	104.8873
2 4 14			0.02		-1.08		38.29		0.36239	0.5221	70.6383718296	19.4111
1 3 15			0.02		-1.07		37.68		0.36243	0.2862	67.3623786269	8.1809
4 0 8			-0.03		-1.1		38.88		0.3627	2.9483	47.8850437629	244.3799
0 2 12			0.01		-1.08		38.35		0.36259	0.3827	50.6142203783	17.5707
4 2 10			0.01		-1.07		37.83		0.36257	1.1102	57.0442200735	11.3144
7 3 3			0.01		-1.06		37.57		0.36253	1.9283	72.601334037	69.5466
3 3 9			0.01		-1.05		37.04		0.36244	0.3816	52.4524123761	12.0632
1 1 15			0.01		-1.04		36.62		0.36252	0.656	61.3839959686	20.6242
0 6 14			0.01		-1.02		36.1		0.36243	0.9096	81.7552219026	27.2955
5 5 1			0.01		-1.01		35.65		0.36242	0.5073	65.769247456	23.9531
0 2 8			0.02		-1.0		35.12		0.36242	0.1155	35.7619852008	1.7384
4 2 12			0.01		-0.98		34.63		0.36237	0.2244	63.468523569	4.7972
3 5 9			0.01		-0.97		34.25		0.36226	0.4755	65.0802252419	19.5165
3 7 5			0.01		-0.96		33.97		0.36241	1.0548	74.7470539899	89.5814
2 0 12			0.01		-0.95		33.58		0.36229	0.8079	50.6101057273	16.6151
4 6 6			0.01		-0.94		33.12		0.36229	1.1903	71.9781772466	41.9784
1 5 9			0.01		-0.92		32.73		0.36218	0.4394	58.984264935	17.7365
5 1 13			0.01		-0.91		32.29		0.36223	0.4567	71.2764535317	11.3258
5 1 9			0.01		-0.9		31.94		0.36212	0.4583	58.9619928854	19.0838
9 1 1			0.01		-0.89		31.59		0.36211	0.8793	87.9915459652	19.6393
7 1 1			0.01		-0.88		31.32		0.3621	0.5207	65.7483230412	25.2044
3 3 15			0.01		-0.87		30.92		0.36212	0.3402	73.0835579415	3.8877
5 3 1			0.01		-0.86		30.71		0.36211	0.5252	53.2386121167	32.835
4 2 2			0.01		-0.85		30.42		0.36211	0.457	40.8620305525	12.2524
6 0 10			0.01		-0.84		30.1		0.36209	1.0728	69.1331306246	8.9056
2 4 10			0.01		-0.83		29.82		0.36207	0.607	57.0555982332	12.0937
7 3 5			0.01		-0.82		29.63		0.3622	1.0496	74.7140851895	88.0788
1 1 9			0.01		-0.81		29.28		0.36219	0.2216	37.1193146943	1.1702
0 0 16			0.01		-0.81		29.08		0.36261	1.3342	64.286058028	116.6634
0 2 22			0.0		-0.8		28.96		0.36268	1.8317	96.7387030121	97.213
0 6 0			0.01		-0.79		28.71		0.36268	1.4277	54.7714555341	59.4019
6 2 10			0.0		-0.79		28.59		0.36282	0.7103	71.9901825081	43.9921
0 0 18			0.01		-0.78		28.33		0.36286	0.6609	73.530655613	37.988
0 4 20			0.01		-0.77		28.02		0.36293	1.027	94.1654323607	18.6345
2 0 4			-0.02		-0.79		28.51		0.36295	1.3874	23.4143586184	109.347
1 1 5			-0.03		-0.82		29.4		0.36316	1.9661	22.8949597146	247.5537
2 2 10			0.0		-0.81		29.29		0.36328	0.6429	46.7739448495	44.8949
4 2 6			0.01		-0.8		29.08		0.36317	1.6049	46.7233273538	62.1975
0 4 16			0.01		-0.8		28.81		0.36334	1.5557	75.7704700384	94.8658
0 2 18			0.01		-0.79		28.52		0.36335	0.3755	76.3208597895	3.7538
3 3 13			0.01		-0.77		28.23		0.36331	0.5636	65.4922780779	9.1158
7 3 1			0.01		-0.77		28.01		0.3633	0.5095	71.5359286583	22.1332
1 7 1			0.01		-0.76		27.84		0.36329	0.5219	65.7901743415	26.2984
4 4 10			0.0		-0.76		27.77		0.3634	0.6886	66.23802526	47.6672
4 0 10			0.0		-0.76		27.69		0.36351	0.6243	53.7713327333	45.2096