HKL Value		Reward		TotalReward	Chi Squared	Z Appr. 	Error	Two-Thetas	Sfs2
1 5 7			0.0		0.0		0.0		0.3	0.6035	54.1236034243	4.2528
3 1 1			0.0		0.0		15.77		0.33536	0.5239	28.3131072915	41.7464
6 4 0			1.0		1.0		7.89		0.33536	1.8287	67.0910631577	58.6803
3 3 7			0.46		1.46		5.41		0.33785	0.1558	47.1418707618	3.5073
5 3 3			-0.54		0.92		11.68		0.33739	0.9351	54.4936931553	89.9375
3 1 15			0.15		1.07		10.18		0.34736	0.2871	67.3554895111	7.7692
4 6 0			0.2		1.27		8.49		0.34736	0.7863	67.1083315067	59.4729
5 3 7			0.14		1.4		7.47		0.34718	0.2523	60.5057581853	5.4388
2 0 14			0.12		1.52		6.66		0.34793	0.2634	58.6945218607	7.3942
2 4 6			0.1		1.63		6.04		0.34758	0.785	46.7364348384	64.2552
0 2 14			0.1		1.73		5.48		0.34805	0.2479	58.6982494177	6.3292
1 3 7			0.08		1.81		5.09		0.34791	0.1893	39.2755843192	5.3372
0 6 8			0.06		1.86		4.82		0.3483	0.7694	64.1950429677	5.6946
7 1 1			-0.06		1.8		5.14		0.34818	0.5207	65.7483230412	25.2044
6 0 2			0.04		1.84		4.96		0.34821	0.2214	55.354768557	5.4487
0 6 2			0.03		1.87		4.82		0.34826	0.2356	55.3895592761	6.1752
4 6 2			0.03		1.89		4.68		0.34822	0.2349	67.657370766	5.5969
6 2 8			-0.56		1.33		10.69		0.36398	3.3751	67.1207225085	222.106
6 0 0			0.03		1.37		10.35		0.36398	0.7256	54.7363985401	55.434
1 5 13			0.06		1.42		9.81		0.36393	1.1973	71.2966048402	12.6128
2 0 16			0.05		1.47		9.32		0.36385	0.5935	67.2372591268	11.8907
3 1 13			0.05		1.52		8.87		0.36378	0.3869	59.4126405656	11.7895
2 0 10			-0.02		1.5		9.08		0.36369	0.6169	42.9543880851	20.236
0 6 16			0.04		1.54		8.7		0.36332	0.4825	89.3859051251	7.6515
0 2 16			0.04		1.59		8.35		0.36352	1.8687	67.2407114996	13.8307
2 4 10			0.01		1.59		8.31		0.36347	0.607	57.0555982332	12.0937
2 2 4			-0.16		1.43		9.93		0.36341	0.7551	29.4672289371	73.6026
2 4 14			0.03		1.46		9.64		0.36319	0.5221	70.6383718296	19.4111
4 2 8			0.02		1.48		9.43		0.36288	0.7605	51.4203212226	2.5419
1 7 7			0.03		1.51		9.18		0.3629	0.4353	72.3061031614	6.1143
6 0 6			0.02		1.53		9.0		0.36266	1.0815	60.1501886982	39.9969
1 1 15			-0.0		1.53		9.02		0.36285	0.656	61.3839959686	20.6242
4 2 14			0.03		1.55		8.8		0.36265	1.2576	70.6282605877	19.9713
3 5 11			-0.13		1.42		10.16		0.36275	1.8915	70.5555824797	206.4699
6 4 2			0.02		1.44		9.92		0.36276	0.2211	67.6401768609	4.8049
6 0 10			0.01		1.46		9.78		0.36271	1.0728	69.1331306246	8.9056
6 4 6			0.03		1.48		9.51		0.36269	0.9247	71.9614498967	41.9809
5 5 1			0.01		1.49		9.42		0.36266	0.5073	65.769247456	23.9531
1 3 15			0.02		1.51		9.25		0.36275	0.2862	67.3623786269	8.1809
0 4 0			-0.58		0.93		21.95		0.36275	6.137	35.7152072575	818.959
7 1 7			0.02		0.96		21.44		0.36276	0.3505	72.2660298289	5.0526
2 2 10			0.0		0.96		21.41		0.36314	0.6429	46.7739448495	44.8949
4 4 10			0.0		0.96		21.4		0.36352	0.6886	66.23802526	47.6672
1 7 1			0.01		0.97		21.16		0.36349	0.5219	65.7901743415	26.2984
0 2 0			-0.03		0.94		21.76		0.36349	1.4407	17.6394681947	177.2483
2 2 8			-0.07		0.87		23.49		0.364	1.8488	40.1384116224	216.1995
2 4 8			0.02		0.89		23.08		0.36377	0.1687	51.4325245866	2.4593
5 3 9			0.01		0.9		22.82		0.36357	0.4833	65.0662013285	20.8409
1 1 13			0.02		0.92		22.34		0.36353	0.3722	52.9310122384	10.9703
3 7 1			0.01		0.93		22.02		0.36351	1.2822	71.5694631273	22.2453
3 5 7			0.02		0.95		21.62		0.36353	0.2309	60.5203777188	5.6046
0 6 0			0.01		0.97		21.32		0.36353	1.4277	54.7714555341	59.4019
0 6 6			0.02		0.98		21.0		0.36335	1.0147	60.183190367	40.9583
5 1 9			0.01		0.99		20.74		0.36313	0.4583	58.9619928854	19.0838
0 2 20			0.02		1.01		20.35		0.36316	0.4494	86.0769303832	2.8517
6 0 8			0.02		1.03		20.04		0.36299	2.9234	64.163237895	5.3359
0 6 14			0.01		1.04		19.75		0.36282	0.9096	81.7552219026	27.2955
1 3 13			0.02		1.06		19.4		0.36287	0.3907	59.4200243294	11.5335
4 6 6			0.02		1.08		19.07		0.36285	1.1903	71.9781772466	41.9784
5 1 13			0.02		1.1		18.74		0.36288	0.4567	71.2764535317	11.3258
4 2 10			0.01		1.11		18.54		0.36285	1.1102	57.0442200735	11.3144
1 1 9			0.02		1.12		18.24		0.36284	0.2216	37.1193146943	1.1702
3 1 7			0.02		1.14		17.97		0.36285	0.257	39.2655360855	5.205
0 2 10			0.0		1.14		17.9		0.36281	0.4317	42.9590557724	21.0204
5 1 7			0.01		1.16		17.64		0.36281	0.2609	54.1000446603	4.252
9 1 1			0.01		1.17		17.45		0.3628	0.8793	87.9915459652	19.6393
7 3 1			0.01		1.18		17.29		0.36278	0.5095	71.5359286583	22.1332
3 7 5			0.0		1.18		17.24		0.36299	1.0548	74.7470539899	89.5814
3 5 9			0.01		1.19		17.13		0.36284	0.4755	65.0802252419	19.5165
0 6 10			0.01		1.2		16.94		0.36281	0.8527	69.1637693973	8.5049
3 1 9			0.01		1.21		16.74		0.3627	0.36	45.2950695798	8.7768
4 0 10			-0.0		1.21		16.78		0.36297	0.6243	53.7713327333	45.2096
2 0 4			-0.04		1.16		17.56		0.36302	1.3874	23.4143586184	109.347
0 2 18			0.01		1.18		17.33		0.36304	0.3755	76.3208597895	3.7538
2 0 8			0.01		1.19		17.1		0.36301	0.1665	35.7565424018	1.5727
3 5 1			0.0		1.19		17.05		0.36299	0.5283	53.2544885252	31.9012
0 2 22			-0.0		1.19		17.08		0.36307	1.8317	96.7387030121	97.213
0 6 12			0.01		1.2		16.86		0.36306	0.3425	75.0250979777	1.887
3 3 9			0.01		1.21		16.7		0.36295	0.3816	52.4524123761	12.0632
6 2 4			-0.02		1.19		17.13		0.36291	0.8727	60.3342977717	77.9073
3 1 3			-0.01		1.18		17.23		0.36284	1.2003	30.3814370344	67.5761
3 3 13			0.01		1.19		17.02		0.36279	0.5636	65.4922780779	9.1158
2 0 12			0.01		1.2		16.89		0.36264	0.8079	50.6101057273	16.6151
6 2 10			-0.0		1.2		16.92		0.36286	0.7103	71.9901825081	43.9921
5 1 1			0.0		1.2		16.85		0.36284	0.5346	46.1701152	26.7419
0 0 20			0.01		1.21		16.75		0.36366	0.4542	83.3712939521	4.3689
6 0 12			0.01		1.22		16.56		0.36366	0.5892	74.995462768	0.9301
1 5 5			-0.02		1.2		16.9		0.36381	1.8923	50.2743192378	127.3636
3 3 15			0.01		1.21		16.71		0.36382	0.3402	73.0835579415	3.8877
0 6 4			-0.0		1.21		16.78		0.36384	0.6675	57.2171401797	42.9768
0 0 18			0.01		1.22		16.65		0.36391	0.6609	73.530655613	37.988
4 2 0			0.0		1.22		16.61		0.36391	0.9287	40.0811891304	86.5118
0 4 20			0.01		1.23		16.43		0.36387	1.027	94.1654323607	18.6345
0 4 10			-0.0		1.23		16.44		0.364	0.9893	53.7871001638	44.1425
0 2 8			0.01		1.24		16.27		0.36398	0.1155	35.7619852008	1.7384
4 0 14			-0.01		1.23		16.48		0.36374	1.986	67.7459682929	124.3248
0 0 14			-0.0		1.23		16.5		0.36358	0.8389	55.4890953336	74.9432
4 2 12			0.01		1.24		16.35		0.36355	0.2244	63.468523569	4.7972
5 3 1			0.0		1.24		16.33		0.36355	0.5252	53.2386121167	32.835
1 3 1			-0.0		1.24		16.36		0.36354	0.5324	28.3265170018	42.1271
0 4 16			0.01		1.24		16.22		0.36368	1.5557	75.7704700384	94.8658
1 1 7			0.01		1.25		16.08		0.36369	0.2012	29.7561292971	6.5386