HKL Value		Reward		TotalReward	Chi Squared	Z Appr. 	Error	Two-Thetas	Sfs2
1 5 7			0.0		0.0		0.0		0.3	0.6035	54.1236034243	4.2528
6 4 0			0.0		0.0		0.01		0.33737	1.8287	67.0910631577	58.6803
2 4 10			-1.0		-1.0		2.91		0.34788	0.607	57.0555982332	12.0937
0 4 12			0.09		-0.91		2.67		0.33622	1.4889	60.4300914167	161.7651
4 2 4			-0.81		-1.71		13.8		0.33904	0.7624	43.1345383828	64.2766
1 3 7			0.25		-1.46		11.05		0.33864	0.1893	39.2755843192	5.3372
2 0 16			0.1		-1.36		10.01		0.34039	0.5935	67.2372591268	11.8907
5 3 7			0.16		-1.2		8.62		0.33995	0.2523	60.5057581853	5.4388
1 1 7			0.14		-1.06		7.56		0.33969	0.2012	29.7561292971	6.5386
6 0 12			-0.38		-1.44		12.28		0.35457	0.5892	74.995462768	0.9301
5 1 7			0.1		-1.34		11.2		0.35454	0.2609	54.1000446603	4.252
1 3 5			-0.42		-1.76		19.14		0.35667	3.1323	34.189462707	190.138
1 1 9			0.09		-1.67		17.56		0.35705	0.2216	37.1193146943	1.1702
4 6 0			0.08		-1.59		16.22		0.35705	0.7863	67.1083315067	59.4729
3 3 7			0.07		-1.51		15.12		0.35705	0.1558	47.1418707618	3.5073
1 7 7			0.06		-1.45		14.28		0.35705	0.4353	72.3061031614	6.1143
0 2 14			0.06		-1.39		13.45		0.35704	0.2479	58.6982494177	6.3292
2 0 14			0.06		-1.33		12.69		0.35702	0.2634	58.6945218607	7.3942
6 4 2			0.05		-1.29		12.11		0.35702	0.2211	67.6401768609	4.8049
3 1 13			0.04		-1.24		11.6		0.36185	0.3869	59.4126405656	11.7895
0 2 8			0.05		-1.19		11.02		0.36169	0.1155	35.7619852008	1.7384
0 6 8			0.04		-1.14		10.55		0.35977	0.7694	64.1950429677	5.6946
5 1 5			-0.14		-1.28		12.27		0.3633	1.1901	50.2495039981	127.1383
4 2 8			0.03		-1.25		11.89		0.36215	0.7605	51.4203212226	2.5419
4 6 2			0.03		-1.22		11.51		0.36216	0.2349	67.657370766	5.5969
0 2 18			0.04		-1.18		11.1		0.36223	0.3755	76.3208597895	3.7538
0 0 22			0.03		-1.15		10.76		0.36273	2.2765	94.0325860765	137.6091
4 0 12			-0.17		-1.32		12.89		0.35844	2.7435	60.4154589103	161.2613
6 0 2			0.03		-1.29		12.5		0.35849	0.2214	55.354768557	5.4487
0 0 6			-0.51		-1.79		25.45		0.35588	7.4326	23.0169618987	709.6598
7 1 7			0.03		-1.76		24.66		0.35587	0.3505	72.2660298289	5.0526
0 2 20			0.03		-1.73		23.87		0.35578	0.4494	86.0769303832	2.8517
5 1 3			0.0		-1.73		23.87		0.35564	0.9592	47.5591860667	88.1873
0 6 2			0.03		-1.7		23.22		0.35566	0.2356	55.3895592761	6.1752
1 5 13			0.02		-1.68		22.7		0.35593	1.1973	71.2966048402	12.6128
1 3 13			0.02		-1.65		22.18		0.35625	0.3907	59.4200243294	11.5335
0 2 16			0.02		-1.64		21.78		0.35669	1.8687	67.2407114996	13.8307
3 5 7			0.03		-1.61		21.25		0.35669	0.2309	60.5203777188	5.6046
6 0 6			0.03		-1.59		20.71		0.3565	1.0815	60.1501886982	39.9969
0 0 4			-0.02		-1.61		21.21		0.35635	0.8482	15.2869714585	59.1035
0 6 16			0.02		-1.59		20.77		0.3567	0.4825	89.3859051251	7.6515
3 1 7			0.02		-1.56		20.31		0.3567	0.257	39.2655360855	5.205
4 2 14			0.02		-1.54		19.84		0.3567	1.2576	70.6282605877	19.9713
6 0 0			0.02		-1.52		19.48		0.3567	0.7256	54.7363985401	55.434
2 0 8			0.02		-1.5		19.04		0.35677	0.1665	35.7565424018	1.5727
6 4 6			0.02		-1.48		18.64		0.35712	0.9247	71.9614498967	41.9809
2 6 0			-0.23		-1.71		24.23		0.35712	4.3567	58.0028534629	558.9791
3 1 9			0.02		-1.69		23.72		0.35692	0.36	45.2950695798	8.7768
0 4 4			-0.02		-1.71		24.25		0.35667	0.8482	39.0545896029	78.0016
1 1 13			0.02		-1.69		23.83		0.35715	0.3722	52.9310122384	10.9703
0 6 6			0.02		-1.67		23.38		0.35691	1.0147	60.183190367	40.9583
1 3 9			0.02		-1.65		22.92		0.35687	0.2622	45.3040218183	7.1674
2 2 16			-0.0		-1.65		22.96		0.36031	1.1693	70.1293332912	108.6018
2 4 8			0.02		-1.64		22.56		0.35997	0.1687	51.4325245866	2.4593
4 6 6			0.02		-1.62		22.14		0.36004	1.1903	71.9781772466	41.9784
5 5 7			0.02		-1.6		21.76		0.36005	0.6639	72.2860687267	4.3062
1 1 5			-0.07		-1.67		23.44		0.36111	1.9661	22.8949597146	247.5537
6 0 8			0.02		-1.66		23.06		0.3609	2.9234	64.163237895	5.3359
4 2 6			0.01		-1.64		22.79		0.36052	1.6049	46.7233273538	62.1975
4 0 6			-0.16		-1.81		27.29		0.35877	5.3963	42.900258124	488.2208
0 2 12			0.02		-1.79		26.89		0.35819	0.3827	50.6142203783	17.5707
3 1 15			0.01		-1.78		26.51		0.35827	0.2871	67.3554895111	7.7692
1 1 17			-0.03		-1.81		27.23		0.35655	2.447	70.2810461715	248.4175
0 6 10			0.01		-1.79		26.85		0.35647	0.8527	69.1637693973	8.5049
3 3 11			-0.04		-1.83		27.86		0.35732	2.1204	58.6030846927	249.5822
4 2 12			0.02		-1.81		27.43		0.35736	0.2244	63.468523569	4.7972
2 4 6			0.01		-1.8		27.1		0.35714	0.785	46.7364348384	64.2552
5 5 1			0.01		-1.79		26.78		0.35711	0.5073	65.769247456	23.9531
2 0 12			0.01		-1.77		26.4		0.3569	0.8079	50.6101057273	16.6151
5 1 13			0.01		-1.76		26.08		0.35709	0.4567	71.2764535317	11.3258
0 4 8			-0.05		-1.81		27.33		0.35794	4.1351	47.9021960727	235.0989
1 1 15			0.01		-1.8		27.12		0.35813	0.656	61.3839959686	20.6242
5 5 3			0.0		-1.8		27.05		0.35804	0.8107	66.8760743485	64.1048
2 4 14			0.01		-1.78		26.69		0.35803	0.5221	70.6383718296	19.4111
1 3 15			0.01		-1.77		26.39		0.35808	0.2862	67.3623786269	8.1809
6 4 4			0.01		-1.77		26.23		0.35816	0.6669	69.2748711385	33.991
1 5 9			0.01		-1.75		25.9		0.35795	0.4394	58.984264935	17.7365
0 0 16			-0.0		-1.75		25.94		0.35943	1.3342	64.286058028	116.6634
4 4 10			0.0		-1.75		25.93		0.35969	0.6886	66.23802526	47.6672
4 4 12			-0.0		-1.76		26.03		0.35859	1.9475	72.2035773977	130.2426
4 2 10			0.01		-1.75		25.77		0.35851	1.1102	57.0442200735	11.3144
3 3 3			0.0		-1.75		25.74		0.3584	0.8081	39.7679129272	70.9373
0 6 14			0.01		-1.74		25.45		0.35836	0.9096	81.7552219026	27.2955
0 0 20			-0.01		-1.74		25.67		0.36165	0.4542	83.3712939521	4.3689
3 5 9			0.01		-1.74		25.46		0.36156	0.4755	65.0802252419	19.5165
3 3 13			0.01		-1.72		25.16		0.36158	0.5636	65.4922780779	9.1158
6 0 10			0.01		-1.71		24.92		0.36156	1.0728	69.1331306246	8.9056
9 1 1			0.01		-1.7		24.7		0.36155	0.8793	87.9915459652	19.6393
0 0 14			0.0		-1.7		24.59		0.36143	0.8389	55.4890953336	74.9432
0 0 18			0.01		-1.69		24.38		0.36144	0.6609	73.530655613	37.988
3 3 9			0.01		-1.68		24.15		0.36138	0.3816	52.4524123761	12.0632
5 1 9			0.01		-1.67		23.94		0.36128	0.4583	58.9619928854	19.0838
0 0 10			0.0		-1.67		23.9		0.36138	0.8316	38.8438017949	41.7013
7 1 1			0.01		-1.67		23.75		0.36138	0.5207	65.7483230412	25.2044
5 1 11			-0.02		-1.68		24.14		0.36145	3.2753	64.7131722767	203.727
2 2 6			-0.13		-1.81		27.82		0.36106	8.3224	34.2684003079	615.2447
3 3 15			0.01		-1.8		27.55		0.36108	0.3402	73.0835579415	3.8877
0 4 16			0.01		-1.8		27.34		0.36138	1.5557	75.7704700384	94.8658
0 4 20			0.01		-1.79		27.09		0.36163	1.027	94.1654323607	18.6345
2 2 10			0.0		-1.79		27.03		0.36172	0.6429	46.7739448495	44.8949
6 2 10			0.0		-1.78		26.96		0.36182	0.7103	71.9901825081	43.9921
0 6 0			0.01		-1.78		26.76		0.36182	1.4277	54.7714555341	59.4019