HKL Value		Reward		TotalReward	Chi Squared	Z Appr. 	Error	Two-Thetas	Sfs2
1 5 7			0.0		0.0		0.0		0.3	0.6035	54.1236034243	4.2528
6 4 0			0.0		0.0		0.01		0.33737	1.8287	67.0910631577	58.6803
1 3 7			1.0		1.0		0.01		0.33738	0.1893	39.2755843192	5.3372
1 1 7			-0.04		0.96		0.01		0.3376	0.2012	29.7561292971	6.5386
5 3 7			-0.47		0.49		0.01		0.33731	0.2523	60.5057581853	5.4388
2 6 10			-1.0		-0.51		3.28		0.33335	0.7069	72.0169435829	44.7171
6 4 6			-0.37		-0.88		5.18		0.33335	0.9247	71.9614498967	41.9809
0 4 6			-0.86		-1.74		37.75		0.33335	3.7688	42.9189471786	481.9509
7 3 1			0.13		-1.61		33.52		0.3332	0.5095	71.5359286583	22.1332
4 6 0			0.12		-1.49		29.8		0.3332	0.7863	67.1083315067	59.4729
2 0 10			0.06		-1.43		28.17		0.33302	0.6169	42.9543880851	20.236
5 1 7			0.1		-1.33		25.67		0.33369	0.2609	54.1000446603	4.252
2 6 4			-0.03		-1.36		26.35		0.3324	0.8772	60.3635846112	78.02
3 3 7			0.07		-1.29		24.52		0.33354	0.1558	47.1418707618	3.5073
1 7 7			0.08		-1.21		22.77		0.33361	0.4353	72.3061031614	6.1143
5 5 3			0.01		-1.2		22.46		0.3336	0.8107	66.8760743485	64.1048
0 0 22			-0.08		-1.27		24.4		0.32856	2.2765	94.0325860765	137.6091
0 2 14			0.06		-1.22		23.11		0.32903	0.2479	58.6982494177	6.3292
2 0 14			0.06		-1.16		21.89		0.32935	0.2634	58.6945218607	7.3942
0 6 8			0.06		-1.11		20.74		0.32931	0.7694	64.1950429677	5.6946
6 4 2			0.05		-1.06		19.76		0.32928	0.2211	67.6401768609	4.8049
4 6 2			0.05		-1.01		18.89		0.32926	0.2349	67.657370766	5.5969
6 0 2			0.04		-0.97		18.15		0.32925	0.2214	55.354768557	5.4487
4 2 8			0.04		-0.93		17.51		0.32963	0.7605	51.4203212226	2.5419
1 3 13			0.04		-0.89		16.78		0.32955	0.3907	59.4200243294	11.5335
0 4 0			-0.54		-1.43		36.29		0.32955	6.137	35.7152072575	818.959
0 2 20			0.01		-1.41		35.76		0.33251	0.4494	86.0769303832	2.8517
7 1 7			0.04		-1.38		34.46		0.33261	0.3505	72.2660298289	5.0526
2 0 16			0.03		-1.35		33.48		0.33254	0.5935	67.2372591268	11.8907
3 1 13			0.03		-1.31		32.39		0.33229	0.3869	59.4126405656	11.7895
0 6 2			0.03		-1.28		31.41		0.33229	0.2356	55.3895592761	6.1752
1 5 13			0.03		-1.25		30.46		0.33204	1.1973	71.2966048402	12.6128
0 2 16			0.02		-1.23		29.77		0.33191	1.8687	67.2407114996	13.8307
1 3 11			-0.17		-1.4		35.99		0.33297	2.4293	52.0561920156	298.4303
3 5 7			0.03		-1.37		34.94		0.3331	0.2309	60.5203777188	5.6046
3 1 1			0.02		-1.35		34.38		0.33306	0.5239	28.3131072915	41.7464
6 0 6			0.03		-1.33		33.49		0.33305	1.0815	60.1501886982	39.9969
3 3 13			0.03		-1.3		32.61		0.33282	0.5636	65.4922780779	9.1158
0 6 16			0.02		-1.28		31.86		0.33281	0.4825	89.3859051251	7.6515
3 1 9			0.0		-1.27		31.73		0.33273	0.36	45.2950695798	8.7768
3 3 1			0.02		-1.26		31.19		0.33267	0.5106	38.1558496662	33.1617
4 2 14			0.02		-1.24		30.66		0.33221	1.2576	70.6282605877	19.9713
3 1 7			0.02		-1.22		29.96		0.33244	0.257	39.2655360855	5.205
2 0 8			0.01		-1.2		29.62		0.33411	0.1665	35.7565424018	1.5727
6 0 0			0.02		-1.18		29.06		0.33411	0.7256	54.7363985401	55.434
5 1 3			0.01		-1.18		28.86		0.33411	0.9592	47.5591860667	88.1873
1 1 13			0.02		-1.16		28.29		0.33373	0.3722	52.9310122384	10.9703
5 5 7			0.02		-1.14		27.71		0.33399	0.6639	72.2860687267	4.3062
3 1 15			0.17		-0.97		23.72		0.36204	0.2871	67.3554895111	7.7692
0 6 6			0.02		-0.95		23.31		0.36186	1.0147	60.183190367	40.9583
3 5 5			-0.02		-0.97		23.76		0.36227	1.2751	56.9624934876	133.7285
4 2 6			0.01		-0.96		23.47		0.36203	1.6049	46.7233273538	62.1975
0 2 12			0.01		-0.94		23.14		0.36178	0.3827	50.6142203783	17.5707
2 4 8			0.02		-0.93		22.76		0.36156	0.1687	51.4325245866	2.4593
6 0 8			0.02		-0.91		22.37		0.36137	2.9234	64.163237895	5.3359
6 2 4			-0.02		-0.93		22.87		0.3613	0.8727	60.3342977717	77.9073
0 2 8			0.02		-0.91		22.47		0.36128	0.1155	35.7619852008	1.7384
1 3 5			-0.05		-0.96		23.59		0.36183	3.1323	34.189462707	190.138
4 0 12			-0.03		-0.99		24.4		0.36051	2.7435	60.4154589103	161.2613
0 6 14			0.02		-0.98		24.03		0.36035	0.9096	81.7552219026	27.2955
6 0 12			0.02		-0.96		23.63		0.36035	0.5892	74.995462768	0.9301
0 6 10			0.01		-0.95		23.31		0.36027	0.8527	69.1637693973	8.5049
2 4 6			0.01		-0.94		23.06		0.35986	0.785	46.7364348384	64.2552
4 2 12			0.02		-0.92		22.7		0.35971	0.2244	63.468523569	4.7972
5 5 1			0.01		-0.91		22.44		0.35967	0.5073	65.769247456	23.9531
1 1 15			0.01		-0.9		22.27		0.35996	0.656	61.3839959686	20.6242
3 3 5			-0.03		-0.93		22.84		0.36066	1.3995	42.8396693434	151.0913
1 1 17			-0.04		-0.96		23.72		0.35856	2.447	70.2810461715	248.4175
2 4 14			0.01		-0.95		23.38		0.35852	0.5221	70.6383718296	19.4111
1 3 9			0.01		-0.93		23.05		0.35844	0.2622	45.3040218183	7.1674
2 4 4			-0.01		-0.94		23.29		0.35853	0.8182	43.1484985256	64.6996
2 2 14			0.0		-0.94		23.26		0.35838	1.0835	61.7979105177	101.9829
2 2 4			-0.02		-0.96		23.62		0.35829	0.7551	29.4672289371	73.6026
2 0 12			0.01		-0.95		23.33		0.358	0.8079	50.6101057273	16.6151
1 3 15			0.01		-0.94		23.07		0.35805	0.2862	67.3623786269	8.1809
5 1 13			0.01		-0.92		22.8		0.3583	0.4567	71.2764535317	11.3258
1 5 5			-0.02		-0.94		23.21		0.35882	1.8923	50.2743192378	127.3636
4 6 6			0.01		-0.93		22.92		0.35891	1.1903	71.9781772466	41.9784
1 1 11			-0.07		-1.0		24.74		0.35949	2.144	44.8525636461	378.5934
0 0 20			-0.0		-1.01		24.85		0.36195	0.4542	83.3712939521	4.3689
2 4 0			0.01		-1.0		24.71		0.36195	1.4359	40.0960076051	88.2765
4 2 10			0.01		-0.99		24.48		0.36193	1.1102	57.0442200735	11.3144
0 6 0			0.01		-0.98		24.26		0.36193	1.4277	54.7714555341	59.4019
2 6 0			-0.11		-1.09		27.29		0.36193	4.3567	58.0028534629	558.9791
1 5 9			0.01		-1.08		27.02		0.36184	0.4394	58.984264935	17.7365
3 5 9			0.01		-1.08		26.81		0.36176	0.4755	65.0802252419	19.5165
3 3 15			0.01		-1.06		26.5		0.36178	0.3402	73.0835579415	3.8877
0 0 14			0.0		-1.06		26.38		0.36165	0.8389	55.4890953336	74.9432
5 3 9			0.01		-1.05		26.18		0.36156	0.4833	65.0662013285	20.8409
0 2 4			-0.02		-1.07		26.71		0.36159	1.326	23.4223631322	110.0283
6 0 10			0.01		-1.06		26.47		0.36157	1.0728	69.1331306246	8.9056
2 6 6			-0.06		-1.12		28.06		0.36127	5.383	63.2392339525	346.2148
9 1 1			0.01		-1.11		27.81		0.36127	0.8793	87.9915459652	19.6393
3 3 11			-0.02		-1.13		28.41		0.36135	2.1204	58.6030846927	249.5822
2 4 10			0.01		-1.12		28.18		0.36133	0.607	57.0555982332	12.0937
5 3 3			-0.0		-1.13		28.27		0.36129	0.9351	54.4936931553	89.9375
3 3 9			0.01		-1.12		28.01		0.36123	0.3816	52.4524123761	12.0632
0 0 18			0.01		-1.11		27.79		0.36123	0.6609	73.530655613	37.988
0 2 18			0.01		-1.1		27.52		0.36123	0.3755	76.3208597895	3.7538
3 5 1			0.01		-1.09		27.37		0.36123	0.5283	53.2544885252	31.9012
0 4 16			0.01		-1.09		27.17		0.36151	1.5557	75.7704700384	94.8658
5 3 1			0.0		-1.08		27.04		0.36149	0.5252	53.2386121167	32.835