HKL Value		Reward		TotalReward	Chi Squared	Z Appr. 	Error	Two-Thetas	Sfs2
1 5 7			0.0		0.0		0.0		0.3	0.6035	54.1236034243	4.2528
0 0 20			0.0		0.0		0.64		0.33361	0.4542	83.3712939521	4.3689
6 4 0			0.96		0.96		0.33		0.33361	1.8287	67.0910631577	58.6803
5 5 7			-0.49		0.47		0.64		0.3341	0.6639	72.2860687267	4.3062
4 6 0			0.3		0.77		0.49		0.3341	0.7863	67.1083315067	59.4729
7 3 5			-0.95		-0.18		10.24		0.33477	1.0496	74.7140851895	88.0788
0 4 18			-0.82		-1.0		57.1		0.34311	0.8369	84.5238780681	17.4513
0 0 2			-0.05		-1.05		59.95		0.34315	1.161	7.62646333295	98.931
5 3 7			0.14		-0.91		52.55		0.34313	0.2523	60.5057581853	5.4388
1 3 7			0.12		-0.78		46.78		0.3431	0.1893	39.2755843192	5.3372
2 0 6			0.08		-0.7		43.34		0.343	1.6278	29.1406672869	128.8477
3 1 11			-0.22		-0.93		55.88		0.34407	2.3814	52.0481274199	292.2152
4 2 14			0.07		-0.85		51.99		0.34437	1.2576	70.6282605877	19.9713
3 3 7			0.08		-0.77		48.01		0.34437	0.1558	47.1418707618	3.5073
0 2 14			0.07		-0.7		44.73		0.34452	0.2479	58.6982494177	6.3292
0 6 8			0.07		-0.63		41.93		0.34457	0.7694	64.1950429677	5.6946
6 0 2			0.06		-0.57		39.47		0.34457	0.2214	55.354768557	5.4487
4 4 4			-0.01		-0.57		39.74		0.34441	0.8476	53.9354251327	76.9211
4 6 2			0.06		-0.52		37.67		0.34439	0.2349	67.657370766	5.5969
0 6 2			0.05		-0.47		35.85		0.34439	0.2356	55.3895592761	6.1752
2 0 14			0.05		-0.42		34.2		0.34457	0.2634	58.6945218607	7.3942
0 6 16			0.05		-0.37		32.62		0.34456	0.4825	89.3859051251	7.6515
2 4 0			0.03		-0.34		31.76		0.34456	1.4359	40.0960076051	88.2765
0 2 4			-0.06		-0.41		33.9		0.34471	1.326	23.4223631322	110.0283
4 2 4			-0.01		-0.42		34.34		0.34486	0.7624	43.1345383828	64.2766
6 0 0			0.04		-0.38		33.16		0.34486	0.7256	54.7363985401	55.434
0 6 12			0.96		0.58		16.89		0.36443	0.3425	75.0250979777	1.887
7 1 1			0.01		0.59		16.66		0.36441	0.5207	65.7483230412	25.2044
2 4 6			0.01		0.6		16.5		0.36413	0.785	46.7364348384	64.2552
1 5 13			0.04		0.64		15.93		0.3641	1.1973	71.2966048402	12.6128
2 0 16			0.03		0.67		15.4		0.36406	0.5935	67.2372591268	11.8907
2 4 14			0.03		0.7		14.99		0.36393	0.5221	70.6383718296	19.4111
4 2 8			0.02		0.72		14.66		0.36377	0.7605	51.4203212226	2.5419
1 3 11			-0.18		0.55		17.79		0.36376	2.4293	52.0561920156	298.4303
3 1 13			0.03		0.58		17.27		0.36375	0.3869	59.4126405656	11.7895
3 5 5			-0.04		0.54		18.0		0.36399	1.2751	56.9624934876	133.7285
6 0 6			0.02		0.56		17.62		0.36388	1.0815	60.1501886982	39.9969
0 2 16			0.03		0.59		17.15		0.36392	1.8687	67.2407114996	13.8307
2 4 10			0.02		0.6		16.89		0.36391	0.607	57.0555982332	12.0937
1 7 7			0.02		0.62		16.52		0.36392	0.4353	72.3061031614	6.1143
6 4 2			0.02		0.65		16.16		0.36392	0.2211	67.6401768609	4.8049
1 1 7			0.02		0.67		15.8		0.36393	0.2012	29.7561292971	6.5386
7 1 7			0.02		0.69		15.46		0.36395	0.3505	72.2660298289	5.0526
6 4 6			0.02		0.71		15.11		0.36392	0.9247	71.9614498967	41.9809
6 0 8			0.02		0.73		14.85		0.36381	2.9234	64.163237895	5.3359
3 1 15			0.02		0.75		14.57		0.36384	0.2871	67.3554895111	7.7692
5 5 1			0.01		0.76		14.39		0.36382	0.5073	65.769247456	23.9531
1 3 15			0.02		0.78		14.14		0.36386	0.2862	67.3623786269	8.1809
2 4 8			0.01		0.79		13.95		0.36373	0.1687	51.4325245866	2.4593
1 1 15			0.01		0.8		13.85		0.36378	0.656	61.3839959686	20.6242
3 5 7			0.02		0.82		13.61		0.36379	0.2309	60.5203777188	5.6046
1 3 3			-0.02		0.8		13.82		0.36374	0.7045	30.3940112777	66.1614
1 1 13			0.02		0.82		13.56		0.36371	0.3722	52.9310122384	10.9703
1 5 5			-0.04		0.78		14.16		0.36391	1.8923	50.2743192378	127.3636
0 0 4			-0.03		0.75		14.67		0.36389	0.8482	15.2869714585	59.1035
5 1 9			0.01		0.75		14.54		0.36378	0.4583	58.9619928854	19.0838
5 1 7			0.02		0.77		14.3		0.36378	0.2609	54.1000446603	4.252
0 2 20			0.02		0.79		14.05		0.36375	0.4494	86.0769303832	2.8517
2 0 2			-0.01		0.77		14.26		0.36374	0.6502	19.2320929378	35.9547
4 0 2			-0.08		0.69		15.49		0.36381	1.7854	36.5531212028	138.5255
0 6 6			0.01		0.71		15.31		0.36372	1.0147	60.183190367	40.9583
0 0 12			-0.12		0.58		17.43		0.36318	3.2426	47.0346015839	274.3783
4 0 6			-0.21		0.38		21.98		0.36275	5.3963	42.900258124	488.2208
0 6 0			0.01		0.39		21.74		0.36275	1.4277	54.7714555341	59.4019
0 6 14			0.01		0.4		21.45		0.36266	0.9096	81.7552219026	27.2955
1 1 9			0.02		0.42		21.13		0.36266	0.2216	37.1193146943	1.1702
3 1 7			0.01		0.43		20.83		0.36266	0.257	39.2655360855	5.205
5 1 13			0.02		0.45		20.52		0.36269	0.4567	71.2764535317	11.3258
0 2 10			0.0		0.45		20.42		0.36266	0.4317	42.9590557724	21.0204
2 0 8			0.01		0.47		20.13		0.36264	0.1665	35.7565424018	1.5727
5 3 9			0.01		0.47		19.98		0.36254	0.4833	65.0662013285	20.8409
0 4 16			0.01		0.49		19.76		0.3628	1.5557	75.7704700384	94.8658
1 3 13			0.01		0.5		19.49		0.36282	0.3907	59.4200243294	11.5335
0 2 12			0.01		0.51		19.32		0.36273	0.3827	50.6142203783	17.5707
4 2 10			0.01		0.52		19.14		0.36271	1.1102	57.0442200735	11.3144
0 6 10			0.01		0.53		18.95		0.3627	0.8527	69.1637693973	8.5049
1 7 3			-0.01		0.52		19.08		0.36265	0.9932	66.8968211493	90.2271
2 2 14			-0.0		0.52		19.16		0.36245	1.0835	61.7979105177	101.9829
3 1 1			-0.0		0.52		19.17		0.36244	0.5239	28.3131072915	41.7464