HKL Value		Reward		TotalReward	Chi Squared	Z Appr. 	Error	Two-Thetas	Sfs2
1 5 7			0.0		0.0		0.0		0.3	0.6035	54.1236034243	4.2528
6 4 0			0.0		0.0		0.01		0.33737	1.8287	67.0910631577	58.6803
5 3 7			-0.03		-0.03		0.01		0.33689	0.2523	60.5057581853	5.4388
4 6 0			-0.42		-0.44		0.02		0.33689	0.7863	67.1083315067	59.4729
7 1 3			-1.0		-1.44		5.8		0.3365	1.4031	66.8553232335	91.2915
6 4 6			-0.09		-1.52		6.33		0.35767	0.9247	71.9614498967	41.9809
2 6 2			-0.67		-2.19		19.13		0.3653	1.2892	58.5985395934	134.3564
1 3 7			0.15		-2.04		16.57		0.36702	0.1893	39.2755843192	5.3372
2 0 14			0.14		-1.9		14.54		0.36414	0.2634	58.6945218607	7.3942
1 1 7			0.11		-1.79		13.09		0.36468	0.2012	29.7561292971	6.5386
0 2 14			0.11		-1.68		11.78		0.36437	0.2479	58.6982494177	6.3292
4 0 12			-0.05		-1.73		12.46		0.33508	2.7435	60.4154589103	161.2613
4 6 2			0.08		-1.65		11.58		0.33497	0.2349	67.657370766	5.5969
0 6 8			0.07		-1.58		10.8		0.33454	0.7694	64.1950429677	5.6946
2 0 6			0.01		-1.58		10.74		0.33447	1.6278	29.1406672869	128.8477
0 4 14			-0.21		-1.79		13.66		0.34928	1.2337	67.7597167724	121.3788
5 3 11			-0.22		-2.01		17.55		0.35293	1.8677	70.5420870211	204.0714
3 3 7			0.06		-1.95		16.56		0.3529	0.1558	47.1418707618	3.5073
6 0 2			0.05		-1.9		15.77		0.35295	0.2214	55.354768557	5.4487
0 6 2			0.05		-1.86		15.09		0.353	0.2356	55.3895592761	6.1752
2 4 12			0.04		-1.81		14.49		0.35462	0.2205	63.4791913795	4.8908
2 2 10			-0.04		-1.85		15.07		0.35491	0.6429	46.7739448495	44.8949
1 5 1			0.01		-1.84		14.9		0.35484	0.4978	46.196563203	27.3004
3 1 13			0.03		-1.81		14.49		0.35523	0.3869	59.4126405656	11.7895
2 0 16			0.02		-1.79		14.17		0.35561	0.5935	67.2372591268	11.8907
6 0 0			0.03		-1.76		13.79		0.35561	0.7256	54.7363985401	55.434
4 0 8			-0.23		-1.99		17.91		0.35997	2.9483	47.8850437629	244.3799
3 1 9			0.04		-1.96		17.29		0.35938	0.36	45.2950695798	8.7768
2 4 14			0.04		-1.92		16.7		0.3592	0.5221	70.6383718296	19.4111
1 1 17			-0.1		-2.02		18.58		0.35606	2.447	70.2810461715	248.4175
4 2 8			0.03		-1.99		17.97		0.356	0.7605	51.4203212226	2.5419
0 2 16			0.02		-1.97		17.64		0.35633	1.8687	67.2407114996	13.8307
1 7 7			0.03		-1.94		17.17		0.35632	0.4353	72.3061031614	6.1143
1 5 13			0.02		-1.92		16.8		0.35679	1.1973	71.2966048402	12.6128
4 2 14			0.03		-1.89		16.33		0.3568	1.2576	70.6282605877	19.9713
6 0 6			0.03		-1.86		15.88		0.35661	1.0815	60.1501886982	39.9969
6 4 2			0.02		-1.84		15.5		0.35661	0.2211	67.6401768609	4.8049
6 0 12			0.02		-1.82		15.14		0.35739	0.5892	74.995462768	0.9301
3 1 11			-0.15		-1.97		17.88		0.35839	2.3814	52.0481274199	292.2152
5 1 7			0.02		-1.95		17.46		0.35839	0.2609	54.1000446603	4.252
2 4 6			0.02		-1.93		17.19		0.35806	0.785	46.7364348384	64.2552
2 4 10			0.02		-1.91		16.91		0.35796	0.607	57.0555982332	12.0937
2 2 4			-0.04		-1.96		17.68		0.35784	0.7551	29.4672289371	73.6026
7 1 7			0.02		-1.94		17.31		0.35784	0.3505	72.2660298289	5.0526
3 1 15			0.02		-1.92		17.01		0.35791	0.2871	67.3554895111	7.7692
3 5 7			0.02		-1.9		16.68		0.35791	0.2309	60.5203777188	5.6046
1 3 15			0.02		-1.88		16.41		0.35799	0.2862	67.3623786269	8.1809
2 4 8			0.02		-1.86		16.08		0.35783	0.1687	51.4325245866	2.4593
1 1 15			0.0		-1.86		16.01		0.35809	0.656	61.3839959686	20.6242
4 2 10			0.01		-1.84		15.79		0.35798	1.1102	57.0442200735	11.3144
0 6 16			0.02		-1.83		15.53		0.35834	0.4825	89.3859051251	7.6515
1 5 3			-0.01		-1.83		15.67		0.35818	0.9511	47.585042181	85.8034
5 5 1			0.01		-1.82		15.48		0.35813	0.5073	65.769247456	23.9531
5 3 1			0.0		-1.82		15.45		0.35808	0.5252	53.2386121167	32.835
1 1 13			0.02		-1.81		15.22		0.35843	0.3722	52.9310122384	10.9703
4 4 6			-0.17		-1.98		18.37		0.35701	4.3817	57.0116572758	400.3855
1 3 13			0.01		-1.96		18.12		0.35734	0.3907	59.4200243294	11.5335
6 0 8			0.02		-1.95		17.8		0.35725	2.9234	64.163237895	5.3359
2 6 10			-0.01		-1.95		17.92		0.35758	0.7069	72.0169435829	44.7171
0 2 20			0.02		-1.93		17.62		0.3574	0.4494	86.0769303832	2.8517
2 0 8			0.02		-1.92		17.33		0.35743	0.1665	35.7565424018	1.5727
1 1 9			0.02		-1.9		17.05		0.35748	0.2216	37.1193146943	1.1702
0 6 14			0.01		-1.89		16.8		0.35748	0.9096	81.7552219026	27.2955
5 1 13			0.01		-1.87		16.59		0.35779	0.4567	71.2764535317	11.3258
3 1 7			0.01		-1.86		16.35		0.35779	0.257	39.2655360855	5.205
5 1 9			0.01		-1.85		16.13		0.35749	0.4583	58.9619928854	19.0838
0 6 6			0.01		-1.83		15.91		0.35733	1.0147	60.183190367	40.9583
5 3 9			0.01		-1.82		15.74		0.35696	0.4833	65.0662013285	20.8409
9 1 1			0.01		-1.81		15.58		0.35693	0.8793	87.9915459652	19.6393
4 6 6			0.01		-1.8		15.37		0.35708	1.1903	71.9781772466	41.9784
0 6 0			0.01		-1.79		15.24		0.35708	1.4277	54.7714555341	59.4019
0 0 4			-0.02		-1.81		15.6		0.357	0.8482	15.2869714585	59.1035
0 2 18			0.01		-1.8		15.39		0.35691	0.3755	76.3208597895	3.7538
0 6 10			0.01		-1.79		15.23		0.35683	0.8527	69.1637693973	8.5049
3 3 15			0.01		-1.78		15.05		0.35681	0.3402	73.0835579415	3.8877
7 1 1			0.0		-1.77		14.98		0.35678	0.5207	65.7483230412	25.2044
3 5 9			0.01		-1.76		14.83		0.35645	0.4755	65.0802252419	19.5165
7 3 1			0.01		-1.75		14.71		0.35642	0.5095	71.5359286583	22.1332
4 4 0			-0.21		-1.97		18.71		0.35642	4.9852	51.3853572345	648.027
0 4 20			-0.0		-1.97		18.77		0.35934	1.027	94.1654323607	18.6345
0 0 20			-0.01		-1.98		19.01		0.36168	0.4542	83.3712939521	4.3689