HKL Value		Reward		TotalReward	Chi Squared	Z Appr. 	Error	Two-Thetas	Sfs2
1 5 7			0.0		0.0		0.0		0.3	0.6035	54.1236034243	4.2528
6 4 0			0.0		0.0		0.01		0.33737	1.8287	67.0910631577	58.6803
1 3 7			1.0		1.0		0.01		0.33738	0.1893	39.2755843192	5.3372
5 3 7			-0.38		0.62		0.01		0.33706	0.2523	60.5057581853	5.4388
1 1 7			-0.18		0.44		0.01		0.33731	0.2012	29.7561292971	6.5386
4 6 0			-0.31		0.12		0.02		0.33731	0.7863	67.1083315067	59.4729
5 1 7			0.2		0.32		0.02		0.33732	0.2609	54.1000446603	4.252
3 3 7			-0.68		-0.36		0.05		0.33793	0.1558	47.1418707618	3.5073
7 3 5			-0.88		-1.24		0.41		0.37741	1.0496	74.7140851895	88.0788
1 7 7			0.07		-1.17		0.39		0.37767	0.4353	72.3061031614	6.1143
4 2 2			-0.58		-1.75		0.92		0.37789	0.457	40.8620305525	12.2524
4 2 8			-0.5		-2.25		1.84		0.37883	0.7605	51.4203212226	2.5419
0 6 8			-0.21		-2.46		2.33		0.37967	0.7694	64.1950429677	5.6946
0 2 14			0.07		-2.39		2.17		0.38018	0.2479	58.6982494177	6.3292
2 0 14			0.06		-2.33		2.05		0.3806	0.2634	58.6945218607	7.3942
6 4 2			0.02		-2.31		2.01		0.38066	0.2211	67.6401768609	4.8049
5 1 11			-0.67		-2.98		6.17		0.3636	3.2753	64.7131722767	203.727
4 6 2			0.03		-2.95		5.96		0.36363	0.2349	67.657370766	5.5969
2 6 2			-0.41		-3.36		10.16		0.36458	1.2892	58.5985395934	134.3564
6 0 2			0.05		-3.31		9.7		0.36471	0.2214	55.354768557	5.4487
4 0 12			-0.23		-3.54		12.59		0.35423	2.7435	60.4154589103	161.2613
1 3 13			0.03		-3.51		12.24		0.356	0.3907	59.4200243294	11.5335
4 6 4			-0.01		-3.52		12.32		0.35753	1.0731	69.291881243	33.3045
2 0 16			0.03		-3.49		11.91		0.36111	0.5935	67.2372591268	11.8907
0 2 20			0.04		-3.44		11.44		0.36171	0.4494	86.0769303832	2.8517
3 1 13			0.04		-3.4		11.0		0.36219	0.3869	59.4126405656	11.7895
0 2 16			0.04		-3.37		10.62		0.3627	1.8687	67.2407114996	13.8307
0 6 2			0.03		-3.34		10.3		0.36274	0.2356	55.3895592761	6.1752
0 6 6			0.02		-3.32		10.08		0.36242	1.0147	60.183190367	40.9583
1 5 13			0.03		-3.28		9.74		0.36262	1.1973	71.2966048402	12.6128
6 0 6			0.02		-3.26		9.53		0.36235	1.0815	60.1501886982	39.9969
7 1 7			0.03		-3.23		9.28		0.36238	0.3505	72.2660298289	5.0526
3 5 7			0.03		-3.21		9.05		0.3624	0.2309	60.5203777188	5.6046
3 1 9			0.02		-3.18		8.86		0.36217	0.36	45.2950695798	8.7768
0 0 20			-0.0		-3.19		8.86		0.36383	0.4542	83.3712939521	4.3689
6 2 6			-0.35		-3.54		13.66		0.36334	3.9921	63.2107357729	344.5633
4 2 14			0.02		-3.51		13.35		0.36324	1.2576	70.6282605877	19.9713
6 4 6			0.03		-3.49		12.99		0.36322	0.9247	71.9614498967	41.9809
3 1 7			0.02		-3.46		12.68		0.36323	0.257	39.2655360855	5.205
6 0 8			0.02		-3.44		12.44		0.36312	2.9234	64.163237895	5.3359
2 0 8			0.03		-3.42		12.13		0.3631	0.1665	35.7565424018	1.5727
0 6 16			0.02		-3.39		11.84		0.36303	0.4825	89.3859051251	7.6515
6 0 0			0.01		-3.38		11.67		0.36303	0.7256	54.7363985401	55.434
2 4 8			0.02		-3.36		11.49		0.3629	0.1687	51.4325245866	2.4593
3 1 15			0.02		-3.34		11.29		0.36294	0.2871	67.3554895111	7.7692
1 1 13			0.02		-3.32		11.04		0.36296	0.3722	52.9310122384	10.9703
4 2 6			0.0		-3.32		11.01		0.36283	1.6049	46.7233273538	62.1975
0 2 12			0.01		-3.31		10.93		0.36271	0.3827	50.6142203783	17.5707
0 2 8			0.02		-3.29		10.7		0.3627	0.1155	35.7619852008	1.7384
4 0 8			-0.16		-3.45		12.69		0.36299	2.9483	47.8850437629	244.3799
4 2 10			0.01		-3.44		12.56		0.36296	1.1102	57.0442200735	11.3144
6 0 12			0.02		-3.42		12.32		0.36296	0.5892	74.995462768	0.9301
0 4 10			-0.01		-3.43		12.44		0.36312	0.9893	53.7871001638	44.1425
2 4 6			0.0		-3.42		12.41		0.36298	0.785	46.7364348384	64.2552
0 6 14			0.01		-3.41		12.25		0.36288	0.9096	81.7552219026	27.2955
0 6 10			0.01		-3.4		12.11		0.36287	0.8527	69.1637693973	8.5049
1 1 15			0.0		-3.4		12.07		0.36293	0.656	61.3839959686	20.6242
5 5 1			0.01		-3.39		11.97		0.36293	0.5073	65.769247456	23.9531
4 2 12			0.02		-3.37		11.79		0.36288	0.2244	63.468523569	4.7972
5 3 5			-0.05		-3.42		12.34		0.36308	2.2247	56.9473208346	134.0256
2 4 14			0.01		-3.4		12.17		0.36301	0.5221	70.6383718296	19.4111
1 5 3			-0.02		-3.42		12.37		0.36296	0.9511	47.585042181	85.8034
2 0 12			0.01		-3.41		12.28		0.36285	0.8079	50.6101057273	16.6151
4 4 12			-0.04		-3.45		12.82		0.36244	1.9475	72.2035773977	130.2426
1 3 15			0.01		-3.44		12.67		0.36248	0.2862	67.3623786269	8.1809
5 1 13			0.02		-3.43		12.47		0.36251	0.4567	71.2764535317	11.3258
0 4 14			-0.02		-3.45		12.75		0.36228	1.2337	67.7597167724	121.3788
4 6 6			0.02		-3.43		12.56		0.36228	1.1903	71.9781772466	41.9784
3 5 9			0.0		-3.43		12.5		0.36217	0.4755	65.0802252419	19.5165
1 5 9			0.01		-3.42		12.39		0.36207	0.4394	58.984264935	17.7365
3 3 15			0.01		-3.41		12.23		0.36209	0.3402	73.0835579415	3.8877
5 3 9			0.0		-3.4		12.19		0.36198	0.4833	65.0662013285	20.8409
6 0 10			0.01		-3.39		12.09		0.36196	1.0728	69.1331306246	8.9056
1 1 9			0.01		-3.38		11.93		0.36196	0.2216	37.1193146943	1.1702
9 1 1			0.01		-3.37		11.83		0.36194	0.8793	87.9915459652	19.6393
1 7 5			-0.02		-3.39		12.04		0.3621	1.0841	69.0835930101	99.7513
7 1 1			0.0		-3.39		12.02		0.36209	0.5207	65.7483230412	25.2044
2 4 0			-0.0		-3.39		12.04		0.36209	1.4359	40.0960076051	88.2765
2 4 10			0.01		-3.38		11.97		0.36207	0.607	57.0555982332	12.0937
0 6 0			0.01		-3.38		11.9		0.36207	1.4277	54.7714555341	59.4019
3 3 11			-0.07		-3.45		12.8		0.36213	2.1204	58.6030846927	249.5822
2 0 0			-0.03		-3.48		13.21		0.36213	2.02	17.6289686615	175.6782
3 3 9			0.01		-3.47		13.1		0.36206	0.3816	52.4524123761	12.0632
5 1 9			0.01		-3.46		13.01		0.36195	0.4583	58.9619928854	19.0838
0 0 18			0.01		-3.46		12.93		0.36198	0.6609	73.530655613	37.988
3 3 13			0.01		-3.45		12.77		0.36198	0.5636	65.4922780779	9.1158
0 2 10			-0.0		-3.45		12.78		0.36195	0.4317	42.9590557724	21.0204
0 2 18			0.01		-3.44		12.65		0.36195	0.3755	76.3208597895	3.7538
0 4 16			0.01		-3.43		12.57		0.36225	1.5557	75.7704700384	94.8658
5 1 1			0.0		-3.43		12.56		0.36225	0.5346	46.1701152	26.7419
2 2 10			-0.01		-3.44		12.65		0.36237	0.6429	46.7739448495	44.8949
1 3 9			0.01		-3.43		12.53		0.36232	0.2622	45.3040218183	7.1674
0 4 20			0.01		-3.42		12.4		0.36246	1.027	94.1654323607	18.6345
6 2 0			-0.19		-3.61		15.3		0.36246	4.3933	57.9728440251	566.5186
6 2 10			-0.0		-3.61		15.34		0.36257	0.7103	71.9901825081	43.9921
3 1 1			-0.0		-3.61		15.39		0.36256	0.5239	28.3131072915	41.7464