HKL Value		Reward		TotalReward	Chi Squared	Z Appr. 	Error	Two-Thetas	Sfs2
1 5 7			0.0		0.0		0.0		0.3	0.6035	54.1236034243	4.2528
6 4 0			0.0		0.0		0.01		0.33737	1.8287	67.0910631577	58.6803
1 3 7			1.0		1.0		0.01		0.33738	0.1893	39.2755843192	5.3372
0 0 8			-1.0		-0.0		27.65		0.37569	2.1948	30.8548203523	183.9052
5 3 7			0.33		0.33		20.76		0.37605	0.2523	60.5057581853	5.4388
1 1 7			0.25		0.58		16.61		0.37609	0.2012	29.7561292971	6.5386
2 0 6			-0.27		0.31		22.64		0.36549	1.6278	29.1406672869	128.8477
4 2 14			0.15		0.46		19.74		0.36191	1.2576	70.6282605877	19.9713
4 6 0			0.14		0.6		17.28		0.36191	0.7863	67.1083315067	59.4729
7 1 7			0.11		0.72		15.56		0.3621	0.3505	72.2660298289	5.0526
3 3 7			0.11		0.82		14.07		0.36229	0.1558	47.1418707618	3.5073
5 1 7			0.09		0.91		12.91		0.36251	0.2609	54.1000446603	4.252
6 0 2			0.08		0.99		11.98		0.3628	0.2214	55.354768557	5.4487
0 2 14			0.08		1.07		11.06		0.36322	0.2479	58.6982494177	6.3292
0 6 2			0.06		1.13		10.41		0.36345	0.2356	55.3895592761	6.1752
4 0 4			-0.21		0.92		13.18		0.36279	1.2165	39.0343929222	79.1487
0 6 8			0.06		0.98		12.46		0.3608	0.7694	64.1950429677	5.6946
2 0 14			0.06		1.04		11.73		0.36121	0.2634	58.6945218607	7.3942
1 7 7			0.05		1.09		11.22		0.36134	0.4353	72.3061031614	6.1143
4 2 8			0.05		1.14		10.72		0.35911	0.7605	51.4203212226	2.5419
3 1 13			0.04		1.18		10.26		0.36122	0.3869	59.4126405656	11.7895
4 6 2			0.04		1.22		9.9		0.36124	0.2349	67.657370766	5.5969
2 0 16			0.04		1.26		9.49		0.36226	0.5935	67.2372591268	11.8907
6 0 0			0.02		1.28		9.28		0.36226	0.7256	54.7363985401	55.434
6 4 2			0.03		1.32		8.98		0.36227	0.2211	67.6401768609	4.8049
1 5 13			0.04		1.36		8.64		0.36264	1.1973	71.2966048402	12.6128
1 3 13			0.04		1.39		8.31		0.36279	0.3907	59.4200243294	11.5335
0 2 16			0.04		1.43		8.03		0.36312	1.8687	67.2407114996	13.8307
3 5 7			0.03		1.46		7.8		0.36315	0.2309	60.5203777188	5.6046
6 0 6			0.02		1.48		7.67		0.36287	1.0815	60.1501886982	39.9969
3 1 9			0.02		1.5		7.51		0.36266	0.36	45.2950695798	8.7768
3 1 15			0.02		1.52		7.36		0.36277	0.2871	67.3554895111	7.7692
2 4 6			-0.01		1.51		7.45		0.36231	0.785	46.7364348384	64.2552
7 3 1			0.0		1.51		7.42		0.36227	0.5095	71.5359286583	22.1332
1 3 11			-0.31		1.2		10.68		0.36249	2.4293	52.0561920156	298.4303
2 4 14			0.03		1.23		10.42		0.3623	0.5221	70.6383718296	19.4111
6 4 6			0.03		1.26		10.13		0.36229	0.9247	71.9614498967	41.9809
0 6 16			0.03		1.29		9.86		0.36229	0.4825	89.3859051251	7.6515
0 6 10			0.01		1.3		9.72		0.36223	0.8527	69.1637693973	8.5049
3 1 7			0.02		1.32		9.51		0.36225	0.257	39.2655360855	5.205
0 2 20			0.02		1.35		9.28		0.36238	0.4494	86.0769303832	2.8517
2 4 8			0.02		1.36		9.13		0.36214	0.1687	51.4325245866	2.4593
4 0 6			-0.43		0.94		15.93		0.36081	5.3963	42.900258124	488.2208
1 3 15			0.02		0.96		15.64		0.36097	0.2862	67.3623786269	8.1809
1 1 13			0.02		0.98		15.31		0.36124	0.3722	52.9310122384	10.9703
0 6 6			0.02		1.0		15.03		0.361	1.0147	60.183190367	40.9583
1 1 15			0.01		1.0		14.94		0.36125	0.656	61.3839959686	20.6242
2 0 8			0.02		1.02		14.62		0.36123	0.1665	35.7565424018	1.5727
4 2 10			0.01		1.04		14.44		0.36114	1.1102	57.0442200735	11.3144
3 3 9			0.02		1.05		14.22		0.36086	0.3816	52.4524123761	12.0632
6 0 12			0.02		1.07		13.93		0.36085	0.5892	74.995462768	0.9301
0 2 22			-0.01		1.06		14.07		0.36149	1.8317	96.7387030121	97.213
9 1 1			0.01		1.07		13.9		0.36147	0.8793	87.9915459652	19.6393
0 6 14			0.02		1.09		13.69		0.36133	0.9096	81.7552219026	27.2955
5 5 1			0.01		1.1		13.55		0.3613	0.5073	65.769247456	23.9531
0 0 16			-0.0		1.1		13.57		0.36218	1.3342	64.286058028	116.6634
2 4 12			0.02		1.11		13.35		0.36211	0.2205	63.4791913795	4.8908
0 0 20			0.0		1.12		13.33		0.36322	0.4542	83.3712939521	4.3689
0 2 8			0.02		1.13		13.11		0.36321	0.1155	35.7619852008	1.7384
6 0 10			0.01		1.14		12.97		0.36319	1.0728	69.1331306246	8.9056
2 0 12			0.01		1.15		12.87		0.36311	0.8079	50.6101057273	16.6151
3 5 9			0.0		1.16		12.81		0.36303	0.4755	65.0802252419	19.5165
3 3 15			0.02		1.17		12.62		0.36305	0.3402	73.0835579415	3.8877
5 3 9			0.0		1.17		12.58		0.36296	0.4833	65.0662013285	20.8409
0 6 0			0.01		1.18		12.49		0.36296	1.4277	54.7714555341	59.4019
3 5 11			-0.05		1.13		13.12		0.36298	1.8915	70.5555824797	206.4699
4 2 12			0.01		1.15		12.94		0.36295	0.2244	63.468523569	4.7972
6 0 8			0.01		1.16		12.79		0.36288	2.9234	64.163237895	5.3359
5 1 1			0.0		1.16		12.77		0.36287	0.5346	46.1701152	26.7419
0 4 20			0.01		1.18		12.59		0.36293	1.027	94.1654323607	18.6345
6 2 0			-0.23		0.94		16.44		0.36293	4.3933	57.9728440251	566.5186
1 1 17			-0.07		0.87		17.63		0.3623	2.447	70.2810461715	248.4175
3 1 11			-0.07		0.8		18.96		0.36235	2.3814	52.0481274199	292.2152