HKL Value		Reward		TotalReward	Chi Squared	Z Appr. 	Error	Two-Thetas	Sfs2
3 5 11			0.0		0.0		0.0		0.3	1.8915	70.5555824797	206.4699
4 0 6			0.0		0.0		440.46		0.28149	5.3963	42.900258124	488.2208
1 5 7			1.73		1.73		161.26		0.18257	0.6035	54.1236034243	4.2528
6 4 0			0.5		2.23		107.51		0.18257	1.8287	67.0910631577	58.6803
3 3 13			0.32		2.55		81.38		0.18194	0.5636	65.4922780779	9.1158
1 3 7			0.21		2.77		66.98		0.18436	0.1893	39.2755843192	5.3372
0 2 14			0.19		2.95		56.44		0.18563	0.2479	58.6982494177	6.3292
5 3 5			0.11		3.06		51.03		0.18614	2.2247	56.9473208346	134.0256
5 3 7			0.13		3.19		45.0		0.18691	0.2523	60.5057581853	5.4388
1 1 7			0.11		3.31		40.38		0.18764	0.2012	29.7561292971	6.5386
2 0 4			-0.11		3.2		45.45		0.18765	1.3874	23.4143586184	109.347
0 0 6			-0.4		2.8		75.32		0.18566	7.4326	23.0169618987	709.6598
5 1 7			0.09		2.89		69.4		0.18634	0.2609	54.1000446603	4.252
4 6 0			0.08		2.97		64.06		0.18634	0.7863	67.1083315067	59.4729
3 3 7			0.07		3.04		59.99		0.18715	0.1558	47.1418707618	3.5073
1 7 7			0.07		3.11		56.05		0.18737	0.4353	72.3061031614	6.1143
2 0 14			0.07		3.17		52.57		0.18755	0.2634	58.6945218607	7.3942
6 4 2			0.06		3.24		49.49		0.18756	0.2211	67.6401768609	4.8049
4 6 2			0.06		3.29		46.77		0.18759	0.2349	67.657370766	5.5969
0 0 2			-0.04		3.26		48.59		0.18756	1.161	7.62646333295	98.931
0 6 8			0.05		3.31		46.3		0.18756	0.7694	64.1950429677	5.6946
2 2 10			0.04		3.34		44.57		0.18676	0.6429	46.7739448495	44.8949
4 2 8			0.02		3.36		43.71		0.18669	0.7605	51.4203212226	2.5419
7 1 7			0.04		3.41		41.9		0.18699	0.3505	72.2660298289	5.0526
6 0 2			0.04		3.45		40.24		0.18702	0.2214	55.354768557	5.4487
0 2 20			0.04		3.49		38.63		0.18696	0.4494	86.0769303832	2.8517
1 3 13			0.03		3.52		37.39		0.1869	0.3907	59.4200243294	11.5335
3 1 13			0.03		3.56		36.24		0.18684	0.3869	59.4126405656	11.7895
4 0 14			-0.06		3.49		38.57		0.18716	1.986	67.7459682929	124.3248
0 6 2			0.03		3.53		37.32		0.18718	0.2356	55.3895592761	6.1752
2 0 16			0.02		3.55		36.7		0.18706	0.5935	67.2372591268	11.8907
0 2 12			0.03		3.58		35.51		0.18709	0.3827	50.6142203783	17.5707
1 5 13			0.03		3.6		34.63		0.18701	1.1973	71.2966048402	12.6128
0 2 16			0.02		3.62		33.98		0.18686	1.8687	67.2407114996	13.8307
3 5 7			0.03		3.65		33.04		0.18728	0.2309	60.5203777188	5.6046
6 0 6			0.03		3.68		32.1		0.18722	1.0815	60.1501886982	39.9969
3 1 7			0.03		3.71		31.29		0.18773	0.257	39.2655360855	5.205
4 2 14			0.02		3.73		30.63		0.18724	1.2576	70.6282605877	19.9713
0 6 16			-0.0		3.73		30.68		0.187	0.4825	89.3859051251	7.6515
2 0 8			-0.06		3.66		32.79		0.18646	0.1665	35.7565424018	1.5727
6 0 0			0.02		3.68		32.09		0.18646	0.7256	54.7363985401	55.434
3 1 9			0.02		3.71		31.42		0.18646	0.36	45.2950695798	8.7768
1 1 13			0.02		3.73		30.82		0.1863	0.3722	52.9310122384	10.9703
0 6 6			0.02		3.75		30.1		0.1862	1.0147	60.183190367	40.9583
6 4 6			0.02		3.77		29.49		0.18685	0.9247	71.9614498967	41.9809
6 0 8			0.02		3.79		28.91		0.18685	2.9234	64.163237895	5.3359
1 3 9			0.02		3.81		28.36		0.18691	0.2622	45.3040218183	7.1674
2 4 8			0.0		3.81		28.32		0.18654	0.1687	51.4325245866	2.4593
2 6 0			-0.15		3.66		33.47		0.18654	4.3567	58.0028534629	558.9791
4 2 6			0.02		3.68		32.84		0.18601	1.6049	46.7233273538	62.1975
3 1 15			0.02		3.7		32.18		0.18573	0.2871	67.3554895111	7.7692
0 6 10			0.02		3.71		31.7		0.18491	0.8527	69.1637693973	8.5049
2 0 2			0.01		3.72		31.44		0.18497	0.6502	19.2320929378	35.9547
7 3 1			0.01		3.73		31.12		0.18507	0.5095	71.5359286583	22.1332
6 2 8			-0.09		3.64		34.04		0.18504	3.3751	67.1207225085	222.106
0 2 2			0.01		3.65		33.76		0.1851	0.4614	19.2417464495	36.8131
2 2 16			0.02		3.67		33.18		0.18499	1.1693	70.1293332912	108.6018
6 2 4			0.01		3.68		32.89		0.18527	0.8727	60.3342977717	77.9073
2 4 6			0.02		3.7		32.37		0.18514	0.785	46.7364348384	64.2552
5 5 1			0.01		3.7		32.08		0.18525	0.5073	65.769247456	23.9531
6 0 12			0.01		3.71		31.8		0.18819	0.5892	74.995462768	0.9301
1 1 9			0.02		3.73		31.28		0.18818	0.2216	37.1193146943	1.1702
0 4 6			-0.11		3.62		35.06		0.18688	3.7688	42.9189471786	481.9509
5 1 13			0.01		3.63		34.6		0.18682	0.4567	71.2764535317	11.3258
0 0 12			-0.02		3.61		35.34		0.18537	3.2426	47.0346015839	274.3783
1 1 15			0.01		3.63		34.91		0.18567	0.656	61.3839959686	20.6242
4 6 6			0.01		3.64		34.44		0.18581	1.1903	71.9781772466	41.9784
5 1 5			0.01		3.65		34.24		0.18594	1.1901	50.2495039981	127.1383
2 4 14			0.01		3.66		33.81		0.18577	0.5221	70.6383718296	19.4111
1 1 11			-0.05		3.61		35.69		0.18544	2.144	44.8525636461	378.5934
3 1 1			0.01		3.62		35.19		0.18544	0.5239	28.3131072915	41.7464
1 3 15			0.01		3.63		34.69		0.18544	0.2862	67.3623786269	8.1809
0 2 8			-0.03		3.61		35.65		0.18515	0.1155	35.7619852008	1.7384
1 5 9			0.01		3.62		35.31		0.18521	0.4394	58.984264935	17.7365
4 2 10			0.01		3.63		34.87		0.18503	1.1102	57.0442200735	11.3144
1 5 5			0.01		3.64		34.69		0.18512	1.8923	50.2743192378	127.3636
0 6 14			0.01		3.64		34.39		0.18498	0.9096	81.7552219026	27.2955
3 5 9			0.01		3.65		34.11		0.18499	0.4755	65.0802252419	19.5165
0 6 12			0.01		3.66		33.85		0.18582	0.3425	75.0250979777	1.887
0 0 16			0.01		3.67		33.43		0.18581	1.3342	64.286058028	116.6634
0 0 20			0.01		3.68		33.05		0.1854	0.4542	83.3712939521	4.3689
5 1 1			0.01		3.69		32.69		0.18542	0.5346	46.1701152	26.7419
4 2 12			0.01		3.7		32.38		0.18578	0.2244	63.468523569	4.7972
6 0 4			0.0		3.7		32.37		0.1858	0.7069	57.1830782131	42.6751
6 0 10			0.01		3.71		32.08		0.18559	1.0728	69.1331306246	8.9056
0 0 18			0.01		3.73		31.7		0.18559	0.6609	73.530655613	37.988
0 4 14			-0.02		3.7		32.49		0.18565	1.2337	67.7597167724	121.3788
9 1 1			0.01		3.71		32.33		0.1857	0.8793	87.9915459652	19.6393
2 0 12			0.01		3.72		31.97		0.18578	0.8079	50.6101057273	16.6151
4 2 2			0.01		3.73		31.67		0.18578	0.457	40.8620305525	12.2524
0 2 0			-0.01		3.72		31.84		0.18578	1.4407	17.6394681947	177.2483
0 2 18			0.01		3.73		31.49		0.18581	0.3755	76.3208597895	3.7538
5 5 7			0.01		3.74		31.23		0.18596	0.6639	72.2860687267	4.3062
3 3 15			0.01		3.75		30.94		0.18574	0.3402	73.0835579415	3.8877
5 1 9			0.01		3.76		30.73		0.18577	0.4583	58.9619928854	19.0838
7 1 1			0.01		3.77		30.46		0.18578	0.5207	65.7483230412	25.2044
0 4 16			0.01		3.77		30.2		0.18574	1.5557	75.7704700384	94.8658
0 4 20			0.01		3.78		29.9		0.18579	1.027	94.1654323607	18.6345
2 2 14			-0.02		3.77		30.45		0.18581	1.0835	61.7979105177	101.9829
2 4 10			0.01		3.78		30.17		0.18573	0.607	57.0555982332	12.0937
3 3 9			0.01		3.78		29.94		0.18574	0.3816	52.4524123761	12.0632
0 4 0			-0.14		3.65		34.64		0.18574	6.137	35.7152072575	818.959