HKL Value		Reward		TotalReward	Chi Squared	Z Appr. 	Error	Two-Thetas	Sfs2
1 1 17			0.0		0.0		0.0		0.3	2.447	70.2810461715	248.4175
1 5 7			0.0		0.0		64.5		0.35289	0.6035	54.1236034243	4.2528
6 4 0			1.0		1.0		32.25		0.35289	1.8287	67.0910631577	58.6803
4 0 6			-0.71		0.29		109.34		0.34998	5.3963	42.900258124	488.2208
1 3 7			0.33		0.62		82.36		0.34989	0.1893	39.2755843192	5.3372
2 0 4			0.01		0.63		81.37		0.35039	1.3874	23.4143586184	109.347
5 3 7			0.2		0.83		68.09		0.35032	0.2523	60.5057581853	5.4388
2 4 8			0.17		1.0		58.42		0.35048	0.1687	51.4325245866	2.4593
1 1 7			0.14		1.13		51.3		0.35038	0.2012	29.7561292971	6.5386
5 1 7			0.12		1.26		45.74		0.35032	0.2609	54.1000446603	4.252
4 6 0			0.11		1.37		41.17		0.35032	0.7863	67.1083315067	59.4729
3 3 7			0.1		1.46		37.48		0.35024	0.1558	47.1418707618	3.5073
2 2 10			0.02		1.49		36.66		0.35027	0.6429	46.7739448495	44.8949
1 7 7			0.08		1.56		34.02		0.35017	0.4353	72.3061031614	6.1143
0 2 14			0.08		1.64		31.59		0.3502	0.2479	58.6982494177	6.3292
2 0 14			0.07		1.71		29.49		0.35035	0.2634	58.6945218607	7.3942
0 4 20			-0.04		1.67		30.77		0.35927	1.027	94.1654323607	18.6345
1 3 1			0.02		1.69		30.09		0.35923	0.5324	28.3265170018	42.1271
1 7 5			-0.0		1.69		30.11		0.35973	1.0841	69.0835930101	99.7513
6 4 2			0.05		1.74		28.65		0.35973	0.2211	67.6401768609	4.8049
3 1 13			0.05		1.79		27.31		0.36002	0.3869	59.4126405656	11.7895
0 6 8			0.05		1.84		26.05		0.35988	0.7694	64.1950429677	5.6946
4 2 8			0.04		1.89		24.93		0.3597	0.7605	51.4203212226	2.5419
4 6 2			0.04		1.93		23.97		0.3597	0.2349	67.657370766	5.5969
6 0 2			0.04		1.97		23.05		0.35972	0.2214	55.354768557	5.4487
7 1 7			0.04		2.0		22.2		0.35972	0.3505	72.2660298289	5.0526
1 5 9			0.03		2.04		21.45		0.35946	0.4394	58.984264935	17.7365
6 0 0			0.03		2.07		20.83		0.35946	0.7256	54.7363985401	55.434
2 6 0			-0.3		1.77		29.93		0.35946	4.3567	58.0028534629	558.9791
5 3 5			-0.02		1.74		30.62		0.36	2.2247	56.9473208346	134.0256
0 2 20			0.03		1.78		29.63		0.36005	0.4494	86.0769303832	2.8517
0 0 6			-0.29		1.49		41.49		0.35855	7.4326	23.0169618987	709.6598
0 6 2			0.03		1.52		40.27		0.35857	0.2356	55.3895592761	6.1752
2 0 16			0.03		1.55		39.17		0.35898	0.5935	67.2372591268	11.8907
1 5 13			0.03		1.58		38.11		0.3593	1.1973	71.2966048402	12.6128
2 2 14			0.01		1.59		37.63		0.35907	1.0835	61.7979105177	101.9829
1 3 13			0.03		1.62		36.65		0.35932	0.3907	59.4200243294	11.5335
0 2 16			0.02		1.64		35.78		0.35973	1.8687	67.2407114996	13.8307
3 5 7			0.03		1.67		34.89		0.35973	0.2309	60.5203777188	5.6046
6 0 6			0.02		1.69		34.04		0.35959	1.0815	60.1501886982	39.9969
0 6 16			0.02		1.72		33.23		0.35984	0.4825	89.3859051251	7.6515
3 7 3			0.01		1.72		32.95		0.35974	0.8954	72.6346668965	71.6226
4 2 14			0.02		1.75		32.19		0.35968	1.2576	70.6282605877	19.9713
5 5 1			0.02		1.77		31.58		0.35966	0.5073	65.769247456	23.9531
3 1 7			0.02		1.79		30.9		0.35966	0.257	39.2655360855	5.205
2 0 8			0.02		1.81		30.21		0.35966	0.1665	35.7565424018	1.5727
6 4 6			0.02		1.83		29.56		0.35971	0.9247	71.9614498967	41.9809
0 4 12			-0.02		1.81		30.25		0.35833	1.4889	60.4300914167	161.7651
3 1 9			0.02		1.83		29.64		0.35818	0.36	45.2950695798	8.7768
1 1 13			0.02		1.85		29.09		0.35845	0.3722	52.9310122384	10.9703
0 6 6			0.02		1.87		28.54		0.3583	1.0147	60.183190367	40.9583
1 3 9			0.02		1.89		27.98		0.35822	0.2622	45.3040218183	7.1674
6 0 8			0.02		1.91		27.45		0.35811	2.9234	64.163237895	5.3359
4 2 6			0.02		1.92		27.03		0.35785	1.6049	46.7233273538	62.1975
0 2 12			0.02		1.94		26.57		0.35752	0.3827	50.6142203783	17.5707
3 1 15			0.02		1.96		26.17		0.35755	0.2871	67.3554895111	7.7692
6 0 12			0.02		1.97		25.72		0.35787	0.5892	74.995462768	0.9301
0 6 10			0.02		1.99		25.33		0.35781	0.8527	69.1637693973	8.5049
4 2 12			0.02		2.01		24.89		0.35781	0.2244	63.468523569	4.7972
2 6 6			-0.08		1.92		27.18		0.35703	5.383	63.2392339525	346.2148
2 4 6			0.01		1.94		26.82		0.35683	0.785	46.7364348384	64.2552
2 0 12			0.02		1.95		26.39		0.35664	0.8079	50.6101057273	16.6151
3 1 5			-0.04		1.91		27.46		0.35716	2.8985	34.1781376955	186.2389
5 1 13			0.01		1.93		27.08		0.35733	0.4567	71.2764535317	11.3258
1 1 15			0.01		1.94		26.86		0.35748	0.656	61.3839959686	20.6242
2 4 14			0.02		1.95		26.45		0.35748	0.5221	70.6383718296	19.4111
1 5 11			-0.02		1.93		27.05		0.35797	1.8219	64.7342781598	204.7444
4 6 6			0.01		1.94		26.66		0.35805	1.1903	71.9781772466	41.9784
1 3 15			0.01		1.96		26.33		0.35809	0.2862	67.3623786269	8.1809
0 2 8			0.01		1.97		25.95		0.35811	0.1155	35.7619852008	1.7384
3 5 3			-0.0		1.97		26.06		0.35803	0.9259	54.5093201099	87.7589
4 2 10			0.01		1.98		25.76		0.35796	1.1102	57.0442200735	11.3144
0 2 18			0.01		1.99		25.42		0.35793	0.3755	76.3208597895	3.7538
0 4 2			-0.03		1.96		26.3		0.35805	3.2657	36.5744795411	137.7475
0 0 20			-0.01		1.95		26.65		0.36121	0.4542	83.3712939521	4.3689
0 6 14			0.01		1.96		26.33		0.36116	0.9096	81.7552219026	27.2955
3 5 9			0.01		1.97		26.08		0.36107	0.4755	65.0802252419	19.5165
6 0 10			0.01		1.98		25.8		0.36105	1.0728	69.1331306246	8.9056
9 1 1			0.01		1.99		25.54		0.36105	0.8793	87.9915459652	19.6393
2 4 10			0.01		2.0		25.3		0.36103	0.607	57.0555982332	12.0937
0 0 18			0.01		2.01		25.06		0.36103	0.6609	73.530655613	37.988
3 3 13			0.01		2.02		24.75		0.36106	0.5636	65.4922780779	9.1158
3 3 9			0.01		2.03		24.49		0.36099	0.3816	52.4524123761	12.0632
0 4 16			0.01		2.04		24.29		0.36128	1.5557	75.7704700384	94.8658
5 1 9			0.01		2.05		24.07		0.3612	0.4583	58.9619928854	19.0838
7 1 1			0.01		2.05		23.9		0.3612	0.5207	65.7483230412	25.2044
1 5 3			-0.0		2.05		23.91		0.36116	0.9511	47.585042181	85.8034
3 3 15			0.01		2.07		23.64		0.36117	0.3402	73.0835579415	3.8877
1 5 5			-0.01		2.05		23.94		0.36132	1.8923	50.2743192378	127.3636
5 5 7			0.01		2.06		23.68		0.36132	0.6639	72.2860687267	4.3062
1 1 9			0.01		2.08		23.42		0.36132	0.2216	37.1193146943	1.1702
0 0 4			-0.01		2.07		23.62		0.3613	0.8482	15.2869714585	59.1035
6 2 10			0.0		2.07		23.58		0.3614	0.7103	71.9901825081	43.9921
7 3 1			0.01		2.08		23.4		0.3614	0.5095	71.5359286583	22.1332
1 5 1			0.01		2.08		23.28		0.36138	0.4978	46.196563203	27.3004
4 4 10			-0.0		2.08		23.28		0.36149	0.6886	66.23802526	47.6672
0 6 0			0.01		2.09		23.1		0.36149	1.4277	54.7714555341	59.4019
1 7 1			0.01		2.09		22.98		0.36148	0.5219	65.7901743415	26.2984
5 3 9			0.01		2.1		22.84		0.3614	0.4833	65.0662013285	20.8409
4 0 10			0.0		2.1		22.82		0.3615	0.6243	53.7713327333	45.2096
5 1 1			0.0		2.11		22.71		0.36149	0.5346	46.1701152	26.7419
2 4 2			0.01		2.11		22.56		0.3615	0.3828	40.8766170199	13.2501