HKL Value		Reward		TotalReward	Chi Squared	Z Appr. 	Error	Two-Thetas	Sfs2
6 2 2			0.0		0.0		0.0		0.3	3.3001	58.5687226088	135.1206
3 3 7			0.0		0.0		73.68		0.38016	0.1558	47.1418707618	3.5073
0 4 8			-0.09		-0.09		80.54		0.37713	4.1351	47.9021960727	235.0989
1 5 7			0.5		0.41		53.69		0.3771	0.6035	54.1236034243	4.2528
6 4 0			0.33		0.75		40.27		0.3771	1.8287	67.0910631577	58.6803
4 6 0			0.25		1.0		32.23		0.3771	0.7863	67.1083315067	59.4729
5 3 7			0.2		1.2		26.86		0.37721	0.2523	60.5057581853	5.4388
0 6 6			0.06		1.26		25.33		0.37415	1.0147	60.183190367	40.9583
0 2 14			0.12		1.38		22.54		0.37569	0.2479	58.6982494177	6.3292
6 0 2			0.12		1.5		20.11		0.37606	0.2214	55.354768557	5.4487
2 0 14			0.1		1.6		18.34		0.37817	0.2634	58.6945218607	7.3942
0 6 2			0.1		1.69		16.74		0.37833	0.2356	55.3895592761	6.1752
1 5 13			0.06		1.75		15.84		0.36596	1.1973	71.2966048402	12.6128
0 2 16			0.08		1.83		14.65		0.3655	1.8687	67.2407114996	13.8307
6 0 0			0.05		1.88		13.93		0.3655	0.7256	54.7363985401	55.434
0 6 8			0.05		1.93		13.27		0.36505	0.7694	64.1950429677	5.6946
4 6 2			0.05		1.99		12.61		0.36507	0.2349	67.657370766	5.5969
1 3 7			0.06		2.04		11.95		0.36513	0.1893	39.2755843192	5.3372
2 4 14			0.04		2.08		11.46		0.36461	0.5221	70.6383718296	19.4111
2 0 16			0.05		2.14		10.86		0.36438	0.5935	67.2372591268	11.8907
2 4 10			0.02		2.16		10.68		0.36435	0.607	57.0555982332	12.0937
3 1 13			0.05		2.21		10.18		0.3642	0.3869	59.4126405656	11.7895
0 0 12			-0.37		1.83		16.22		0.36159	3.2426	47.0346015839	274.3783
4 2 8			0.04		1.87		15.61		0.36074	0.7605	51.4203212226	2.5419
0 6 16			0.04		1.91		14.98		0.36129	0.4825	89.3859051251	7.6515
2 4 6			0.02		1.93		14.73		0.36036	0.785	46.7364348384	64.2552
2 2 10			-0.02		1.91		15.02		0.36136	0.6429	46.7739448495	44.8949
7 1 1			0.01		1.92		14.84		0.36131	0.5207	65.7483230412	25.2044
4 4 10			-0.02		1.9		15.14		0.36209	0.6886	66.23802526	47.6672
1 1 15			0.01		1.92		14.96		0.36239	0.656	61.3839959686	20.6242
6 0 6			0.03		1.94		14.57		0.36207	1.0815	60.1501886982	39.9969
1 3 15			0.03		1.97		14.2		0.36222	0.2862	67.3623786269	8.1809
3 5 11			-0.08		1.89		15.44		0.36241	1.8915	70.5555824797	206.4699
5 5 1			0.02		1.91		15.16		0.36238	0.5073	65.769247456	23.9531
4 2 14			0.03		1.93		14.76		0.36219	1.2576	70.6282605877	19.9713
0 0 18			0.02		1.95		14.51		0.36232	0.6609	73.530655613	37.988
6 4 2			0.02		1.98		14.17		0.36233	0.2211	67.6401768609	4.8049
6 4 6			0.03		2.0		13.79		0.36232	0.9247	71.9614498967	41.9809
0 4 16			0.02		2.02		13.53		0.36308	1.5557	75.7704700384	94.8658
2 0 2			-0.02		2.0		13.85		0.36306	0.6502	19.2320929378	35.9547
0 2 20			0.03		2.02		13.5		0.3631	0.4494	86.0769303832	2.8517
5 1 11			-0.08		1.95		14.62		0.36314	3.2753	64.7131722767	203.727
7 1 7			0.02		1.97		14.32		0.36316	0.3505	72.2660298289	5.0526
3 1 15			0.02		1.99		14.04		0.3632	0.2871	67.3554895111	7.7692
2 4 8			0.02		2.01		13.82		0.36301	0.1687	51.4325245866	2.4593
3 7 1			0.01		2.02		13.66		0.36299	1.2822	71.5694631273	22.2453
0 6 0			0.01		2.03		13.5		0.36299	1.4277	54.7714555341	59.4019
3 5 1			-0.0		2.03		13.5		0.36297	0.5283	53.2544885252	31.9012
1 1 13			0.02		2.05		13.22		0.36299	0.3722	52.9310122384	10.9703
3 3 13			0.02		2.07		12.95		0.36292	0.5636	65.4922780779	9.1158
6 4 4			-0.0		2.07		12.96		0.36295	0.6669	69.2748711385	33.991
5 1 9			0.01		2.08		12.83		0.36277	0.4583	58.9619928854	19.0838
3 5 7			0.02		2.1		12.62		0.36278	0.2309	60.5203777188	5.6046
0 6 14			0.01		2.11		12.45		0.36263	0.9096	81.7552219026	27.2955
6 0 8			0.01		2.13		12.27		0.36249	2.9234	64.163237895	5.3359
1 3 13			0.02		2.14		12.05		0.36255	0.3907	59.4200243294	11.5335
4 4 8			-0.11		2.03		13.52		0.36294	3.9407	61.1479986878	218.5721
3 3 11			-0.08		1.95		14.74		0.36298	2.1204	58.6030846927	249.5822
1 1 9			0.02		1.97		14.49		0.36297	0.2216	37.1193146943	1.1702
4 2 10			0.01		1.98		14.36		0.36295	1.1102	57.0442200735	11.3144
7 3 1			0.01		1.99		14.23		0.36293	0.5095	71.5359286583	22.1332
2 4 2			0.01		2.0		14.12		0.36295	0.3828	40.8766170199	13.2501
3 5 9			0.01		2.0		14.04		0.36281	0.4755	65.0802252419	19.5165
5 1 7			0.01		2.02		13.84		0.36282	0.2609	54.1000446603	4.252
3 1 7			0.01		2.03		13.65		0.36283	0.257	39.2655360855	5.205
9 1 1			0.01		2.04		13.52		0.36282	0.8793	87.9915459652	19.6393
2 0 12			0.01		2.05		13.41		0.36267	0.8079	50.6101057273	16.6151
0 6 10			0.01		2.06		13.28		0.36265	0.8527	69.1637693973	8.5049
4 4 12			-0.03		2.02		13.74		0.36195	1.9475	72.2035773977	130.2426
1 1 3			-0.0		2.02		13.77		0.36191	0.4514	16.9416048235	36.8187
2 0 8			0.01		2.04		13.58		0.36187	0.1665	35.7565424018	1.5727
4 6 6			0.01		2.05		13.39		0.36187	1.1903	71.9781772466	41.9784
0 0 22			0.01		2.06		13.24		0.362	2.2765	94.0325860765	137.6091
0 2 18			0.01		2.07		13.07		0.362	0.3755	76.3208597895	3.7538
3 5 5			-0.03		2.04		13.51		0.36233	1.2751	56.9624934876	133.7285
3 1 9			0.01		2.05		13.37		0.36225	0.36	45.2950695798	8.7768
5 1 13			0.01		2.06		13.2		0.3623	0.4567	71.2764535317	11.3258
5 1 1			0.0		2.07		13.18		0.36229	0.5346	46.1701152	26.7419
4 2 0			0.0		2.07		13.17		0.36229	0.9287	40.0811891304	86.5118
4 0 10			-0.01		2.06		13.26		0.3625	0.6243	53.7713327333	45.2096
6 0 12			0.01		2.07		13.1		0.36249	0.5892	74.995462768	0.9301
5 5 3			-0.01		2.06		13.22		0.36242	0.8107	66.8760743485	64.1048
3 3 9			0.01		2.07		13.11		0.36231	0.3816	52.4524123761	12.0632
1 7 1			0.0		2.07		13.09		0.36229	0.5219	65.7901743415	26.2984
6 2 10			-0.01		2.07		13.16		0.36251	0.7103	71.9901825081	43.9921
0 0 20			0.0		2.07		13.13		0.36343	0.4542	83.3712939521	4.3689
7 3 5			0.0		2.07		13.12		0.36354	1.0496	74.7140851895	88.0788
0 0 8			-0.07		2.0		14.05		0.36371	2.1948	30.8548203523	183.9052
5 3 9			0.0		2.01		14.01		0.36363	0.4833	65.0662013285	20.8409
6 0 10			0.01		2.01		13.91		0.36362	1.0728	69.1331306246	8.9056
6 0 4			-0.01		2.01		14.01		0.36364	0.7069	57.1830782131	42.6751
3 3 15			0.01		2.02		13.86		0.36364	0.3402	73.0835579415	3.8877
0 6 12			0.01		2.03		13.72		0.36364	0.3425	75.0250979777	1.887
1 5 1			0.0		2.03		13.7		0.36363	0.4978	46.196563203	27.3004
1 1 11			-0.1		1.93		15.26		0.36363	2.144	44.8525636461	378.5934
3 3 1			0.0		1.93		15.25		0.36363	0.5106	38.1558496662	33.1617
5 5 5			-0.0		1.93		15.28		0.36373	1.5862	69.0631626084	104.8873
0 6 4			-0.01		1.92		15.36		0.36375	0.6675	57.2171401797	42.9768
0 4 10			-0.0		1.92		15.38		0.36387	0.9893	53.7871001638	44.1425