HKL Value		Reward		TotalReward	Chi Squared	Z Appr. 	Error	Two-Thetas	Sfs2
1 5 7			0.0		0.0		0.0		0.3	0.6035	54.1236034243	4.2528
4 4 4			0.0		0.0		36.02		0.33061	0.8476	53.9354251327	76.9211
0 0 16			0.41		0.41		25.56		0.3233	1.3342	64.286058028	116.6634
6 4 0			0.5		0.91		17.04		0.3233	1.8287	67.0910631577	58.6803
1 3 7			0.06		0.97		16.11		0.32574	0.1893	39.2755843192	5.3372
0 6 14			0.08		1.05		14.89		0.32529	0.9096	81.7552219026	27.2955
5 5 1			0.16		1.2		12.88		0.32523	0.5073	65.769247456	23.9531
2 2 4			-0.15		1.06		15.11		0.32463	0.7551	29.4672289371	73.6026
5 3 7			0.05		1.11		14.39		0.32602	0.2523	60.5057581853	5.4388
1 1 7			0.04		1.15		13.81		0.32729	0.2012	29.7561292971	6.5386
2 4 4			-0.21		0.94		17.48		0.32739	0.8182	43.1484985256	64.6996
3 3 15			-0.13		0.81		20.09		0.32337	0.3402	73.0835579415	3.8877
4 6 0			0.09		0.9		18.42		0.32337	0.7863	67.1083315067	59.4729
0 2 2			-0.01		0.89		18.6		0.32331	0.4614	19.2417464495	36.8131
0 2 14			0.04		0.93		17.95		0.32353	0.2479	58.6982494177	6.3292
0 6 8			0.07		1.0		16.79		0.32359	0.7694	64.1950429677	5.6946
3 3 7			-0.02		0.97		17.21		0.32481	0.1558	47.1418707618	3.5073
1 7 1			0.04		1.01		16.63		0.32478	0.5219	65.7901743415	26.2984
6 0 2			0.05		1.06		15.84		0.32478	0.2214	55.354768557	5.4487
0 6 2			0.05		1.1		15.15		0.32476	0.2356	55.3895592761	6.1752
2 0 14			0.03		1.13		14.68		0.32504	0.2634	58.6945218607	7.3942
3 5 3			-0.05		1.09		15.38		0.32507	0.9259	54.5093201099	87.7589
4 6 2			0.04		1.13		14.73		0.32505	0.2349	67.657370766	5.5969
2 0 16			0.04		1.18		14.11		0.32491	0.5935	67.2372591268	11.8907
5 1 7			0.01		1.18		13.99		0.32558	0.2609	54.1000446603	4.252
1 7 7			0.03		1.21		13.64		0.32598	0.4353	72.3061031614	6.1143
0 4 0			-0.58		0.63		32.52		0.32598	6.137	35.7152072575	818.959
1 5 5			-0.07		0.56		34.89		0.32616	1.8923	50.2743192378	127.3636
6 0 0			0.03		0.59		33.81		0.32616	0.7256	54.7363985401	55.434
4 2 8			0.03		0.62		32.9		0.32659	0.7605	51.4203212226	2.5419
3 1 13			0.03		0.65		31.84		0.32688	0.3869	59.4126405656	11.7895
6 2 0			-0.2		0.45		39.91		0.32688	4.3933	57.9728440251	566.5186
1 1 9			-0.01		0.45		40.17		0.3259	0.2216	37.1193146943	1.1702
7 3 1			0.03		0.47		39.05		0.32588	0.5095	71.5359286583	22.1332
1 5 13			0.03		0.5		37.95		0.32617	1.1973	71.2966048402	12.6128
0 6 12			-0.08		0.42		41.27		0.32318	0.3425	75.0250979777	1.887
6 4 2			0.03		0.45		40.14		0.32317	0.2211	67.6401768609	4.8049
6 0 6			0.03		0.48		39.08		0.32315	1.0815	60.1501886982	39.9969
3 1 9			0.02		0.5		38.4		0.32291	0.36	45.2950695798	8.7768
0 4 2			-0.04		0.45		40.1		0.32294	3.2657	36.5744795411	137.7475
9 1 1			0.02		0.48		39.15		0.32294	0.8793	87.9915459652	19.6393
7 1 7			0.02		0.49		38.55		0.32331	0.3505	72.2660298289	5.0526
0 0 14			-0.01		0.48		39.03		0.32329	0.8389	55.4890953336	74.9432
6 0 4			0.0		0.49		38.87		0.32329	0.7069	57.1830782131	42.6751
0 2 16			0.02		0.51		37.99		0.32327	1.8687	67.2407114996	13.8307
3 5 7			0.01		0.52		37.45		0.32359	0.2309	60.5203777188	5.6046
6 4 6			0.02		0.54		36.87		0.32352	0.9247	71.9614498967	41.9809
2 4 6			0.02		0.56		36.09		0.32352	0.785	46.7364348384	64.2552
0 6 10			0.02		0.58		35.35		0.3235	0.8527	69.1637693973	8.5049
4 4 0			-0.14		0.44		41.28		0.3235	4.9852	51.3853572345	648.027
2 4 14			0.02		0.46		40.5		0.32348	0.5221	70.6383718296	19.4111
1 3 13			0.02		0.47		39.88		0.32386	0.3907	59.4200243294	11.5335
2 2 2			-0.03		0.44		41.02		0.32388	1.1162	26.2109248846	125.5642
3 1 15			0.01		0.46		40.44		0.32351	0.2871	67.3554895111	7.7692
4 4 10			0.02		0.48		39.72		0.32343	0.6886	66.23802526	47.6672
0 6 16			0.02		0.5		39.01		0.32352	0.4825	89.3859051251	7.6515
1 3 15			0.01		0.51		38.46		0.32325	0.2862	67.3623786269	8.1809
2 4 8			0.01		0.52		38.01		0.32339	0.1687	51.4325245866	2.4593
0 2 20			-0.01		0.51		38.41		0.32291	0.4494	86.0769303832	2.8517
3 1 7			0.01		0.52		38.08		0.32324	0.257	39.2655360855	5.205
2 4 10			0.02		0.54		37.47		0.32318	0.607	57.0555982332	12.0937
2 6 6			-0.04		0.5		38.99		0.32329	5.383	63.2392339525	346.2148
0 2 10			0.01		0.51		38.48		0.32321	0.4317	42.9590557724	21.0204
1 1 13			0.01		0.52		38.04		0.32357	0.3722	52.9310122384	10.9703
1 1 15			0.02		0.54		37.46		0.32364	0.656	61.3839959686	20.6242
3 3 1			0.01		0.55		37.03		0.32364	0.5106	38.1558496662	33.1617
4 2 14			0.01		0.56		36.5		0.32362	1.2576	70.6282605877	19.9713
7 1 1			0.01		0.58		36.06		0.32361	0.5207	65.7483230412	25.2044
2 0 6			0.01		0.59		35.71		0.32364	1.6278	29.1406672869	128.8477
4 2 10			0.01		0.6		35.21		0.3236	1.1102	57.0442200735	11.3144
2 0 12			0.0		0.6		35.19		0.32314	0.8079	50.6101057273	16.6151
6 2 4			0.0		0.6		35.04		0.32307	0.8727	60.3342977717	77.9073
5 1 5			-0.02		0.58		35.92		0.32311	1.1901	50.2495039981	127.1383
5 1 13			0.01		0.59		35.58		0.32343	0.4567	71.2764535317	11.3258
6 0 12			-0.05		0.54		37.52		0.32171	0.5892	74.995462768	0.9301
0 0 20			0.01		0.55		37.05		0.3217	0.4542	83.3712939521	4.3689
0 4 12			0.01		0.56		36.67		0.3218	1.4889	60.4300914167	161.7651
4 6 6			0.01		0.57		36.32		0.32177	1.1903	71.9781772466	41.9784
2 0 8			-0.01		0.56		36.87		0.32209	0.1665	35.7565424018	1.5727
3 3 9			0.01		0.57		36.49		0.32201	0.3816	52.4524123761	12.0632
0 6 6			0.01		0.58		36.04		0.322	1.0147	60.183190367	40.9583
1 1 5			-0.05		0.53		37.93		0.32206	1.9661	22.8949597146	247.5537
0 2 8			-0.01		0.52		38.34		0.32238	0.1155	35.7619852008	1.7384
2 2 10			0.01		0.53		37.89		0.32236	0.6429	46.7739448495	44.8949
5 3 9			0.01		0.54		37.45		0.32233	0.4833	65.0662013285	20.8409
0 6 0			0.01		0.55		37.08		0.32233	1.4277	54.7714555341	59.4019
0 4 20			0.01		0.56		36.77		0.32231	1.027	94.1654323607	18.6345
5 1 1			0.01		0.57		36.43		0.32231	0.5346	46.1701152	26.7419
6 0 8			0.01		0.58		36.03		0.32231	2.9234	64.163237895	5.3359
3 5 9			0.01		0.59		35.64		0.32229	0.4755	65.0802252419	19.5165
0 4 14			-0.02		0.57		36.38		0.32229	1.2337	67.7597167724	121.3788
1 7 5			-0.01		0.56		36.78		0.32232	1.0841	69.0835930101	99.7513
0 2 12			0.0		0.56		36.65		0.32204	0.3827	50.6142203783	17.5707
6 0 10			0.01		0.57		36.25		0.32204	1.0728	69.1331306246	8.9056
0 2 18			-0.01		0.57		36.46		0.32112	0.3755	76.3208597895	3.7538
0 6 18			-0.0		0.57		36.52		0.32047	0.7949	98.0280769063	1.8601
1 5 3			0.0		0.57		36.35		0.32047	0.9511	47.585042181	85.8034
4 2 12			-0.0		0.57		36.49		0.32015	0.2244	63.468523569	4.7972
5 1 3			0.0		0.57		36.33		0.32015	0.9592	47.5591860667	88.1873
0 4 16			0.01		0.58		35.97		0.32016	1.5557	75.7704700384	94.8658
2 2 16			0.01		0.59		35.61		0.32015	1.1693	70.1293332912	108.6018
2 4 0			0.01		0.6		35.39		0.32015	1.4359	40.0960076051	88.2765