HKL Value		Reward		TotalReward	Chi Squared	Z Appr. 	Error	Two-Thetas	Sfs2
1 5 7			0.0		0.0		0.0		0.3	0.6035	54.1236034243	4.2528
6 4 0			0.0		0.0		0.01		0.33737	1.8287	67.0910631577	58.6803
1 3 7			1.0		1.0		0.01		0.33738	0.1893	39.2755843192	5.3372
0 0 8			-1.0		-0.0		27.65		0.37569	2.1948	30.8548203523	183.9052
2 0 10			0.24		0.24		22.25		0.37908	0.6169	42.9543880851	20.236
5 3 7			0.25		0.49		17.81		0.37889	0.2523	60.5057581853	5.4388
1 1 7			0.2		0.69		14.88		0.37851	0.2012	29.7561292971	6.5386
4 6 0			0.17		0.85		12.76		0.37851	0.7863	67.1083315067	59.4729
5 1 7			0.14		1.0		11.17		0.37835	0.2609	54.1000446603	4.252
5 3 3			-0.25		0.75		14.9		0.37727	0.9351	54.4936931553	89.9375
3 3 7			0.11		0.85		13.44		0.37684	0.1558	47.1418707618	3.5073
0 0 6			-0.72		0.13		48.3		0.34052	7.4326	23.0169618987	709.6598
5 1 11			-0.06		0.07		51.39		0.35673	3.2753	64.7131722767	203.727
1 7 7			0.08		0.15		47.63		0.35672	0.4353	72.3061031614	6.1143
2 0 14			0.08		0.23		44.26		0.35664	0.2634	58.6945218607	7.3942
0 6 8			0.07		0.3		41.31		0.35648	0.7694	64.1950429677	5.6946
4 2 8			0.07		0.37		38.74		0.35615	0.7605	51.4203212226	2.5419
0 2 14			0.06		0.43		36.52		0.35593	0.2479	58.6982494177	6.3292
6 4 2			0.05		0.48		34.62		0.35593	0.2211	67.6401768609	4.8049
4 6 2			0.05		0.53		32.94		0.35593	0.2349	67.657370766	5.5969
6 0 2			0.05		0.58		31.4		0.35604	0.2214	55.354768557	5.4487
3 3 1			0.03		0.61		30.52		0.35579	0.5106	38.1558496662	33.1617
1 3 9			0.05		0.66		29.14		0.35601	0.2622	45.3040218183	7.1674
0 2 4			-0.06		0.59		31.14		0.35663	1.326	23.4223631322	110.0283
2 0 16			0.04		0.63		30.08		0.35834	0.5935	67.2372591268	11.8907
1 1 13			0.04		0.67		28.96		0.35969	0.3722	52.9310122384	10.9703
1 3 13			0.04		0.71		27.91		0.36058	0.3907	59.4200243294	11.5335
0 2 12			0.03		0.74		27.04		0.35932	0.3827	50.6142203783	17.5707
1 1 9			0.04		0.77		26.08		0.35924	0.2216	37.1193146943	1.1702
5 5 3			0.0		0.78		25.95		0.35876	0.8107	66.8760743485	64.1048
3 1 13			0.03		0.81		25.16		0.35987	0.3869	59.4126405656	11.7895
2 0 0			-0.03		0.78		25.85		0.35987	2.02	17.6289686615	175.6782
6 4 6			0.03		0.82		25.04		0.36004	0.9247	71.9614498967	41.9809
0 2 16			0.03		0.84		24.38		0.36108	1.8687	67.2407114996	13.8307
1 5 11			-0.04		0.8		25.46		0.3615	1.8219	64.7342781598	204.7444
1 1 15			0.02		0.82		25.03		0.36178	0.656	61.3839959686	20.6242
3 5 1			0.01		0.83		24.7		0.36173	0.5283	53.2544885252	31.9012
0 6 2			0.03		0.86		24.09		0.36177	0.2356	55.3895592761	6.1752
5 3 5			-0.02		0.83		24.67		0.3624	2.2247	56.9473208346	134.0256
2 6 6			-0.13		0.7		28.46		0.36111	5.383	63.2392339525	346.2148
3 3 13			0.03		0.73		27.76		0.36124	0.5636	65.4922780779	9.1158
7 3 1			0.02		0.74		27.24		0.36121	0.5095	71.5359286583	22.1332
6 0 4			0.0		0.75		27.14		0.36129	0.7069	57.1830782131	42.6751
1 5 13			0.02		0.77		26.54		0.36157	1.1973	71.2966048402	12.6128
6 0 6			0.02		0.79		26.0		0.36136	1.0815	60.1501886982	39.9969
0 2 20			0.02		0.81		25.43		0.36152	0.4494	86.0769303832	2.8517
7 1 7			0.02		0.83		24.92		0.36152	0.3505	72.2660298289	5.0526
3 5 7			0.02		0.85		24.43		0.36155	0.2309	60.5203777188	5.6046
6 2 10			0.0		0.86		24.34		0.36195	0.7103	71.9901825081	43.9921
3 1 9			0.02		0.88		23.89		0.36178	0.36	45.2950695798	8.7768
4 2 14			0.02		0.9		23.44		0.36164	1.2576	70.6282605877	19.9713
3 1 7			0.02		0.91		23.01		0.36164	0.257	39.2655360855	5.205
0 6 16			0.02		0.93		22.57		0.36174	0.4825	89.3859051251	7.6515
3 5 9			0.01		0.95		22.3		0.36147	0.4755	65.0802252419	19.5165
2 2 2			-0.05		0.9		23.47		0.36162	1.1162	26.2109248846	125.5642
6 0 0			0.01		0.91		23.13		0.36162	0.7256	54.7363985401	55.434
2 0 8			0.02		0.93		22.72		0.3616	0.1665	35.7565424018	1.5727
2 4 8			0.02		0.95		22.36		0.36135	0.1687	51.4325245866	2.4593
4 2 6			0.01		0.96		22.12		0.36102	1.6049	46.7233273538	62.1975
3 1 15			0.01		0.97		21.8		0.36114	0.2871	67.3554895111	7.7692
0 6 6			0.01		0.99		21.48		0.36093	1.0147	60.183190367	40.9583
6 0 8			0.02		1.0		21.15		0.36071	2.9234	64.163237895	5.3359
0 2 8			0.02		1.02		20.81		0.3607	0.1155	35.7619852008	1.7384
4 2 10			0.01		1.03		20.58		0.3606	1.1102	57.0442200735	11.3144
2 4 2			0.01		1.04		20.38		0.3606	0.3828	40.8766170199	13.2501
4 4 12			-0.01		1.03		20.61		0.3581	1.9475	72.2035773977	130.2426
6 0 12			0.01		1.04		20.31		0.35864	0.5892	74.995462768	0.9301
2 4 6			0.01		1.05		20.1		0.35807	0.785	46.7364348384	64.2552
0 6 14			0.01		1.07		19.83		0.358	0.9096	81.7552219026	27.2955
3 3 3			-0.0		1.06		19.88		0.35779	0.8081	39.7679129272	70.9373
0 6 10			0.01		1.08		19.65		0.35766	0.8527	69.1637693973	8.5049
5 5 1			0.01		1.09		19.45		0.35759	0.5073	65.769247456	23.9531
1 1 5			-0.07		1.02		20.86		0.35905	1.9661	22.8949597146	247.5537
7 3 3			0.0		1.02		20.86		0.35888	1.9283	72.601334037	69.5466
4 2 12			0.01		1.03		20.58		0.35875	0.2244	63.468523569	4.7972
2 4 14			0.01		1.05		20.31		0.35869	0.5221	70.6383718296	19.4111
0 0 20			-0.01		1.04		20.47		0.36226	0.4542	83.3712939521	4.3689
0 4 16			0.01		1.05		20.26		0.36252	1.5557	75.7704700384	94.8658
2 0 12			0.01		1.06		20.08		0.36243	0.8079	50.6101057273	16.6151
2 6 0			-0.14		0.92		23.32		0.36243	4.3567	58.0028534629	558.9791
3 3 5			-0.02		0.9		23.73		0.36261	1.3995	42.8396693434	151.0913
2 2 14			-0.0		0.9		23.75		0.36242	1.0835	61.7979105177	101.9829