HKL Value		Reward		TotalReward	Chi Squared	Z Appr. 	Error	Two-Thetas	Sfs2
1 5 7			0.0		0.0		0.0		0.3	0.6035	54.1236034243	4.2528
6 4 0			0.0		0.0		0.01		0.33737	1.8287	67.0910631577	58.6803
1 3 7			1.0		1.0		0.01		0.33738	0.1893	39.2755843192	5.3372
5 3 7			-0.38		0.62		0.01		0.33706	0.2523	60.5057581853	5.4388
1 1 7			-0.18		0.44		0.01		0.33731	0.2012	29.7561292971	6.5386
1 1 3			-0.99		-0.56		2.45		0.33717	0.4514	16.9416048235	36.8187
4 6 0			0.2		-0.36		2.05		0.33717	0.7863	67.1083315067	59.4729
0 2 14			0.05		-0.31		1.95		0.33541	0.2479	58.6982494177	6.3292
0 4 2			-0.86		-1.17		14.2		0.33645	3.2657	36.5744795411	137.7475
0 6 8			0.11		-1.06		12.81		0.33565	0.7694	64.1950429677	5.6946
4 0 6			-0.64		-1.7		35.43		0.33507	5.3963	42.900258124	488.2208
2 0 14			0.1		-1.61		32.29		0.33436	0.2634	58.6945218607	7.3942
3 3 7			0.09		-1.52		29.71		0.33493	0.1558	47.1418707618	3.5073
6 0 2			0.08		-1.44		27.63		0.33491	0.2214	55.354768557	5.4487
0 6 2			0.07		-1.38		25.88		0.3349	0.2356	55.3895592761	6.1752
4 4 2			-0.15		-1.53		30.52		0.33529	1.2125	52.0311030722	128.6454
7 1 1			0.05		-1.48		29.1		0.33517	0.5207	65.7483230412	25.2044
4 6 2			0.06		-1.42		27.5		0.33509	0.2349	67.657370766	5.5969
2 0 16			0.04		-1.38		26.35		0.33554	0.5935	67.2372591268	11.8907
5 1 7			0.06		-1.32		24.97		0.33572	0.2609	54.1000446603	4.252
1 7 7			0.05		-1.27		23.72		0.33561	0.4353	72.3061031614	6.1143
5 1 13			0.04		-1.23		22.77		0.3348	0.4567	71.2764535317	11.3258
6 0 0			0.04		-1.19		21.94		0.3348	0.7256	54.7363985401	55.434
2 2 2			-0.13		-1.32		25.18		0.33515	1.1162	26.2109248846	125.5642
6 2 2			-0.11		-1.42		28.17		0.3357	3.3001	58.5687226088	135.1206
4 2 8			0.04		-1.38		27.04		0.33581	0.7605	51.4203212226	2.5419
4 0 2			-0.09		-1.48		29.87		0.33645	1.7854	36.5531212028	138.5255
4 0 14			-0.0		-1.48		29.87		0.35924	1.986	67.7459682929	124.3248
1 1 9			0.04		-1.44		28.81		0.35916	0.2216	37.1193146943	1.1702
3 3 11			-0.06		-1.5		30.75		0.3608	2.1204	58.6030846927	249.5822
3 1 13			0.03		-1.47		29.76		0.36128	0.3869	59.4126405656	11.7895
0 2 16			0.03		-1.44		28.86		0.36192	1.8687	67.2407114996	13.8307
1 7 3			0.0		-1.44		28.84		0.36172	0.9932	66.8968211493	90.2271
1 5 13			0.03		-1.41		27.99		0.36201	1.1973	71.2966048402	12.6128
6 4 2			0.03		-1.38		27.23		0.36201	0.2211	67.6401768609	4.8049
3 5 11			-0.03		-1.41		27.99		0.3622	1.8915	70.5555824797	206.4699
6 0 6			0.03		-1.38		27.3		0.36198	1.0815	60.1501886982	39.9969
3 1 9			0.03		-1.36		26.63		0.36178	0.36	45.2950695798	8.7768
2 0 4			-0.04		-1.4		27.84		0.36189	1.3874	23.4143586184	109.347
7 1 7			0.02		-1.38		27.17		0.36192	0.3505	72.2660298289	5.0526
2 4 6			0.02		-1.36		26.74		0.36153	0.785	46.7364348384	64.2552
0 4 8			-0.06		-1.42		28.57		0.36236	4.1351	47.9021960727	235.0989
3 5 7			0.02		-1.4		27.94		0.36239	0.2309	60.5203777188	5.6046
6 4 6			0.02		-1.38		27.29		0.36237	0.9247	71.9614498967	41.9809
0 6 10			0.02		-1.36		26.77		0.36231	0.8527	69.1637693973	8.5049
2 4 14			0.02		-1.34		26.21		0.36217	0.5221	70.6383718296	19.4111
1 3 13			0.02		-1.31		25.64		0.36229	0.3907	59.4200243294	11.5335
3 1 15			0.02		-1.3		25.16		0.36238	0.2871	67.3554895111	7.7692
4 4 12			-0.01		-1.31		25.54		0.36129	1.9475	72.2035773977	130.2426
0 6 16			0.02		-1.29		25.02		0.36142	0.4825	89.3859051251	7.6515
1 3 15			0.02		-1.27		24.59		0.36153	0.2862	67.3623786269	8.1809
2 4 8			0.02		-1.25		24.16		0.3613	0.1687	51.4325245866	2.4593
0 2 20			0.02		-1.24		23.7		0.36144	0.4494	86.0769303832	2.8517
3 1 7			0.02		-1.22		23.29		0.36145	0.257	39.2655360855	5.205
2 4 10			0.01		-1.2		22.98		0.36139	0.607	57.0555982332	12.0937
1 1 13			0.02		-1.19		22.57		0.36154	0.3722	52.9310122384	10.9703
3 7 1			0.01		-1.17		22.29		0.36152	1.2822	71.5694631273	22.2453
1 1 15			0.01		-1.16		22.08		0.36169	0.656	61.3839959686	20.6242
4 2 14			0.02		-1.15		21.72		0.36159	1.2576	70.6282605877	19.9713
4 2 10			0.01		-1.14		21.46		0.36153	1.1102	57.0442200735	11.3144
0 0 20			0.0		-1.13		21.35		0.36305	0.4542	83.3712939521	4.3689
0 4 10			0.0		-1.13		21.3		0.36318	0.9893	53.7871001638	44.1425
4 6 6			0.02		-1.11		20.96		0.36318	1.1903	71.9781772466	41.9784
2 0 8			0.02		-1.1		20.63		0.36316	0.1665	35.7565424018	1.5727
3 3 9			0.01		-1.08		20.39		0.36309	0.3816	52.4524123761	12.0632
1 1 5			-0.06		-1.15		21.76		0.36333	1.9661	22.8949597146	247.5537
0 6 14			0.01		-1.13		21.49		0.36325	0.9096	81.7552219026	27.2955
2 0 0			-0.02		-1.15		21.87		0.36325	2.02	17.6289686615	175.6782
0 6 6			0.01		-1.14		21.61		0.36317	1.0147	60.183190367	40.9583
9 1 1			0.01		-1.13		21.37		0.36316	0.8793	87.9915459652	19.6393
6 0 12			0.01		-1.11		21.07		0.36316	0.5892	74.995462768	0.9301
0 2 8			0.01		-1.1		20.77		0.36314	0.1155	35.7619852008	1.7384
1 7 1			0.01		-1.09		20.64		0.36314	0.5219	65.7901743415	26.2984
3 1 5			-0.04		-1.13		21.45		0.36333	2.8985	34.1781376955	186.2389
5 3 9			0.01		-1.12		21.31		0.36325	0.4833	65.0662013285	20.8409
3 3 15			0.01		-1.11		21.03		0.36326	0.3402	73.0835579415	3.8877
5 5 1			0.01		-1.1		20.84		0.36326	0.5073	65.769247456	23.9531
0 6 0			0.01		-1.09		20.65		0.36326	1.4277	54.7714555341	59.4019
1 5 3			-0.0		-1.1		20.71		0.36321	0.9511	47.585042181	85.8034
3 5 9			0.01		-1.09		20.57		0.36312	0.4755	65.0802252419	19.5165
3 1 1			0.0		-1.09		20.55		0.36311	0.5239	28.3131072915	41.7464
0 4 20			0.01		-1.08		20.3		0.36315	1.027	94.1654323607	18.6345
6 0 10			0.01		-1.07		20.11		0.36314	1.0728	69.1331306246	8.9056
2 0 12			0.01		-1.06		19.95		0.36306	0.8079	50.6101057273	16.6151
0 2 18			0.01		-1.05		19.73		0.36307	0.3755	76.3208597895	3.7538
4 2 12			0.01		-1.04		19.51		0.36304	0.2244	63.468523569	4.7972
0 4 16			0.01		-1.03		19.32		0.36323	1.5557	75.7704700384	94.8658
3 5 3			-0.01		-1.04		19.51		0.36318	0.9259	54.5093201099	87.7589
2 2 16			0.01		-1.03		19.37		0.36343	1.1693	70.1293332912	108.6018
5 3 3			-0.01		-1.04		19.57		0.36339	0.9351	54.4936931553	89.9375
5 1 1			0.0		-1.03		19.48		0.36339	0.5346	46.1701152	26.7419
6 0 8			0.01		-1.02		19.3		0.36332	2.9234	64.163237895	5.3359
4 0 10			0.0		-1.02		19.3		0.36344	0.6243	53.7713327333	45.2096
2 4 0			0.0		-1.02		19.24		0.36344	1.4359	40.0960076051	88.2765
5 1 9			0.01		-1.01		19.11		0.36336	0.4583	58.9619928854	19.0838
2 4 4			-0.01		-1.03		19.32		0.36337	0.8182	43.1484985256	64.6996
7 3 1			0.01		-1.02		19.19		0.36337	0.5095	71.5359286583	22.1332
2 2 10			-0.0		-1.02		19.19		0.36348	0.6429	46.7739448495	44.8949
1 5 1			0.0		-1.01		19.12		0.36348	0.4978	46.196563203	27.3004
3 3 13			0.01		-1.0		18.93		0.36342	0.5636	65.4922780779	9.1158
4 2 2			0.01		-1.0		18.81		0.36342	0.457	40.8620305525	12.2524
2 6 10			0.0		-1.0		18.8		0.36354	0.7069	72.0169435829	44.7171