HKL Value		Reward		TotalReward	Chi Squared	Z Appr. 	Error	Two-Thetas	Sfs2
1 5 7			0.0		0.0		0.0		0.3	0.6035	54.1236034243	4.2528
6 4 0			0.0		0.0		0.01		0.33737	1.8287	67.0910631577	58.6803
1 3 7			1.0		1.0		0.01		0.33738	0.1893	39.2755843192	5.3372
5 3 7			-0.38		0.62		0.01		0.33706	0.2523	60.5057581853	5.4388
1 1 7			-0.18		0.44		0.01		0.33731	0.2012	29.7561292971	6.5386
3 3 7			-0.78		-0.34		0.06		0.33803	0.1558	47.1418707618	3.5073
4 6 0			0.05		-0.29		0.06		0.33803	0.7863	67.1083315067	59.4729
5 1 7			0.13		-0.16		0.05		0.33793	0.2609	54.1000446603	4.252
0 2 14			-0.83		-0.99		0.28		0.33641	0.2479	58.6982494177	6.3292
6 0 2			-0.49		-1.47		0.54		0.33639	0.2214	55.354768557	5.4487
4 6 2			-0.21		-1.68		0.69		0.33627	0.2349	67.657370766	5.5969
1 7 7			0.08		-1.6		0.64		0.33608	0.4353	72.3061031614	6.1143
3 7 3			-0.69		-2.29		2.05		0.33602	0.8954	72.6346668965	71.6226
0 6 2			-0.04		-2.33		2.13		0.33601	0.2356	55.3895592761	6.1752
2 4 6			0.08		-2.25		1.98		0.33599	0.785	46.7364348384	64.2552
0 6 8			0.01		-2.24		1.96		0.33556	0.7694	64.1950429677	5.6946
2 0 14			0.03		-2.22		1.91		0.33483	0.2634	58.6945218607	7.3942
2 0 16			-0.13		-2.35		2.21		0.33516	0.5935	67.2372591268	11.8907
3 1 13			-0.04		-2.39		2.29		0.3343	0.3869	59.4126405656	11.7895
4 2 8			0.05		-2.34		2.18		0.33453	0.7605	51.4203212226	2.5419
6 0 0			-0.05		-2.39		2.31		0.33453	0.7256	54.7363985401	55.434
0 2 16			-0.11		-2.5		2.6		0.33482	1.8687	67.2407114996	13.8307
1 3 13			-0.01		-2.51		2.63		0.33394	0.3907	59.4200243294	11.5335