HKL Value		Reward		TotalReward	Chi Squared	Z Appr. 	Error	Two-Thetas	Sfs2
1 5 7			0.0		0.0		0.0		0.3	0.6035	54.1236034243	4.2528
6 4 0			0.0		0.0		0.01		0.33737	1.8287	67.0910631577	58.6803
1 3 7			1.0		1.0		0.01		0.33738	0.1893	39.2755843192	5.3372
5 3 7			-0.38		0.62		0.01		0.33706	0.2523	60.5057581853	5.4388
1 1 7			-0.18		0.44		0.01		0.33731	0.2012	29.7561292971	6.5386
2 0 6			-0.99		-0.56		2.07		0.33666	1.6278	29.1406672869	128.8477
2 0 16			-0.23		-0.79		2.69		0.33845	0.5935	67.2372591268	11.8907
2 6 8			-0.85		-1.64		17.95		0.36436	4.3291	67.1483383839	218.3417
5 1 7			0.13		-1.51		15.86		0.36446	0.2609	54.1000446603	4.252
4 6 0			0.12		-1.38		14.1		0.36446	0.7863	67.1083315067	59.4729
3 3 7			0.11		-1.28		12.75		0.36455	0.1558	47.1418707618	3.5073
1 7 7			0.08		-1.2		11.79		0.36467	0.4353	72.3061031614	6.1143
1 1 11			-0.51		-1.71		24.21		0.36425	2.144	44.8525636461	378.5934
3 7 1			0.06		-1.65		22.87		0.36418	1.2822	71.5694631273	22.2453
0 2 14			0.08		-1.57		21.23		0.36415	0.2479	58.6982494177	6.3292
2 0 14			0.07		-1.5		19.82		0.36403	0.2634	58.6945218607	7.3942
1 5 9			0.04		-1.46		18.99		0.36341	0.4394	58.984264935	17.7365
3 1 13			0.06		-1.4		17.87		0.36346	0.3869	59.4126405656	11.7895
0 6 8			0.05		-1.35		17.02		0.36307	0.7694	64.1950429677	5.6946
4 2 4			-0.06		-1.41		18.16		0.36319	0.7624	43.1345383828	64.2766
6 4 2			0.05		-1.36		17.37		0.3632	0.2211	67.6401768609	4.8049
2 2 14			-0.02		-1.39		17.77		0.36214	1.0835	61.7979105177	101.9829
4 2 8			0.04		-1.35		17.09		0.36171	0.7605	51.4203212226	2.5419
4 6 2			0.04		-1.31		16.47		0.36171	0.2349	67.657370766	5.5969
6 0 2			0.04		-1.27		15.85		0.36175	0.2214	55.354768557	5.4487
7 1 7			0.04		-1.23		15.29		0.36179	0.3505	72.2660298289	5.0526
0 2 20			0.04		-1.19		14.72		0.36204	0.4494	86.0769303832	2.8517
0 6 2			0.03		-1.16		14.25		0.36209	0.2356	55.3895592761	6.1752
1 5 13			0.04		-1.13		13.76		0.36234	1.1973	71.2966048402	12.6128
1 3 13			0.04		-1.09		13.29		0.36248	0.3907	59.4200243294	11.5335
0 0 4			-0.07		-1.16		14.23		0.36243	0.8482	15.2869714585	59.1035
0 2 16			0.03		-1.13		13.8		0.36271	1.8687	67.2407114996	13.8307
3 5 7			0.03		-1.1		13.43		0.36273	0.2309	60.5203777188	5.6046
6 0 6			0.02		-1.07		13.13		0.36253	1.0815	60.1501886982	39.9969
0 6 16			0.03		-1.04		12.75		0.36249	0.4825	89.3859051251	7.6515
4 2 14			0.03		-1.02		12.43		0.36235	1.2576	70.6282605877	19.9713
5 5 7			0.03		-0.99		12.12		0.36237	0.6639	72.2860687267	4.3062
2 2 2			-0.14		-1.13		14.09		0.3625	1.1162	26.2109248846	125.5642
3 1 7			0.02		-1.11		13.76		0.36252	0.257	39.2655360855	5.205
4 4 12			-0.05		-1.16		14.53		0.36144	1.9475	72.2035773977	130.2426
4 0 6			-0.32		-1.48		21.45		0.35928	5.3963	42.900258124	488.2208
2 0 8			0.02		-1.46		20.93		0.35928	0.1665	35.7565424018	1.5727
6 0 0			0.02		-1.44		20.54		0.35928	0.7256	54.7363985401	55.434
6 4 6			0.02		-1.42		20.07		0.35949	0.9247	71.9614498967	41.9809
1 5 11			-0.05		-1.46		21.03		0.36031	1.8219	64.7342781598	204.7444
3 1 9			0.02		-1.44		20.6		0.36004	0.36	45.2950695798	8.7768
1 1 13			0.02		-1.42		20.18		0.36041	0.3722	52.9310122384	10.9703
0 6 6			0.02		-1.4		19.8		0.36014	1.0147	60.183190367	40.9583
3 1 3			-0.0		-1.41		19.9		0.35997	1.2003	30.3814370344	67.5761
1 3 9			0.02		-1.39		19.51		0.35976	0.2622	45.3040218183	7.1674
5 1 13			0.02		-1.37		19.15		0.36013	0.4567	71.2764535317	11.3258
4 2 6			0.01		-1.36		18.91		0.35972	1.6049	46.7233273538	62.1975
0 2 12			0.02		-1.34		18.62		0.35909	0.3827	50.6142203783	17.5707
2 4 8			0.02		-1.32		18.29		0.35876	0.1687	51.4325245866	2.4593
0 2 8			0.02		-1.3		17.95		0.35878	0.1155	35.7619852008	1.7384
6 0 8			0.02		-1.29		17.63		0.35857	2.9234	64.163237895	5.3359
3 1 15			0.01		-1.27		17.39		0.35872	0.2871	67.3554895111	7.7692
0 6 14			0.02		-1.26		17.12		0.35863	0.9096	81.7552219026	27.2955
6 0 12			0.02		-1.24		16.83		0.35887	0.5892	74.995462768	0.9301
0 6 10			0.01		-1.22		16.61		0.35876	0.8527	69.1637693973	8.5049
4 2 12			0.02		-1.21		16.33		0.35866	0.2244	63.468523569	4.7972
2 4 6			0.01		-1.2		16.17		0.35829	0.785	46.7364348384	64.2552
5 5 1			0.01		-1.19		16.01		0.35826	0.5073	65.769247456	23.9531
1 1 15			0.0		-1.18		15.95		0.35853	0.656	61.3839959686	20.6242
7 3 3			-0.0		-1.19		16.02		0.3584	1.9283	72.601334037	69.5466
2 0 12			0.01		-1.17		15.81		0.35798	0.8079	50.6101057273	16.6151
1 3 15			0.01		-1.16		15.63		0.35806	0.2862	67.3623786269	8.1809
2 2 16			-0.01		-1.17		15.74		0.35993	1.1693	70.1293332912	108.6018
0 4 0			-0.31		-1.48		22.93		0.35993	6.137	35.7152072575	818.959
0 2 0			-0.02		-1.5		23.29		0.35993	1.4407	17.6394681947	177.2483