HKL Value		Reward		TotalReward	Chi Squared	Z Appr. 	Error	Two-Thetas	Sfs2
1 5 7			0.0		0.0		0.0		0.3	0.6035	54.1236034243	4.2528
6 4 0			0.0		0.0		0.01		0.33737	1.8287	67.0910631577	58.6803
1 3 7			1.0		1.0		0.01		0.33738	0.1893	39.2755843192	5.3372
1 1 3			-1.0		0.0		4.08		0.33709	0.4514	16.9416048235	36.8187
5 3 7			0.33		0.33		3.06		0.33688	0.2523	60.5057581853	5.4388
0 0 16			-0.71		-0.38		10.56		0.32794	1.3342	64.286058028	116.6634
1 5 1			0.03		-0.34		10.22		0.32784	0.4978	46.196563203	27.3004
5 5 1			0.11		-0.23		9.2		0.32777	0.5073	65.769247456	23.9531
1 1 7			0.05		-0.18		8.77		0.32909	0.2012	29.7561292971	6.5386
0 4 8			-0.7		-0.88		29.0		0.33061	4.1351	47.9021960727	235.0989
3 1 15			-0.01		-0.89		29.41		0.32631	0.2871	67.3554895111	7.7692
2 4 2			0.07		-0.82		27.36		0.32627	0.3828	40.8766170199	13.2501
4 6 0			0.09		-0.73		25.09		0.32627	0.7863	67.1083315067	59.4729
2 2 2			-0.18		-0.91		30.75		0.3264	1.1162	26.2109248846	125.5642
0 4 12			0.07		-0.84		28.72		0.32675	1.4889	60.4300914167	161.7651
2 6 0			-0.36		-1.21		45.18		0.32675	4.3567	58.0028534629	558.9791
5 1 7			0.06		-1.15		42.79		0.32775	0.2609	54.1000446603	4.252
1 1 11			-0.04		-1.19		44.51		0.36618	2.144	44.8525636461	378.5934
3 3 7			0.06		-1.13		42.07		0.36626	0.1558	47.1418707618	3.5073
7 1 7			0.05		-1.08		39.93		0.36638	0.3505	72.2660298289	5.0526
0 0 6			-0.32		-1.4		58.8		0.36145	7.4326	23.0169618987	709.6598
1 7 7			0.05		-1.35		56.11		0.36152	0.4353	72.3061031614	6.1143
0 2 14			0.05		-1.3		53.58		0.36176	0.2479	58.6982494177	6.3292
2 0 14			0.05		-1.26		51.25		0.36185	0.2634	58.6945218607	7.3942
0 6 8			0.04		-1.22		49.18		0.3613	0.7694	64.1950429677	5.6946
6 0 2			0.04		-1.18		47.28		0.36136	0.2214	55.354768557	5.4487
0 6 14			0.04		-1.14		45.57		0.36089	0.9096	81.7552219026	27.2955
4 2 8			0.04		-1.1		43.95		0.36028	0.7605	51.4203212226	2.5419
6 4 4			0.03		-1.08		42.87		0.36047	0.6669	69.2748711385	33.991
4 6 2			0.03		-1.04		41.49		0.36048	0.2349	67.657370766	5.5969
1 3 13			0.03		-1.01		40.14		0.36107	0.3907	59.4200243294	11.5335
6 4 2			0.03		-0.98		38.92		0.36107	0.2211	67.6401768609	4.8049
2 0 16			0.03		-0.95		37.74		0.36169	0.5935	67.2372591268	11.8907
2 0 8			0.03		-0.92		36.6		0.36163	0.1665	35.7565424018	1.5727
3 1 13			0.03		-0.89		35.54		0.36192	0.3869	59.4126405656	11.7895
7 3 5			0.02		-0.87		34.93		0.36239	1.0496	74.7140851895	88.0788
0 2 16			0.03		-0.84		33.98		0.36271	1.8687	67.2407114996	13.8307
0 6 2			0.03		-0.82		33.12		0.36274	0.2356	55.3895592761	6.1752
1 5 13			0.03		-0.79		32.26		0.36286	1.1973	71.2966048402	12.6128
6 0 6			0.02		-0.77		31.52		0.36266	1.0815	60.1501886982	39.9969
0 2 20			0.03		-0.74		30.74		0.36275	0.4494	86.0769303832	2.8517
4 0 2			-0.04		-0.78		32.11		0.36291	1.7854	36.5531212028	138.5255
5 3 9			0.02		-0.77		31.59		0.36269	0.4833	65.0662013285	20.8409
5 1 1			0.01		-0.75		31.13		0.36266	0.5346	46.1701152	26.7419
3 5 7			0.02		-0.73		30.46		0.36268	0.2309	60.5203777188	5.6046
3 1 9			0.02		-0.71		29.85		0.36253	0.36	45.2950695798	8.7768
0 6 16			0.02		-0.69		29.2		0.36249	0.4825	89.3859051251	7.6515
4 2 14			0.02		-0.67		28.62		0.36236	1.2576	70.6282605877	19.9713
1 3 1			0.01		-0.66		28.43		0.36233	0.5324	28.3265170018	42.1271
6 4 6			0.02		-0.64		27.85		0.36233	0.9247	71.9614498967	41.9809
3 1 7			0.02		-0.62		27.32		0.36233	0.257	39.2655360855	5.205
4 0 12			-0.03		-0.65		28.21		0.36105	2.7435	60.4154589103	161.2613
6 0 0			0.02		-0.63		27.76		0.36105	0.7256	54.7363985401	55.434
4 2 6			0.01		-0.62		27.38		0.36059	1.6049	46.7233273538	62.1975
2 2 16			0.01		-0.61		27.12		0.36198	1.1693	70.1293332912	108.6018
9 1 1			0.01		-0.6		26.72		0.36196	0.8793	87.9915459652	19.6393
2 4 8			0.02		-0.58		26.3		0.36175	0.1687	51.4325245866	2.4593
0 6 6			0.02		-0.56		25.89		0.36157	1.0147	60.183190367	40.9583
2 0 0			-0.01		-0.58		26.25		0.36157	2.02	17.6289686615	175.6782
3 7 1			0.01		-0.56		25.91		0.36154	1.2822	71.5694631273	22.2453
1 1 13			0.02		-0.55		25.49		0.36168	0.3722	52.9310122384	10.9703
0 2 12			0.01		-0.54		25.17		0.36142	0.3827	50.6142203783	17.5707
0 2 8			0.02		-0.52		24.77		0.3614	0.1155	35.7619852008	1.7384
6 0 8			0.01		-0.5		24.4		0.36121	2.9234	64.163237895	5.3359
4 2 10			0.01		-0.49		24.12		0.36114	1.1102	57.0442200735	11.3144
2 4 6			0.01		-0.48		23.88		0.36081	0.785	46.7364348384	64.2552
6 0 12			0.02		-0.47		23.52		0.36081	0.5892	74.995462768	0.9301
0 6 10			0.01		-0.45		23.23		0.36074	0.8527	69.1637693973	8.5049
5 1 13			0.01		-0.44		22.9		0.36094	0.4567	71.2764535317	11.3258
1 1 15			0.01		-0.43		22.73		0.36114	0.656	61.3839959686	20.6242
2 6 10			0.0		-0.43		22.7		0.36146	0.7069	72.0169435829	44.7171
5 1 9			0.01		-0.42		22.45		0.36121	0.4583	58.9619928854	19.0838
2 4 14			0.01		-0.41		22.16		0.36112	0.5221	70.6383718296	19.4111
0 0 20			0.0		-0.4		22.1		0.36283	0.4542	83.3712939521	4.3689
0 2 18			0.01		-0.39		21.82		0.36284	0.3755	76.3208597895	3.7538
4 2 12			0.01		-0.38		21.55		0.36281	0.2244	63.468523569	4.7972
2 0 12			0.01		-0.37		21.35		0.36271	0.8079	50.6101057273	16.6151
4 6 6			0.01		-0.36		21.07		0.36271	1.1903	71.9781772466	41.9784
7 3 1			0.01		-0.35		20.89		0.3627	0.5095	71.5359286583	22.1332
0 6 4			-0.0		-0.35		20.92		0.36272	0.6675	57.2171401797	42.9768
2 0 6			-0.01		-0.36		21.1		0.36253	1.6278	29.1406672869	128.8477
1 3 15			0.01		-0.35		20.87		0.36256	0.2862	67.3623786269	8.1809
3 5 9			0.01		-0.34		20.73		0.36247	0.4755	65.0802252419	19.5165
1 7 1			0.01		-0.33		20.61		0.36246	0.5219	65.7901743415	26.2984
6 0 4			-0.0		-0.34		20.64		0.36248	0.7069	57.1830782131	42.6751
1 5 9			0.01		-0.33		20.46		0.36238	0.4394	58.984264935	17.7365
3 3 15			0.01		-0.32		20.24		0.3624	0.3402	73.0835579415	3.8877
0 6 0			0.01		-0.31		20.08		0.3624	1.4277	54.7714555341	59.4019
4 4 8			-0.04		-0.35		20.93		0.36262	3.9407	61.1479986878	218.5721
6 2 10			0.0		-0.35		20.91		0.36276	0.7103	71.9901825081	43.9921
4 4 12			-0.01		-0.36		21.18		0.36241	1.9475	72.2035773977	130.2426
6 0 10			0.01		-0.35		21.0		0.36239	1.0728	69.1331306246	8.9056
1 1 9			0.01		-0.34		20.78		0.36238	0.2216	37.1193146943	1.1702
6 2 0			-0.12		-0.46		23.59		0.36238	4.3933	57.9728440251	566.5186
0 0 22			0.01		-0.45		23.36		0.36243	2.2765	94.0325860765	137.6091
0 4 4			-0.01		-0.46		23.65		0.36241	0.8482	39.0545896029	78.0016
7 1 1			0.01		-0.46		23.51		0.3624	0.5207	65.7483230412	25.2044
4 4 0			-0.12		-0.57		26.63		0.3624	4.9852	51.3853572345	648.027
2 4 10			0.01		-0.57		26.43		0.36238	0.607	57.0555982332	12.0937
3 3 9			0.01		-0.56		26.21		0.36231	0.3816	52.4524123761	12.0632
0 0 18			0.01		-0.55		26.0		0.36234	0.6609	73.530655613	37.988
5 1 11			-0.01		-0.56		26.34		0.36239	3.2753	64.7131722767	203.727