HKL Value		Reward		TotalReward	Chi Squared	Z Appr. 	Error	Two-Thetas	Sfs2
1 5 7			0.0		0.0		0.0		0.3	0.6035	54.1236034243	4.2528
6 4 0			0.0		0.0		0.01		0.33737	1.8287	67.0910631577	58.6803
5 3 7			-0.03		-0.03		0.01		0.33689	0.2523	60.5057581853	5.4388
4 6 0			-0.42		-0.44		0.02		0.33689	0.7863	67.1083315067	59.4729
1 3 7			0.24		-0.2		0.02		0.33706	0.1893	39.2755843192	5.3372
0 2 10			-0.99		-1.19		2.72		0.33994	0.4317	42.9590557724	21.0204
1 1 7			0.2		-1.0		2.27		0.33903	0.2012	29.7561292971	6.5386
2 0 14			-0.01		-1.0		2.29		0.3355	0.2634	58.6945218607	7.3942
3 1 9			0.02		-0.98		2.24		0.35282	0.36	45.2950695798	8.7768
0 2 14			0.11		-0.87		2.02		0.35215	0.2479	58.6982494177	6.3292
2 4 2			-0.23		-1.11		2.63		0.35217	0.3828	40.8766170199	13.2501
4 6 2			-0.0		-1.11		2.64		0.35211	0.2349	67.657370766	5.5969
3 3 7			0.06		-1.04		2.48		0.35199	0.1558	47.1418707618	3.5073
7 3 5			0.6		-0.45		1.55		0.38077	1.0496	74.7140851895	88.0788
0 6 8			-0.19		-0.64		1.92		0.38122	0.7694	64.1950429677	5.6946
6 0 2			0.06		-0.58		1.81		0.38126	0.2214	55.354768557	5.4487
0 6 2			0.05		-0.53		1.73		0.38131	0.2356	55.3895592761	6.1752
3 1 13			-0.45		-0.98		3.15		0.36399	0.3869	59.4126405656	11.7895
2 0 16			0.06		-0.92		2.97		0.36386	0.5935	67.2372591268	11.8907
6 0 0			-0.03		-0.95		3.06		0.36386	0.7256	54.7363985401	55.434
0 4 12			-0.42		-1.37		5.29		0.3482	1.4889	60.4300914167	161.7651
1 7 7			0.03		-1.34		5.13		0.34806	0.4353	72.3061031614	6.1143
4 2 8			0.04		-1.3		4.94		0.34823	0.7605	51.4203212226	2.5419
0 2 16			-0.01		-1.31		4.99		0.34761	1.8687	67.2407114996	13.8307
2 2 6			-0.73		-2.04		18.36		0.34436	8.3224	34.2684003079	615.2447
4 2 14			0.02		-2.02		17.94		0.34621	1.2576	70.6282605877	19.9713
1 5 13			0.02		-1.99		17.54		0.34621	1.1973	71.2966048402	12.6128
4 0 14			-0.05		-2.05		18.51		0.34924	1.986	67.7459682929	124.3248
2 4 6			0.03		-2.01		17.9		0.34902	0.785	46.7364348384	64.2552
6 4 2			0.03		-1.98		17.36		0.34899	0.2211	67.6401768609	4.8049
6 0 6			0.03		-1.95		16.79		0.34906	1.0815	60.1501886982	39.9969
5 1 7			0.03		-1.92		16.28		0.34901	0.2609	54.1000446603	4.252
7 1 7			0.03		-1.89		15.82		0.34895	0.3505	72.2660298289	5.0526
6 4 6			0.02		-1.87		15.52		0.3495	0.9247	71.9614498967	41.9809
6 0 12			-0.01		-1.88		15.74		0.35433	0.5892	74.995462768	0.9301
2 4 14			0.03		-1.85		15.31		0.35443	0.5221	70.6383718296	19.4111
3 5 7			0.02		-1.83		14.94		0.35442	0.2309	60.5203777188	5.6046
1 3 15			0.02		-1.81		14.64		0.35418	0.2862	67.3623786269	8.1809
3 1 15			0.02		-1.79		14.35		0.35391	0.2871	67.3554895111	7.7692
2 4 10			0.02		-1.77		14.11		0.35383	0.607	57.0555982332	12.0937
7 1 5			-0.04		-1.81		14.69		0.35464	1.5264	69.0427278305	98.726
2 4 8			0.02		-1.79		14.33		0.35462	0.1687	51.4325245866	2.4593
0 2 20			0.02		-1.76		13.99		0.35466	0.4494	86.0769303832	2.8517
3 3 11			-0.12		-1.88		15.87		0.35651	2.1204	58.6030846927	249.5822
0 6 16			0.02		-1.86		15.59		0.35698	0.4825	89.3859051251	7.6515
1 1 15			0.0		-1.86		15.54		0.35758	0.656	61.3839959686	20.6242
3 5 1			0.0		-1.85		15.48		0.35746	0.5283	53.2544885252	31.9012
1 3 13			0.02		-1.84		15.22		0.35845	0.3907	59.4200243294	11.5335
3 1 7			0.02		-1.82		14.94		0.35849	0.257	39.2655360855	5.205
3 3 5			-0.06		-1.88		15.89		0.3601	1.3995	42.8396693434	151.0913
6 0 8			0.02		-1.86		15.6		0.3598	2.9234	64.163237895	5.3359
4 2 10			0.01		-1.85		15.4		0.35962	1.1102	57.0442200735	11.3144
1 1 13			0.02		-1.83		15.14		0.36009	0.3722	52.9310122384	10.9703
5 5 1			0.01		-1.82		14.97		0.36006	0.5073	65.769247456	23.9531
3 3 9			0.02		-1.8		14.74		0.35963	0.3816	52.4524123761	12.0632
1 1 9			0.02		-1.78		14.47		0.35959	0.2216	37.1193146943	1.1702
2 0 8			0.02		-1.77		14.21		0.35958	0.1665	35.7565424018	1.5727
3 1 1			-0.01		-1.77		14.3		0.3595	0.5239	28.3131072915	41.7464
0 6 14			0.02		-1.76		14.08		0.35932	0.9096	81.7552219026	27.2955
5 1 13			0.01		-1.74		13.88		0.3598	0.4567	71.2764535317	11.3258
0 6 6			0.01		-1.73		13.68		0.3595	1.0147	60.183190367	40.9583
5 1 9			0.01		-1.71		13.51		0.35895	0.4583	58.9619928854	19.0838
4 6 6			0.02		-1.7		13.3		0.35909	1.1903	71.9781772466	41.9784
5 3 9			0.01		-1.69		13.19		0.35844	0.4833	65.0662013285	20.8409
9 1 1			0.01		-1.68		13.06		0.35839	0.8793	87.9915459652	19.6393
0 2 12			0.01		-1.67		12.9		0.35766	0.3827	50.6142203783	17.5707
1 3 5			-0.09		-1.75		14.11		0.35903	3.1323	34.189462707	190.138
0 6 0			0.01		-1.75		13.99		0.35903	1.4277	54.7714555341	59.4019
0 6 10			0.01		-1.73		13.84		0.3589	0.8527	69.1637693973	8.5049
3 3 15			0.01		-1.72		13.67		0.35898	0.3402	73.0835579415	3.8877
7 1 1			0.0		-1.72		13.61		0.35896	0.5207	65.7483230412	25.2044
4 4 0			-0.24		-1.96		18.02		0.35896	4.9852	51.3853572345	648.027
3 5 9			0.01		-1.95		17.84		0.3583	0.4755	65.0802252419	19.5165
1 1 17			-0.04		-1.99		18.56		0.3563	2.447	70.2810461715	248.4175
7 3 1			0.01		-1.98		18.39		0.35627	0.5095	71.5359286583	22.1332
2 2 10			-0.01		-1.99		18.49		0.3565	0.6429	46.7739448495	44.8949
0 4 20			-0.0		-1.99		18.54		0.35961	1.027	94.1654323607	18.6345
2 0 12			0.01		-1.98		18.34		0.35938	0.8079	50.6101057273	16.6151
6 0 10			0.01		-1.97		18.16		0.35934	1.0728	69.1331306246	8.9056
0 2 8			0.01		-1.96		17.93		0.35934	0.1155	35.7619852008	1.7384
4 2 12			0.01		-1.94		17.71		0.35928	0.2244	63.468523569	4.7972
4 0 4			-0.02		-1.97		18.12		0.35921	1.2165	39.0343929222	79.1487
2 4 12			0.01		-1.95		17.9		0.35915	0.2205	63.4791913795	4.8908
0 2 18			0.01		-1.94		17.7		0.35913	0.3755	76.3208597895	3.7538
0 4 16			0.0		-1.94		17.66		0.35992	1.5557	75.7704700384	94.8658
5 1 1			0.0		-1.94		17.58		0.3599	0.5346	46.1701152	26.7419
0 6 4			-0.0		-1.94		17.66		0.35994	0.6675	57.2171401797	42.9768
1 7 1			0.0		-1.94		17.58		0.35992	0.5219	65.7901743415	26.2984
0 6 12			0.01		-1.92		17.38		0.3599	0.3425	75.0250979777	1.887
0 0 20			-0.01		-1.93		17.54		0.36192	0.4542	83.3712939521	4.3689
6 0 4			-0.0		-1.94		17.61		0.36194	0.7069	57.1830782131	42.6751
0 4 10			-0.0		-1.94		17.63		0.36204	0.9893	53.7871001638	44.1425