HKL Value		Reward		TotalReward	Chi Squared	Z Appr. 	Error	Two-Thetas	Sfs2
1 5 7			0.0		0.0		0.0		0.3	0.6035	54.1236034243	4.2528
6 4 0			0.0		0.0		0.01		0.33737	1.8287	67.0910631577	58.6803
1 1 3			-1.0		-1.0		6.11		0.33683	0.4514	16.9416048235	36.8187
5 3 7			0.5		-0.5		4.08		0.33664	0.2523	60.5057581853	5.4388
4 6 0			0.33		-0.17		3.07		0.33664	0.7863	67.1083315067	59.4729
2 0 14			0.15		-0.02		2.68		0.33403	0.2634	58.6945218607	7.3942
1 3 7			0.17		0.14		2.29		0.33463	0.1893	39.2755843192	5.3372
0 2 14			0.14		0.29		2.01		0.33399	0.2479	58.6982494177	6.3292
1 1 7			0.1		0.38		1.83		0.33444	0.2012	29.7561292971	6.5386
4 2 0			-0.4		-0.02		3.05		0.33444	0.9287	40.0811891304	86.5118
4 6 2			0.04		0.02		2.93		0.33436	0.2349	67.657370766	5.5969
0 6 8			0.06		0.08		2.77		0.33402	0.7694	64.1950429677	5.6946
0 6 2			-0.01		0.07		2.8		0.33401	0.2356	55.3895592761	6.1752
6 0 2			0.0		0.08		2.79		0.33399	0.2214	55.354768557	5.4487
3 1 9			-0.38		-0.31		4.51		0.33439	0.36	45.2950695798	8.7768
3 1 13			0.02		-0.28		4.41		0.33316	0.3869	59.4126405656	11.7895
3 3 7			0.04		-0.25		4.25		0.33413	0.1558	47.1418707618	3.5073
6 0 0			-0.01		-0.25		4.28		0.33413	0.7256	54.7363985401	55.434
2 0 16			-0.04		-0.29		4.43		0.33446	0.5935	67.2372591268	11.8907
0 0 18			0.38		0.1		3.21		0.35251	0.6609	73.530655613	37.988
0 6 16			-0.01		0.09		3.23		0.35204	0.4825	89.3859051251	7.6515
3 3 11			-0.52		-0.43		6.72		0.36306	2.1204	58.6030846927	249.5822
2 4 14			0.03		-0.4		6.49		0.36276	0.5221	70.6383718296	19.4111
4 2 8			0.02		-0.37		6.36		0.36228	0.7605	51.4203212226	2.5419
0 2 16			0.04		-0.34		6.13		0.36274	1.8687	67.2407114996	13.8307
1 7 7			0.03		-0.31		5.98		0.36277	0.4353	72.3061031614	6.1143
1 5 13			0.04		-0.27		5.76		0.36292	1.1973	71.2966048402	12.6128
4 2 10			-0.0		-0.28		5.79		0.36286	1.1102	57.0442200735	11.3144
9 1 1			0.0		-0.28		5.77		0.36283	0.8793	87.9915459652	19.6393
4 2 14			0.02		-0.25		5.63		0.36262	1.2576	70.6282605877	19.9713
0 4 20			0.03		-0.22		5.45		0.36287	1.027	94.1654323607	18.6345
2 4 6			-0.03		-0.25		5.62		0.36261	0.785	46.7364348384	64.2552
6 0 6			0.01		-0.24		5.56		0.36245	1.0815	60.1501886982	39.9969
6 0 12			0.03		-0.21		5.39		0.36243	0.5892	74.995462768	0.9301
2 4 10			-0.01		-0.22		5.44		0.36238	0.607	57.0555982332	12.0937
6 4 6			0.03		-0.19		5.28		0.36237	0.9247	71.9614498967	41.9809
6 4 2			0.02		-0.17		5.2		0.36237	0.2211	67.6401768609	4.8049
7 1 7			0.02		-0.15		5.11		0.36238	0.3505	72.2660298289	5.0526
3 1 15			0.01		-0.14		5.04		0.36245	0.2871	67.3554895111	7.7692
3 5 7			0.02		-0.12		4.96		0.36247	0.2309	60.5203777188	5.6046
1 3 15			0.01		-0.11		4.91		0.36254	0.2862	67.3623786269	8.1809
2 4 8			0.01		-0.11		4.88		0.36234	0.1687	51.4325245866	2.4593
5 5 1			-0.01		-0.11		4.91		0.36232	0.5073	65.769247456	23.9531
3 3 9			0.0		-0.11		4.89		0.36216	0.3816	52.4524123761	12.0632
5 1 7			0.02		-0.09		4.81		0.36217	0.2609	54.1000446603	4.252
1 1 13			0.02		-0.07		4.71		0.36226	0.3722	52.9310122384	10.9703
6 0 8			0.01		-0.06		4.66		0.36211	2.9234	64.163237895	5.3359
1 1 15			-0.02		-0.08		4.77		0.36223	0.656	61.3839959686	20.6242
5 3 9			-0.02		-0.1		4.87		0.36204	0.4833	65.0662013285	20.8409
0 2 20			0.02		-0.08		4.78		0.36214	0.4494	86.0769303832	2.8517
5 3 3			-0.12		-0.2		5.42		0.36205	0.9351	54.4936931553	89.9375
1 1 9			0.02		-0.18		5.32		0.36203	0.2216	37.1193146943	1.1702
0 6 14			0.01		-0.17		5.27		0.36189	0.9096	81.7552219026	27.2955
5 5 3			-0.06		-0.24		5.61		0.36182	0.8107	66.8760743485	64.1048
5 1 9			0.0		-0.23		5.61		0.36161	0.4583	58.9619928854	19.0838
0 0 14			-0.03		-0.27		5.79		0.36133	0.8389	55.4890953336	74.9432
5 1 13			0.02		-0.25		5.7		0.36146	0.4567	71.2764535317	11.3258
3 1 7			0.01		-0.24		5.62		0.36146	0.257	39.2655360855	5.205
2 0 2			-0.06		-0.29		5.97		0.36145	0.6502	19.2320929378	35.9547
1 3 13			0.02		-0.28		5.88		0.36157	0.3907	59.4200243294	11.5335
7 1 5			-0.06		-0.34		6.23		0.36183	1.5264	69.0427278305	98.726
2 2 10			-0.04		-0.37		6.48		0.36205	0.6429	46.7739448495	44.8949
0 6 6			0.01		-0.37		6.43		0.36193	1.0147	60.183190367	40.9583
4 4 0			-0.44		-0.81		11.5		0.36193	4.9852	51.3853572345	648.027
0 6 0			0.01		-0.8		11.43		0.36193	1.4277	54.7714555341	59.4019
2 0 8			0.02		-0.78		11.25		0.36191	0.1665	35.7565424018	1.5727
7 1 1			0.0		-0.78		11.24		0.36189	0.5207	65.7483230412	25.2044
2 4 2			0.0		-0.78		11.19		0.3619	0.3828	40.8766170199	13.2501
0 6 10			0.01		-0.77		11.09		0.36187	0.8527	69.1637693973	8.5049
4 4 2			-0.09		-0.86		12.14		0.36197	1.2125	52.0311030722	128.6454
1 7 1			0.0		-0.85		12.12		0.36196	0.5219	65.7901743415	26.2984
2 6 10			-0.01		-0.86		12.23		0.36217	0.7069	72.0169435829	44.7171
4 6 4			-0.0		-0.86		12.24		0.36221	1.0731	69.291881243	33.3045
0 2 18			0.01		-0.85		12.09		0.36221	0.3755	76.3208597895	3.7538
4 6 6			0.01		-0.84		11.93		0.36221	1.1903	71.9781772466	41.9784
3 5 9			0.0		-0.84		11.89		0.36205	0.4755	65.0802252419	19.5165
1 3 9			0.01		-0.82		11.75		0.36197	0.2622	45.3040218183	7.1674
0 0 6			-0.3		-1.13		16.88		0.36108	7.4326	23.0169618987	709.6598
0 6 18			0.01		-1.11		16.67		0.36108	0.7949	98.0280769063	1.8601
6 2 8			-0.05		-1.17		17.61		0.36156	3.3751	67.1207225085	222.106
7 3 1			0.01		-1.16		17.47		0.36155	0.5095	71.5359286583	22.1332
3 3 15			0.01		-1.15		17.27		0.36159	0.3402	73.0835579415	3.8877
3 5 3			-0.01		-1.16		17.48		0.36151	0.9259	54.5093201099	87.7589
6 0 10			0.01		-1.15		17.33		0.36147	1.0728	69.1331306246	8.9056
0 2 8			0.01		-1.14		17.12		0.36146	0.1155	35.7619852008	1.7384
0 2 10			0.0		-1.14		17.08		0.3614	0.4317	42.9590557724	21.0204
2 6 0			-0.15		-1.29		20.08		0.3614	4.3567	58.0028534629	558.9791
2 0 12			0.01		-1.28		19.91		0.3612	0.8079	50.6101057273	16.6151
3 5 5			-0.02		-1.29		20.22		0.36153	1.2751	56.9624934876	133.7285
0 2 6			-0.01		-1.3		20.39		0.36118	1.1672	29.1471999487	131.5155
3 5 1			0.0		-1.3		20.31		0.36116	0.5283	53.2544885252	31.9012
5 1 1			0.0		-1.29		20.21		0.36114	0.5346	46.1701152	26.7419
0 6 4			-0.0		-1.29		20.25		0.36118	0.6675	57.2171401797	42.9768
0 0 20			0.0		-1.29		20.23		0.36271	0.4542	83.3712939521	4.3689
6 0 4			-0.0		-1.3		20.26		0.36273	0.7069	57.1830782131	42.6751
0 4 16			0.01		-1.29		20.09		0.36294	1.5557	75.7704700384	94.8658
6 2 10			0.0		-1.29		20.07		0.36306	0.7103	71.9901825081	43.9921
3 7 3			-0.0		-1.29		20.11		0.36302	0.8954	72.6346668965	71.6226
0 4 10			0.0		-1.29		20.09		0.36315	0.9893	53.7871001638	44.1425
4 2 12			0.01		-1.28		19.9		0.36312	0.2244	63.468523569	4.7972
2 4 0			0.0		-1.27		19.84		0.36312	1.4359	40.0960076051	88.2765
0 0 16			0.01		-1.27		19.74		0.36342	1.3342	64.286058028	116.6634