HKL Value		Reward		TotalReward	Chi Squared	Z Appr. 	Error	Two-Thetas	Sfs2
5 3 9			0.0		0.0		0.0		0.3	0.4833	65.0662013285	20.8409
2 2 16			0.0		0.0		0.0		0.31866	1.1693	70.1293332912	108.6018
1 5 7			-1.0		-1.0		11.59		0.32408	0.6035	54.1236034243	4.2528
0 4 14			-0.72		-1.72		41.57		0.32421	1.2337	67.7597167724	121.3788
3 3 15			0.17		-1.55		35.44		0.32032	0.3402	73.0835579415	3.8877
6 4 0			0.25		-1.3		28.35		0.32032	1.8287	67.0910631577	58.6803
4 6 0			0.2		-1.1		23.63		0.32032	0.7863	67.1083315067	59.4729
5 3 7			0.0		-1.1		23.59		0.32177	0.2523	60.5057581853	5.4388
1 3 7			0.01		-1.08		23.27		0.32294	0.1893	39.2755843192	5.3372
2 0 14			0.08		-1.0		21.48		0.3231	0.2634	58.6945218607	7.3942
3 3 7			-0.02		-1.02		21.86		0.32456	0.1558	47.1418707618	3.5073
6 0 2			0.09		-0.93		20.09		0.32456	0.2214	55.354768557	5.4487
0 2 14			0.05		-0.88		19.1		0.32494	0.2479	58.6982494177	6.3292
2 4 8			0.04		-0.84		18.37		0.32557	0.1687	51.4325245866	2.4593
0 6 2			0.06		-0.77		17.26		0.32557	0.2356	55.3895592761	6.1752
1 1 17			-0.41		-1.18		29.36		0.32606	2.447	70.2810461715	248.4175
0 6 8			0.07		-1.12		27.53		0.32609	0.7694	64.1950429677	5.6946
3 3 5			-0.15		-1.27		32.47		0.32662	1.3995	42.8396693434	151.0913
4 6 2			0.06		-1.21		30.74		0.32661	0.2349	67.657370766	5.5969
0 6 18			-0.08		-1.3		33.53		0.32045	0.7949	98.0280769063	1.8601
0 2 4			-0.08		-1.38		36.4		0.32048	1.326	23.4223631322	110.0283
3 7 1			0.05		-1.33		34.8		0.32046	1.2822	71.5694631273	22.2453
0 4 2			-0.08		-1.41		38.01		0.3205	3.2657	36.5744795411	137.7475
2 4 6			0.04		-1.37		36.39		0.32052	0.785	46.7364348384	64.2552
6 0 0			0.04		-1.33		35.07		0.32052	0.7256	54.7363985401	55.434
3 1 13			0.01		-1.32		34.56		0.3212	0.3869	59.4126405656	11.7895
1 5 13			0.02		-1.3		33.88		0.3217	1.1973	71.2966048402	12.6128
0 6 16			0.03		-1.26		32.78		0.32191	0.4825	89.3859051251	7.6515
2 0 16			0.04		-1.23		31.64		0.322	0.5935	67.2372591268	11.8907
0 0 14			-0.03		-1.26		32.57		0.322	0.8389	55.4890953336	74.9432
2 4 14			0.03		-1.22		31.56		0.322	0.5221	70.6383718296	19.4111
1 3 15			0.03		-1.2		30.65		0.32182	0.2862	67.3623786269	8.1809
0 2 16			0.03		-1.16		29.71		0.32186	1.8687	67.2407114996	13.8307
2 4 10			0.03		-1.13		28.83		0.32182	0.607	57.0555982332	12.0937
4 2 6			0.03		-1.1		27.99		0.32182	1.6049	46.7233273538	62.1975
4 2 8			0.01		-1.09		27.62		0.32195	0.7605	51.4203212226	2.5419
1 7 7			0.01		-1.08		27.23		0.32215	0.4353	72.3061031614	6.1143
6 0 6			0.03		-1.05		26.52		0.32214	1.0815	60.1501886982	39.9969
4 2 14			0.02		-1.02		25.88		0.32214	1.2576	70.6282605877	19.9713
6 4 2			0.03		-1.0		25.24		0.32213	0.2211	67.6401768609	4.8049
6 4 6			0.02		-0.98		24.85		0.32208	0.9247	71.9614498967	41.9809
1 1 7			0.0		-0.98		24.81		0.32236	0.2012	29.7561292971	6.5386
3 3 1			0.02		-0.97		24.43		0.32236	0.5106	38.1558496662	33.1617
1 1 15			0.02		-0.94		23.92		0.32243	0.656	61.3839959686	20.6242
4 6 4			-0.0		-0.94		23.92		0.32243	1.0731	69.291881243	33.3045
3 1 15			0.02		-0.93		23.51		0.32225	0.2871	67.3554895111	7.7692
5 5 1			0.02		-0.91		23.05		0.32225	0.5073	65.769247456	23.9531
7 1 7			0.01		-0.9		22.92		0.32245	0.3505	72.2660298289	5.0526
1 1 13			0.01		-0.89		22.74		0.32275	0.3722	52.9310122384	10.9703
2 2 8			-0.13		-1.02		26.08		0.32277	1.8488	40.1384116224	216.1995
2 2 10			0.02		-1.0		25.56		0.32274	0.6429	46.7739448495	44.8949
4 2 12			-0.04		-1.04		26.52		0.32208	0.2244	63.468523569	4.7972
4 4 10			0.02		-1.02		26.02		0.32205	0.6886	66.23802526	47.6672
7 1 1			0.01		-1.0		25.64		0.32205	0.5207	65.7483230412	25.2044
6 2 8			-0.1		-1.11		28.61		0.32208	3.3751	67.1207225085	222.106
3 5 7			0.01		-1.1		28.42		0.32228	0.2309	60.5203777188	5.6046
0 6 0			0.01		-1.09		28.03		0.32228	1.4277	54.7714555341	59.4019
5 1 1			0.01		-1.07		27.67		0.32226	0.5346	46.1701152	26.7419
3 1 5			-0.07		-1.14		29.69		0.3223	2.8985	34.1781376955	186.2389
2 6 6			-0.05		-1.2		31.42		0.32237	5.383	63.2392339525	346.2148
0 2 20			-0.01		-1.21		31.79		0.32194	0.4494	86.0769303832	2.8517