HKL Value		Reward		TotalReward	Chi Squared	Z Appr. 	Error	Two-Thetas	Sfs2
1 5 7			0.0		0.0		0.0		0.3	0.6035	54.1236034243	4.2528
6 4 0			0.0		0.0		0.01		0.33737	1.8287	67.0910631577	58.6803
1 3 7			1.0		1.0		0.01		0.33738	0.1893	39.2755843192	5.3372
1 1 7			-0.04		0.96		0.01		0.3376	0.2012	29.7561292971	6.5386
5 3 7			-0.47		0.49		0.01		0.33731	0.2523	60.5057581853	5.4388
5 1 7			0.25		0.73		0.01		0.33732	0.2609	54.1000446603	4.252
4 6 0			-0.34		0.4		0.02		0.33732	0.7863	67.1083315067	59.4729
3 3 7			-0.68		-0.28		0.05		0.33793	0.1558	47.1418707618	3.5073
1 7 7			-0.41		-0.7		0.08		0.33748	0.4353	72.3061031614	6.1143
2 0 14			-0.74		-1.44		0.32		0.33606	0.2634	58.6945218607	7.3942
0 2 14			-0.17		-1.61		0.39		0.33526	0.2479	58.6982494177	6.3292
6 4 2			-0.2		-1.81		0.49		0.33519	0.2211	67.6401768609	4.8049
5 1 9			-0.71		-2.52		1.71		0.33586	0.4583	58.9619928854	19.0838
0 6 12			0.26		-2.27		1.36		0.3569	0.3425	75.0250979777	1.887
4 4 4			-0.72		-2.99		4.82		0.35616	0.8476	53.9354251327	76.9211
7 1 7			0.04		-2.94		4.62		0.35614	0.3505	72.2660298289	5.0526
2 2 14			-0.18		-3.12		5.63		0.35655	1.0835	61.7979105177	101.9829
3 3 1			-0.07		-3.19		6.07		0.3564	0.5106	38.1558496662	33.1617
0 6 8			0.06		-3.14		5.73		0.35635	0.7694	64.1950429677	5.6946
4 6 2			0.03		-3.11		5.58		0.35633	0.2349	67.657370766	5.5969
4 2 8			0.05		-3.06		5.3		0.35616	0.7605	51.4203212226	2.5419
3 1 13			0.01		-3.05		5.27		0.3569	0.3869	59.4126405656	11.7895
6 0 2			0.03		-3.02		5.12		0.35698	0.2214	55.354768557	5.4487
1 3 13			0.01		-3.01		5.06		0.3581	0.3907	59.4200243294	11.5335
0 2 20			0.04		-2.97		4.88		0.35748	0.4494	86.0769303832	2.8517
2 0 16			0.01		-2.96		4.84		0.36044	0.5935	67.2372591268	11.8907
2 0 12			0.01		-2.95		4.77		0.35763	0.8079	50.6101057273	16.6151
3 1 7			0.02		-2.92		4.66		0.35763	0.257	39.2655360855	5.205
1 5 13			0.01		-2.91		4.6		0.36019	1.1973	71.2966048402	12.6128
0 6 2			0.02		-2.9		4.52		0.36034	0.2356	55.3895592761	6.1752
3 5 7			0.02		-2.88		4.44		0.36041	0.2309	60.5203777188	5.6046
0 2 16			0.02		-2.86		4.37		0.3617	1.8687	67.2407114996	13.8307
6 0 6			0.01		-2.85		4.32		0.36128	1.0815	60.1501886982	39.9969
2 0 8			0.03		-2.82		4.19		0.36122	0.1665	35.7565424018	1.5727
4 0 2			-0.37		-3.19		6.66		0.36163	1.7854	36.5531212028	138.5255
0 6 16			0.03		-3.16		6.47		0.36177	0.4825	89.3859051251	7.6515
4 2 14			0.02		-3.14		6.33		0.36159	1.2576	70.6282605877	19.9713
4 4 6			-0.45		-3.59		11.47		0.3569	4.3817	57.0116572758	400.3855
3 1 9			0.03		-3.56		11.17		0.35638	0.36	45.2950695798	8.7768
6 0 0			0.02		-3.54		11.01		0.35638	0.7256	54.7363985401	55.434
4 2 6			0.02		-3.53		10.83		0.35558	1.6049	46.7233273538	62.1975
1 1 13			0.01		-3.51		10.67		0.3563	0.3722	52.9310122384	10.9703
0 6 6			0.02		-3.49		10.44		0.35592	1.0147	60.183190367	40.9583
1 3 9			0.02		-3.47		10.19		0.35602	0.2622	45.3040218183	7.1674
6 0 8			0.02		-3.44		9.96		0.35597	2.9234	64.163237895	5.3359
2 4 8			0.02		-3.42		9.74		0.35584	0.1687	51.4325245866	2.4593
5 5 1			0.01		-3.41		9.66		0.35577	0.5073	65.769247456	23.9531
7 3 1			0.01		-3.4		9.58		0.3557	0.5095	71.5359286583	22.1332
0 2 12			0.02		-3.38		9.39		0.35532	0.3827	50.6142203783	17.5707
0 6 10			0.01		-3.37		9.26		0.35522	0.8527	69.1637693973	8.5049
6 4 6			0.02		-3.35		9.11		0.35552	0.9247	71.9614498967	41.9809
5 1 13			0.01		-3.34		9.02		0.35589	0.4567	71.2764535317	11.3258
2 4 14			0.02		-3.33		8.86		0.35593	0.5221	70.6383718296	19.4111
2 4 6			0.01		-3.32		8.78		0.35553	0.785	46.7364348384	64.2552
1 5 3			-0.03		-3.34		9.02		0.35536	0.9511	47.585042181	85.8034
1 1 15			-0.01		-3.35		9.11		0.35544	0.656	61.3839959686	20.6242
3 1 15			0.01		-3.34		9.02		0.35528	0.2871	67.3554895111	7.7692
1 3 15			0.01		-3.33		8.93		0.35507	0.2862	67.3623786269	8.1809
6 0 12			0.01		-3.32		8.85		0.35676	0.5892	74.995462768	0.9301
4 2 10			0.01		-3.32		8.78		0.35663	1.1102	57.0442200735	11.3144
3 5 9			0.01		-3.31		8.69		0.35616	0.4755	65.0802252419	19.5165
4 6 6			0.01		-3.29		8.57		0.35639	1.1903	71.9781772466	41.9784
2 2 12			-0.1		-3.39		9.51		0.3544	1.9766	54.0147953295	208.0279
2 0 2			-0.03		-3.42		9.76		0.35437	0.6502	19.2320929378	35.9547
5 5 7			0.01		-3.4		9.63		0.35436	0.6639	72.2860687267	4.3062
0 6 4			-0.02		-3.43		9.87		0.35444	0.6675	57.2171401797	42.9768
0 6 14			0.01		-3.41		9.75		0.35452	0.9096	81.7552219026	27.2955
0 6 0			0.01		-3.41		9.7		0.35452	1.4277	54.7714555341	59.4019
3 1 11			-0.15		-3.56		11.44		0.35555	2.3814	52.0481274199	292.2152
5 3 11			-0.06		-3.62		12.16		0.35642	1.8677	70.5420870211	204.0714
3 3 5			-0.06		-3.68		12.93		0.35716	1.3995	42.8396693434	151.0913