HKL Value		Reward		TotalReward	Chi Squared	Z Appr. 	Error	Two-Thetas	Sfs2
1 5 7			0.0		0.0		0.0		0.3	0.6035	54.1236034243	4.2528
6 4 0			0.0		0.0		0.01		0.33737	1.8287	67.0910631577	58.6803
1 3 7			1.0		1.0		0.01		0.33738	0.1893	39.2755843192	5.3372
5 3 7			-0.38		0.62		0.01		0.33706	0.2523	60.5057581853	5.4388
1 1 7			-0.18		0.44		0.01		0.33731	0.2012	29.7561292971	6.5386
4 6 0			-0.31		0.12		0.02		0.33731	0.7863	67.1083315067	59.4729
0 6 2			-0.97		-0.84		0.54		0.3373	0.2356	55.3895592761	6.1752
3 3 7			0.09		-0.75		0.5		0.33803	0.1558	47.1418707618	3.5073
6 2 6			-0.97		-1.72		15.82		0.33667	3.9921	63.2107357729	344.5633
5 1 7			0.12		-1.6		14.06		0.33674	0.2609	54.1000446603	4.252
2 0 14			0.09		-1.5		12.85		0.33568	0.2634	58.6945218607	7.3942
0 2 14			0.09		-1.41		11.75		0.33505	0.2479	58.6982494177	6.3292
6 0 2			0.07		-1.34		10.99		0.33504	0.2214	55.354768557	5.4487
1 7 7			0.08		-1.26		10.15		0.33499	0.4353	72.3061031614	6.1143
0 6 8			0.07		-1.19		9.52		0.33473	0.7694	64.1950429677	5.6946
2 0 16			0.02		-1.17		9.35		0.335	0.5935	67.2372591268	11.8907
4 6 2			0.05		-1.12		8.89		0.33493	0.2349	67.657370766	5.5969
1 3 13			0.04		-1.08		8.57		0.33421	0.3907	59.4200243294	11.5335
3 1 13			0.04		-1.05		8.26		0.33355	0.3869	59.4126405656	11.7895
4 2 8			0.05		-1.0		7.85		0.3338	0.7605	51.4203212226	2.5419
6 4 2			0.04		-0.95		7.53		0.33376	0.2211	67.6401768609	4.8049
3 3 11			-0.44		-1.39		13.37		0.36101	2.1204	58.6030846927	249.5822
0 4 0			-0.63		-2.01		35.7		0.36101	6.137	35.7152072575	818.959
0 2 16			0.04		-1.97		34.23		0.36188	1.8687	67.2407114996	13.8307
6 0 0			0.04		-1.93		33.0		0.36188	0.7256	54.7363985401	55.434
1 1 1			0.01		-1.92		32.66		0.36178	0.5749	13.0194761966	56.7652
7 1 7			0.04		-1.89		31.48		0.36181	0.3505	72.2660298289	5.0526
1 5 13			0.04		-1.85		30.33		0.36215	1.1973	71.2966048402	12.6128
6 0 6			0.03		-1.82		29.36		0.36183	1.0815	60.1501886982	39.9969
4 2 14			0.03		-1.78		28.4		0.36162	1.2576	70.6282605877	19.9713
3 1 9			0.03		-1.75		27.53		0.36132	0.36	45.2950695798	8.7768
3 5 7			0.03		-1.72		26.7		0.36134	0.2309	60.5203777188	5.6046
7 1 5			-0.0		-1.72		26.71		0.36203	1.5264	69.0427278305	98.726
6 4 6			0.03		-1.69		25.9		0.36203	0.9247	71.9614498967	41.9809
0 6 16			0.03		-1.66		25.14		0.36206	0.4825	89.3859051251	7.6515
2 4 14			0.03		-1.63		24.46		0.36192	0.5221	70.6383718296	19.4111
0 6 10			0.02		-1.61		23.9		0.36185	0.8527	69.1637693973	8.5049
4 0 14			-0.01		-1.62		24.1		0.36121	1.986	67.7459682929	124.3248
3 1 15			0.02		-1.59		23.55		0.36134	0.2871	67.3554895111	7.7692
1 1 13			0.03		-1.57		22.96		0.36153	0.3722	52.9310122384	10.9703
3 1 7			0.02		-1.54		22.42		0.36154	0.257	39.2655360855	5.205
0 2 20			0.02		-1.52		21.89		0.3617	0.4494	86.0769303832	2.8517
2 4 8			0.02		-1.5		21.43		0.36145	0.1687	51.4325245866	2.4593
0 6 6			0.02		-1.48		21.01		0.36123	1.0147	60.183190367	40.9583
2 4 6			0.01		-1.46		20.73		0.36085	0.785	46.7364348384	64.2552
4 2 4			-0.02		-1.48		21.15		0.36095	0.7624	43.1345383828	64.2766
1 3 15			0.02		-1.46		20.76		0.36107	0.2862	67.3623786269	8.1809
2 0 8			0.02		-1.44		20.32		0.36106	0.1665	35.7565424018	1.5727
2 2 14			-0.0		-1.45		20.38		0.36058	1.0835	61.7979105177	101.9829
4 2 10			0.01		-1.43		20.08		0.36047	1.1102	57.0442200735	11.3144
6 0 8			0.02		-1.41		19.71		0.36025	2.9234	64.163237895	5.3359
3 3 9			0.02		-1.39		19.37		0.35994	0.3816	52.4524123761	12.0632
1 1 15			0.01		-1.39		19.22		0.36026	0.656	61.3839959686	20.6242
0 6 14			0.02		-1.37		18.9		0.36011	0.9096	81.7552219026	27.2955
3 3 15			0.02		-1.35		18.57		0.3602	0.3402	73.0835579415	3.8877
9 1 1			0.01		-1.34		18.33		0.36017	0.8793	87.9915459652	19.6393
0 0 20			-0.0		-1.34		18.41		0.36256	0.4542	83.3712939521	4.3689
5 5 1			0.01		-1.33		18.2		0.36256	0.5073	65.769247456	23.9531
0 2 8			0.02		-1.31		17.89		0.36254	0.1155	35.7619852008	1.7384
3 5 9			0.01		-1.31		17.74		0.36246	0.4755	65.0802252419	19.5165
2 0 12			0.01		-1.29		17.55		0.36236	0.8079	50.6101057273	16.6151
6 0 12			0.02		-1.28		17.26		0.36235	0.5892	74.995462768	0.9301
4 2 12			0.02		-1.26		17.0		0.36231	0.2244	63.468523569	4.7972
5 3 9			0.01		-1.26		16.89		0.36221	0.4833	65.0662013285	20.8409
4 6 6			0.02		-1.24		16.62		0.36221	1.1903	71.9781772466	41.9784
1 5 9			0.01		-1.23		16.45		0.36211	0.4394	58.984264935	17.7365
0 4 20			0.01		-1.21		16.21		0.36228	1.027	94.1654323607	18.6345
5 1 13			0.01		-1.2		15.97		0.36231	0.4567	71.2764535317	11.3258
5 1 9			0.01		-1.19		15.83		0.36223	0.4583	58.9619928854	19.0838
2 2 10			-0.0		-1.19		15.9		0.36234	0.6429	46.7739448495	44.8949
7 1 1			0.0		-1.19		15.82		0.36233	0.5207	65.7483230412	25.2044
0 2 22			-0.0		-1.19		15.86		0.36242	1.8317	96.7387030121	97.213
4 2 2			0.01		-1.19		15.74		0.36242	0.457	40.8620305525	12.2524
2 4 10			0.01		-1.18		15.62		0.36241	0.607	57.0555982332	12.0937
3 3 13			0.01		-1.16		15.41		0.36241	0.5636	65.4922780779	9.1158
0 0 16			0.0		-1.16		15.37		0.36269	1.3342	64.286058028	116.6634
1 1 9			0.01		-1.15		15.17		0.36269	0.2216	37.1193146943	1.1702
3 7 3			-0.01		-1.15		15.27		0.36266	0.8954	72.6346668965	71.6226
1 5 1			0.0		-1.15		15.23		0.36265	0.4978	46.196563203	27.3004
0 6 0			0.01		-1.14		15.12		0.36265	1.4277	54.7714555341	59.4019
6 0 10			0.01		-1.14		14.99		0.36264	1.0728	69.1331306246	8.9056
5 5 3			-0.01		-1.14		15.1		0.36261	0.8107	66.8760743485	64.1048
4 0 12			-0.05		-1.19		15.83		0.36231	2.7435	60.4154589103	161.2613
2 4 2			0.01		-1.18		15.74		0.36231	0.3828	40.8766170199	13.2501
1 3 3			-0.01		-1.19		15.84		0.36228	0.7045	30.3940112777	66.1614
0 4 16			0.01		-1.18		15.71		0.36248	1.5557	75.7704700384	94.8658
3 1 1			-0.0		-1.18		15.75		0.36248	0.5239	28.3131072915	41.7464
0 4 6			-0.17		-1.35		18.92		0.36219	3.7688	42.9189471786	481.9509
6 4 4			0.0		-1.35		18.86		0.36221	0.6669	69.2748711385	33.991
5 1 1			0.0		-1.34		18.78		0.3622	0.5346	46.1701152	26.7419
0 2 18			0.01		-1.33		18.58		0.3622	0.3755	76.3208597895	3.7538
4 0 10			-0.0		-1.33		18.6		0.3623	0.6243	53.7713327333	45.2096
2 6 10			-0.0		-1.34		18.62		0.36241	0.7069	72.0169435829	44.7171
0 0 18			0.01		-1.33		18.48		0.36243	0.6609	73.530655613	37.988
4 4 4			-0.02		-1.35		18.83		0.36241	0.8476	53.9354251327	76.9211
7 3 1			0.01		-1.34		18.7		0.36241	0.5095	71.5359286583	22.1332
4 4 10			-0.0		-1.34		18.74		0.36251	0.6886	66.23802526	47.6672
1 7 1			0.0		-1.34		18.66		0.36251	0.5219	65.7901743415	26.2984
3 7 5			0.0		-1.34		18.62		0.36259	1.0548	74.7470539899	89.5814
2 0 6			-0.01		-1.34		18.78		0.36245	1.6278	29.1406672869	128.8477
0 2 12			0.01		-1.34		18.67		0.36237	0.3827	50.6142203783	17.5707
1 7 5			-0.0		-1.34		18.74		0.36248	1.0841	69.0835930101	99.7513