HKL Value		Reward		TotalReward	Chi Squared	Z Appr. 	Error	Two-Thetas	Sfs2
1 5 7			0.0		0.0		0.0		0.3	0.6035	54.1236034243	4.2528
6 4 0			0.0		0.0		0.01		0.33737	1.8287	67.0910631577	58.6803
2 2 8			-1.0		-1.0		44.06		0.37536	1.8488	40.1384116224	216.1995
1 3 7			0.5		-0.5		29.39		0.37564	0.1893	39.2755843192	5.3372
0 4 4			-0.16		-0.66		35.08		0.3757	0.8482	39.0545896029	78.0016
2 2 2			-0.19		-0.86		43.55		0.37777	1.1162	26.2109248846	125.5642
1 1 7			0.2		-0.66		36.3		0.37749	0.2012	29.7561292971	6.5386
2 2 6			-0.59		-1.24		87.5		0.34816	8.3224	34.2684003079	615.2447
6 4 4			0.11		-1.13		78.59		0.35284	0.6669	69.2748711385	33.991
5 3 7			0.12		-1.01		70.06		0.35224	0.2523	60.5057581853	5.4388
5 1 7			0.11		-0.9		63.19		0.35152	0.2609	54.1000446603	4.252
5 3 1			0.08		-0.82		58.6		0.34897	0.5252	53.2386121167	32.835
4 6 0			0.09		-0.73		53.72		0.34897	0.7863	67.1083315067	59.4729
0 4 20			0.08		-0.65		49.86		0.33737	1.027	94.1654323607	18.6345
6 0 2			0.07		-0.58		46.49		0.33737	0.2214	55.354768557	5.4487
5 1 1			0.06		-0.52		44.01		0.33731	0.5346	46.1701152	26.7419
0 0 14			-0.01		-0.54		44.53		0.33854	0.8389	55.4890953336	74.9432
3 3 7			0.06		-0.47		41.92		0.3386	0.1558	47.1418707618	3.5073
4 2 14			0.04		-0.43		40.33		0.33863	1.2576	70.6282605877	19.9713
5 3 9			0.05		-0.38		38.4		0.33893	0.4833	65.0662013285	20.8409
5 5 7			0.05		-0.33		36.48		0.33895	0.6639	72.2860687267	4.3062
3 1 1			0.03		-0.3		35.52		0.33887	0.5239	28.3131072915	41.7464
1 7 7			0.05		-0.26		33.93		0.33876	0.4353	72.3061031614	6.1143
2 0 14			0.04		-0.22		32.6		0.33845	0.2634	58.6945218607	7.3942
2 2 12			0.03		-0.18		31.58		0.33782	1.9766	54.0147953295	208.0279
0 2 14			0.04		-0.14		30.41		0.33742	0.2479	58.6982494177	6.3292
3 1 9			0.01		-0.14		30.15		0.33847	0.36	45.2950695798	8.7768
6 4 2			0.04		-0.1		29.09		0.33843	0.2211	67.6401768609	4.8049
7 1 7			0.04		-0.06		28.06		0.33835	0.3505	72.2660298289	5.0526
0 0 8			-0.13		-0.19		32.19		0.3395	2.1948	30.8548203523	183.9052
4 6 2			0.03		-0.16		31.19		0.33948	0.2349	67.657370766	5.5969
0 6 8			0.03		-0.13		30.27		0.33935	0.7694	64.1950429677	5.6946
4 0 2			-0.07		-0.2		32.42		0.33967	1.7854	36.5531212028	138.5255
5 5 5			-0.02		-0.21		33.01		0.34069	1.5862	69.0631626084	104.8873
4 2 8			0.03		-0.18		32.05		0.34058	0.7605	51.4203212226	2.5419
0 6 0			0.02		-0.16		31.32		0.34058	1.4277	54.7714555341	59.4019
4 0 6			-0.16		-0.32		37.18		0.33981	5.3963	42.900258124	488.2208
3 1 13			0.02		-0.29		36.35		0.33963	0.3869	59.4126405656	11.7895
1 3 13			0.02		-0.27		35.55		0.33941	0.3907	59.4200243294	11.5335
2 0 6			0.02		-0.25		34.92		0.33917	1.6278	29.1406672869	128.8477
0 2 20			0.03		-0.23		34.07		0.33884	0.4494	86.0769303832	2.8517
2 0 16			0.02		-0.21		33.36		0.33926	0.5935	67.2372591268	11.8907
4 0 12			0.02		-0.18		32.6		0.33883	2.7435	60.4154589103	161.2613
3 1 7			0.02		-0.16		31.85		0.33879	0.257	39.2655360855	5.205
1 5 13			0.02		-0.14		31.27		0.33849	1.1973	71.2966048402	12.6128
0 6 2			0.02		-0.12		30.65		0.33849	0.2356	55.3895592761	6.1752
0 2 16			0.02		-0.1		30.12		0.33886	1.8687	67.2407114996	13.8307
3 5 7			0.02		-0.08		29.49		0.33881	0.2309	60.5203777188	5.6046
0 0 6			-0.18		-0.26		35.94		0.33808	7.4326	23.0169618987	709.6598
6 0 6			0.02		-0.24		35.25		0.33815	1.0815	60.1501886982	39.9969
5 3 3			0.0		-0.24		35.15		0.33811	0.9351	54.4936931553	89.9375
2 0 8			0.02		-0.22		34.52		0.33888	0.1665	35.7565424018	1.5727
1 3 15			0.01		-0.22		34.28		0.3414	0.2862	67.3623786269	8.1809
0 6 16			0.02		-0.2		33.65		0.34148	0.4825	89.3859051251	7.6515
6 0 0			0.02		-0.18		33.12		0.34148	0.7256	54.7363985401	55.434
4 2 6			0.02		-0.16		32.52		0.34147	1.6049	46.7233273538	62.1975
1 1 13			0.01		-0.15		32.04		0.34141	0.3722	52.9310122384	10.9703
0 6 6			0.02		-0.13		31.5		0.34147	1.0147	60.183190367	40.9583
5 1 3			0.01		-0.12		31.31		0.34143	0.9592	47.5591860667	88.1873
1 3 9			0.0		-0.12		31.18		0.34238	0.2622	45.3040218183	7.1674
6 0 8			0.02		-0.1		30.7		0.34239	2.9234	64.163237895	5.3359
2 4 8			0.02		-0.09		30.21		0.34235	0.1687	51.4325245866	2.4593
2 2 10			0.0		-0.08		30.13		0.34207	0.6429	46.7739448495	44.8949
3 1 11			-0.07		-0.16		32.56		0.34415	2.3814	52.0481274199	292.2152
3 1 15			0.01		-0.15		32.12		0.34521	0.2871	67.3554895111	7.7692
5 5 1			0.01		-0.13		31.69		0.34519	0.5073	65.769247456	23.9531
0 6 4			0.0		-0.13		31.64		0.34528	0.6675	57.2171401797	42.9768
2 2 14			-0.0		-0.14		31.78		0.34696	1.0835	61.7979105177	101.9829
6 4 6			0.01		-0.12		31.42		0.34774	0.9247	71.9614498967	41.9809
3 7 5			0.01		-0.11		30.97		0.35811	1.0548	74.7470539899	89.5814
0 2 12			0.01		-0.1		30.57		0.35776	0.3827	50.6142203783	17.5707
0 6 10			0.01		-0.08		30.19		0.35767	0.8527	69.1637693973	8.5049
5 1 13			0.01		-0.07		29.81		0.35795	0.4567	71.2764535317	11.3258
2 4 14			0.01		-0.06		29.41		0.35793	0.5221	70.6383718296	19.4111
2 4 6			0.01		-0.05		29.09		0.35764	0.785	46.7364348384	64.2552
1 1 15			0.01		-0.04		28.88		0.35785	0.656	61.3839959686	20.6242
2 4 0			0.01		-0.03		28.68		0.35785	1.4359	40.0960076051	88.2765
6 0 12			0.01		-0.02		28.32		0.35812	0.5892	74.995462768	0.9301
4 2 10			0.01		-0.01		28.02		0.35805	1.1102	57.0442200735	11.3144
1 5 3			0.0		-0.01		27.96		0.35795	0.9511	47.585042181	85.8034
2 4 2			0.01		0.0		27.71		0.35795	0.3828	40.8766170199	13.2501
1 3 1			0.0		0.01		27.6		0.35793	0.5324	28.3265170018	42.1271
3 5 9			0.01		0.02		27.32		0.35764	0.4755	65.0802252419	19.5165
0 2 0			-0.01		0.01		27.57		0.35764	1.4407	17.6394681947	177.2483
1 7 1			0.01		0.02		27.37		0.35761	0.5219	65.7901743415	26.2984
4 6 6			0.01		0.03		27.05		0.35771	1.1903	71.9781772466	41.9784
6 2 8			-0.03		-0.0		27.89		0.35851	3.3751	67.1207225085	222.106
4 6 4			0.01		0.0		27.73		0.35857	1.0731	69.291881243	33.3045
2 6 6			-0.05		-0.05		29.25		0.35779	5.383	63.2392339525	346.2148
5 1 11			-0.01		-0.06		29.65		0.35827	3.2753	64.7131722767	203.727
0 6 14			0.01		-0.05		29.34		0.35824	0.9096	81.7552219026	27.2955
6 0 10			0.01		-0.04		29.06		0.35818	1.0728	69.1331306246	8.9056
9 1 1			0.01		-0.03		28.8		0.35817	0.8793	87.9915459652	19.6393
0 4 18			0.01		-0.02		28.49		0.35814	0.8369	84.5238780681	17.4513
7 3 1			0.01		-0.01		28.25		0.35812	0.5095	71.5359286583	22.1332
0 4 16			0.0		-0.01		28.14		0.35903	1.5557	75.7704700384	94.8658
4 2 0			0.01		-0.0		27.98		0.35903	0.9287	40.0811891304	86.5118
0 0 20			-0.01		-0.01		28.12		0.36146	0.4542	83.3712939521	4.3689
2 6 4			-0.01		-0.02		28.35		0.36144	0.8772	60.3635846112	78.02
5 3 11			-0.01		-0.03		28.59		0.3615	1.8677	70.5420870211	204.0714