Number of epochs: 100e-02
-3.300716303527566620e-01
2.961735800506522243e-02
-1.115841189533257616e-01
-5.252721689630899249e-01
-3.421186807897910569e-03
-3.974851455118312837e-01
-3.813217554393821263e-01
3.724459280605363007e-03
-3.200017847543031313e-01
4.760567759687958644e-01
1.342856346052865787e-02
-1.519765623965576851e-01
1.068292514101139429e-01
-2.209497947835886364e-02
-2.332639772455356256e-03
8.609294261422010749e-03
1.378558084860107870e-02
1.194409829520293870e-02
3.854153969471617487e-03
-2.247720826958151535e-02
4.467346662478461489e-03
1.133544769733817355e-02
1.831322794866027844e-03
9.256544858104388124e-03
1.842840813396101271e-02
7.399986852256638416e-03
-2.588233591965322794e-03
-1.991784240789705451e-01
-4.822720966393898717e-02
-2.443908131829677921e-01
3.982904122124899388e-02
-3.139375842742507527e-02
-1.142988531370129346e-01
-1.785700051719681797e-02
-4.523744596074970314e-02
-7.787650961468518818e-02
-1.234338154651808649e-02
-6.918697454584056550e-02
2.165248139499032984e-02
3.722866095074382764e-02
-8.777966417694764434e-02
3.880422525696357317e-02
-1.128207191024680010e-03
-8.793224383083864115e-02
-7.260941648520551073e-02
-2.054698588951266863e-02
-9.068202449118420438e-02
-4.191740143137406838e-02
-1.385087616549309508e-01
-9.226866413421563884e-02
-5.592077056191209483e-02
-1.536732918073500063e-02
-6.492195366028861991e-02
-1.325164237816709167e-01
6.534313012687731868e-03
-2.917856189898068719e-02
-4.891983994485979426e-02
-7.544656065711610737e-02
1.658607649750233311e-03
-1.036741926017964999e-01
-4.744009088331831159e-02
-7.723504324111457597e-02
-7.298263673208026103e-02
-5.136601982697622248e-02
-4.885885315299915571e-02
-1.096325993326697501e-01
-3.038538742972857545e-02
1.083052138798566190e-02
-1.516785117589836973e-01
-1.450390404304584355e-03
-1.510196648054934754e-01
-2.312445758110644456e-01
-6.772210154974221685e-02
-7.480774030652712070e-02
-1.306989942651430037e-01
-4.429766179444722535e-02
-5.431124899305159875e-02
-1.576507090415037726e-01
-1.595010155801956653e-01
-1.521286912462187779e-01
-2.417350525526610477e-02
-1.680541516599185978e-02
-2.142212505885399132e-02
-4.056432152402839608e-01
-1.413994173648773223e-01
-3.466987683969816603e-01
2.358960643298768645e-02
-5.733187810502234083e-02
-3.116799512233990321e-01
-8.380649846065389708e-02
-4.165925206988296825e-01
-3.093462904547101822e-01
2.648265569422151439e-02
-2.446897467307776186e-01
2.055998209098950508e-02
1.338914999887596061e-02
-3.257142358887404887e-01
1.134541776411847683e-02
2.094658232486383206e-02
1.319938760386625554e-02
1.329767043124738431e-02
2.035717672292175831e-02
6.434282165122631736e-02
2.944073827635378809e-02
1.132007473260030067e-01
6.309024271362030367e-01
1.670582906446871005e-02
-4.605894201134291821e-02
2.398375701047853956e-02
-1.044993206467933616e-01
1.269084753607743581e-02
-2.779808844484780161e-01
1.571889679072510648e-02
7.845155532078722585e-03
-2.996320038677535158e-01
2.607161526752915445e-02
-2.694381478437293809e-01
-2.072867985290512693e-01
1.795793907636887218e-02
-2.496174971898401929e-01
4.255095044535921189e-02
-2.838582239112463768e-01
1.360129032716990080e-02
1.112493342373475566e-02
1.466436863501201053e-02
-4.403984216093139586e-02
9.348835014988532768e-03
1.101562342030702919e-02
-1.351374125809012318e-02
1.212471242931222049e-02
-1.039020047025798754e-01
-2.442390411566334324e-02
3.036873543699926056e-03
8.927695511785339183e-03
8.191212831959764767e-03
1.528206665767288704e-02
1.255343664885953496e-02
7.175078145151119954e-03
5.067190388055550429e-03
2.350758965876407688e-02
-1.760875559266074711e-03
1.231188495148075566e-02
1.228258534733538132e-03
-2.518669075084814524e-01
-1.525237697524735037e-01
-1.141468516199909411e-01
-1.988602764133327594e-01
-1.350955759999042383e-01
-1.614415540352765188e-01
-1.297794712933366401e-01
-7.521750538363659866e-02
-8.866987417191192489e-02
8.799325220067018630e-03
-9.795104590912691311e-02
1.092159340644192379e-02
-6.899710128786541719e-02
-1.890429053503120960e-01
3.329873341109087712e-03
-1.379383555902542191e-01
-1.251238560094189434e-01
-4.121461144763291506e-02
2.839923006319591825e-03
1.544377321120786635e-02
2.635004755301176976e-02
1.321770736371806650e-02
1.313285679224585056e-02
-1.179783430365630506e-03
2.785255353641552523e-02
-2.387147033239786151e-02
3.708747582405652610e-02
-2.107871755412054071e-01
4.553799207613679068e-02
-4.168128586822048010e-02
2.438571603772910629e-02
-1.290247496239783631e-01
2.711101322067985264e-02
1.385450342676944335e-02
1.679293243999558857e-02
1.906042947129807028e-02
1.814480510528033649e-02
8.495423829596679757e-03
-4.888441265980937242e-03
2.723665352489830146e-02
2.485624404363988293e-02
4.297316444638524377e-04
4.418862458251801052e-03
3.446805770684046449e-02
-2.405190418877216352e-01
-2.307093680330518648e-02
1.153907463097578363e-02
-5.798160301363172037e-02
-4.816575025928468423e-02
4.993782403992558586e-03
1.515035188303831028e-02
9.711068411815118248e-03
-5.539705122864323206e-02
-2.010137021614382194e-02
