Number of epochs: 00e+00
1.000000000000000000e+00
3.459254316983775834e-02
-8.015127801897828017e-03
1.000000000000000000e+00
1.000000000000000000e+00
1.000000000000000000e+00
1.000000000000000000e+00
1.000000000000000000e+00
1.000000000000000000e+00
3.330358493137434150e-01
1.000000000000000000e+00
-8.718460270712898030e-02
3.222464918368771886e-02
1.000000000000000000e+00
1.000000000000000000e+00
1.000000000000000000e+00
3.448274608887632459e-02
3.851978995506373515e-02
9.069110661776690063e-02
1.000000000000000000e+00
1.000000000000000000e+00
2.076707160821970183e-02
1.000000000000000000e+00
1.000000000000000000e+00
1.000000000000000000e+00
1.000000000000000000e+00
1.000000000000000000e+00
1.000000000000000000e+00
1.000000000000000000e+00
1.000000000000000000e+00
1.000000000000000000e+00
1.279645379780454222e-02
1.000000000000000000e+00
2.325083189778208090e-02
1.000000000000000000e+00
1.000000000000000000e+00
1.000000000000000000e+00
1.000000000000000000e+00
1.000000000000000000e+00
1.000000000000000000e+00
1.000000000000000000e+00
1.000000000000000000e+00
1.000000000000000000e+00
1.000000000000000000e+00
1.000000000000000000e+00
-2.055427700936999016e-02
-1.719382733983206664e-03
1.000000000000000000e+00
-9.064363818153103880e-02
1.000000000000000000e+00
1.000000000000000000e+00
1.000000000000000000e+00
1.000000000000000000e+00
-8.420826318382711867e-03
1.000000000000000000e+00
1.000000000000000000e+00
-2.419345115500377147e-02
1.000000000000000000e+00
4.155793008177797315e-02
1.000000000000000000e+00
1.000000000000000000e+00
1.000000000000000000e+00
1.407377362441439989e-02
1.000000000000000000e+00
5.458722501768002201e-03
1.000000000000000000e+00
2.917021197934335786e-02
1.000000000000000000e+00
3.935375381835026082e-02
1.000000000000000000e+00
1.000000000000000000e+00
-3.518303265150732329e-02
-1.538600673786756808e-02
1.000000000000000000e+00
-1.079604904447442962e-02
1.000000000000000000e+00
-6.410088021991664983e-03
1.000000000000000000e+00
1.000000000000000000e+00
1.000000000000000000e+00
1.005103399140667465e-02
1.000000000000000000e+00
1.670233123839119649e-02
-2.212037128067927128e-01
-5.165125776984349493e-01
1.000000000000000000e+00
1.000000000000000000e+00
-2.751425350991029140e-01
1.000000000000000000e+00
1.000000000000000000e+00
-7.278498039591507762e-02
1.000000000000000000e+00
1.000000000000000000e+00
1.000000000000000000e+00
1.000000000000000000e+00
1.000000000000000000e+00
-3.032133160919455173e-01
6.847413534639136025e-03
1.000000000000000000e+00
1.000000000000000000e+00
2.941734595505301336e-02
3.781909310399462348e-02
1.000000000000000000e+00
-3.803953263118564632e-02
1.000000000000000000e+00
1.000000000000000000e+00
3.067541292561308183e-02
1.000000000000000000e+00
1.000000000000000000e+00
-1.465411654131514897e-02
1.000000000000000000e+00
1.000000000000000000e+00
2.030723730129291651e-02
2.401931737386862054e-01
1.000000000000000000e+00
1.000000000000000000e+00
1.000000000000000000e+00
1.000000000000000000e+00
1.000000000000000000e+00
1.000000000000000000e+00
1.000000000000000000e+00
1.000000000000000000e+00
7.072666678010545993e-02
2.145960388908515690e-02
4.964109582305845092e-02
1.345970765594527441e-01
1.000000000000000000e+00
1.753392405281311087e-02
5.401058441960029932e-02
2.083317663901637640e-02
9.350493025024147337e-03
1.616936326321322462e-02
8.762641110939153530e-03
1.388918479497024301e-02
1.000000000000000000e+00
5.998758939488376719e-03
1.485093202690957077e-02
1.000000000000000000e+00
9.045559118556870809e-03
1.000000000000000000e+00
1.000000000000000000e+00
1.000000000000000000e+00
1.000000000000000000e+00
-2.234287326194916434e-01
1.000000000000000000e+00
1.000000000000000000e+00
1.000000000000000000e+00
1.000000000000000000e+00
-8.481853324935070271e-01
1.000000000000000000e+00
1.000000000000000000e+00
1.000000000000000000e+00
1.112535098638261361e-02
1.000000000000000000e+00
1.000000000000000000e+00
5.932887616065971592e-01
-2.099533840975151278e-01
1.000000000000000000e+00
1.149937650918704708e-02
1.000000000000000000e+00
1.000000000000000000e+00
-2.306659065181938806e-02
1.000000000000000000e+00
1.000000000000000000e+00
1.000000000000000000e+00
1.000000000000000000e+00
1.000000000000000000e+00
-1.332297704062257102e-02
-1.548707299538503238e-02
1.000000000000000000e+00
1.000000000000000000e+00
1.000000000000000000e+00
1.000000000000000000e+00
1.097150552025137268e-02
1.000000000000000000e+00
1.000000000000000000e+00
1.000000000000000000e+00
1.000000000000000000e+00
4.977113349267954512e-02
9.730661137059953836e-02
1.000000000000000000e+00
1.000000000000000000e+00
1.000000000000000000e+00
1.000000000000000000e+00
1.187880378128783852e-02
1.000000000000000000e+00
1.607399639475357023e-02
1.000000000000000000e+00
2.613603649211071467e-02
1.000000000000000000e+00
1.000000000000000000e+00
2.094117957385186954e-02
1.000000000000000000e+00
1.000000000000000000e+00
1.000000000000000000e+00
6.857469161952123304e-03
1.000000000000000000e+00
