Number of epochs: 425e-02
-5.003856751521663648e-01
2.042239604609324619e-02
-1.250207705302402439e-01
-5.226300277888832335e-01
-2.476279057534522959e-02
-4.065090336268257776e-01
-4.124491903978698137e-01
-6.446824493062541621e-03
-3.009138112789835895e-01
6.392788662639500297e-01
-5.417935567072147728e-04
-2.926894060290567978e-01
7.758854634476754220e-02
-4.082938804908238517e-02
-4.958056944405319494e-02
-2.402410790630634101e-03
3.211967599406262506e-03
7.069433372786550727e-03
-4.210326543746736871e-02
-3.140247271228241432e-02
-8.339061397335071138e-03
-3.942968888938370650e-03
-4.282176265404601459e-03
-5.418538223960664424e-02
1.135951294332233387e-02
-9.464586786597028274e-04
-7.368053021213798355e-03
-1.691176179279004210e-01
-1.169916901311880836e-01
-1.707976546281337327e-01
2.855240178577134538e-02
-6.800929113338231857e-02
-1.199924105503678284e-01
-6.096591328031804140e-03
-1.265786185610735248e-01
-1.798348088091920038e-01
-4.454569081070645226e-03
-1.288533224313390957e-01
3.214251482435952212e-02
2.428774866062105228e-02
-1.759897461002609131e-01
3.006361700249807201e-02
-1.116412808753287633e-01
-6.654355548281797039e-02
-6.249225761980721494e-02
-6.898810807641202192e-02
-6.310923819959227132e-02
-9.371237578920965650e-02
-9.815077758224845239e-02
-5.098738916963510559e-02
-4.040541657178317592e-02
-7.486558184537614458e-02
-6.451071912678263409e-02
-7.005662526140439550e-02
-5.013386360353376536e-02
-4.670330137811105897e-02
-1.410290414741660059e-01
-8.762009194830168435e-02
-2.026685949505731971e-02
-1.642494764258953799e-01
-9.783689518060158241e-02
-1.332964287818340920e-01
-1.193780420182309759e-01
-1.513748470159051174e-01
-1.298318591087960494e-01
-1.036893713643835258e-01
-1.676278784347431591e-02
-1.820542794422323751e-02
-1.379662929976550600e-01
-4.489137917248384874e-02
-2.086448878097714177e-01
-1.994761309873643307e-01
-1.262277417471359686e-01
-6.223068979438810266e-02
-1.535138000421799043e-01
-1.016895211717816494e-01
-1.021746250687772389e-01
-6.502778244995063850e-02
-1.415709995885618688e-01
-1.299965335254859855e-01
-6.863741969150582989e-02
-1.094453002851265566e-01
-5.328376860681932961e-03
-4.022271715760268318e-01
-9.317804765192146121e-02
-3.860859483618925836e-01
2.289051724791249867e-02
-6.810057525026579073e-02
-3.708137597104733119e-01
2.117109675863458607e-02
-3.667745469152635107e-01
-3.201265068691895310e-01
1.131333763776335918e-02
-2.781942959191398557e-01
1.674314113271259397e-02
1.677022424129369360e-02
-2.411442129817840674e-01
1.088971919649189997e-02
1.425372942946526167e-01
2.561615264719700052e-02
9.357567086547557977e-02
3.015038596257357470e-02
4.062086513623465178e-01
3.917085897857199017e-02
1.362885726408876730e-01
7.314644721693824847e-01
2.402398415419839187e-02
6.216079011666190805e-03
3.675116388489717972e-02
-2.306691332390245486e-01
2.195186759228865206e-02
-2.184346712892781817e-01
1.602435953883567590e-02
5.983264645328833196e-03
-2.494125632087955124e-01
2.982613975952357055e-02
-2.010088714725241643e-01
-1.985395893139294266e-01
1.550812689073413110e-02
-2.128020970084970320e-01
3.041145565932349901e-02
-3.089651042451509455e-01
2.655369050489890786e-03
2.066028992786919649e-02
3.623175527553396114e-03
1.651627686188372052e-02
3.956926213616154863e-04
-9.355828878839292633e-04
9.822620371475184603e-03
8.671614190091127966e-03
-4.759760213741405510e-02
-2.071596190692436348e-02
-6.116593688047846158e-03
7.406488264217775397e-03
-2.416530986355526489e-02
-3.775535367914405541e-03
9.259076258397795980e-03
-1.143231658122582668e-03
-1.189648009535250635e-02
2.029670512175666373e-03
-3.528401113631330927e-03
1.257514522855351577e-02
-4.006910036260660779e-02
-2.836049639161138392e-01
-1.622444516674139969e-01
-1.600627326052857513e-01
-2.307082119192956082e-01
-1.915436335823706149e-01
-1.641453976650843471e-01
-1.521796848610857122e-01
-1.008906224096798449e-01
-1.387703422927683838e-01
5.809425098419116612e-03
-9.685942098926886290e-02
9.191627711644598242e-03
1.341950831961190131e-02
-1.801252775905203274e-01
2.181064906591701803e-03
-7.975402670616571488e-02
-3.412617382990090070e-02
-5.014936502999772089e-02
-2.977872932545225573e-02
1.818724892169677407e-02
2.897882510208875037e-02
1.128890261877246205e-02
2.696744783502710158e-02
5.048093477869092412e-03
2.503556427111257310e-02
-4.162375476728751023e-02
3.478515654999390222e-02
-1.140510548438084387e-01
3.445101826069728312e-02
-9.678845427457334616e-02
2.125035180270179111e-02
-5.017940240105045469e-02
1.098214644365176282e-02
7.619922563482523122e-03
9.948095681172499163e-03
1.363037707432118197e-02
1.037137782931609083e-02
4.255950683511595944e-03
-1.679498844961802018e-02
2.595371778198773266e-02
2.405848990857305941e-02
-1.685980315370534319e-02
2.931325651179050602e-03
2.159883593061605669e-02
-1.716332631016519172e-01
5.377709122672078706e-03
5.511218299599311525e-03
-3.669530314691685918e-02
-2.767291146445568020e-02
6.539433967020408071e-03
2.898035874025341185e-02
-6.947671464382672172e-04
-4.369022097534242671e-02
-2.693875387146618672e-02
