Number of epochs: 225e-02
-5.232815344608291452e-01
2.676895325186301466e-02
-1.468766104478456680e-01
-5.610772854016261579e-01
-2.478542373570920970e-02
-3.887553746195325788e-01
-4.353319948033827491e-01
-1.203350634612547487e-02
-2.983058313150410146e-01
5.887214122215368439e-01
8.666124271257357597e-03
-2.276239286595491129e-01
9.261888259757515562e-02
-2.145625050380855353e-02
-6.708636695496796032e-02
6.362092348452994504e-03
5.942801425042569877e-03
1.260018750538468083e-02
-2.738442933769269158e-03
-3.586950093791296812e-02
-1.370523360565711023e-02
7.701325284402913730e-03
3.729399299890026435e-03
-6.280944668473739667e-02
1.198653079295250966e-02
-1.126364653050206067e-03
-1.391224913060047988e-02
-1.458104432130510053e-01
-4.149464298767348985e-02
-1.460623003580115431e-01
3.102349212693569086e-02
-2.249389448686963527e-02
-1.204882209202839116e-01
4.064649658588446839e-03
-7.371982257436547614e-02
-2.118839356206954350e-01
1.610891760487313893e-03
-1.197148548952112201e-01
2.661278916979212608e-02
3.016277643323597366e-02
-1.397225635518044851e-01
2.805832650377049209e-02
-1.067869879533019789e-01
-5.946974411638746016e-02
-7.849610805758874821e-02
-7.997369460466562108e-02
-5.558280470178803695e-02
-1.078131229945639702e-01
-9.785110058718607395e-02
-7.802346190842854301e-02
-5.229959608064607690e-02
-7.195905377654797375e-02
-8.885728428655921551e-02
-9.683908689311308826e-02
-3.654061172692350118e-02
-3.690594954226672497e-02
-1.146386778499911968e-01
-7.227487391938727801e-02
-7.746519647748305619e-04
-1.754189093181053594e-01
-4.746246366748042150e-02
-1.452358584714292800e-01
-9.133067753968325542e-02
-1.791345492411390572e-01
-1.991287768425722277e-02
-4.949841318890230157e-02
-4.474124017007311688e-02
-5.420335046482858445e-03
-1.341185130207590837e-01
-2.356124211945467839e-02
-1.917341672745492831e-01
-1.800710543627081772e-01
-1.130779566713296380e-01
-7.979149072808952581e-02
-1.909403213693087464e-01
-8.569348007514214494e-02
-9.111533237348221070e-02
-5.153207014387700680e-02
-1.957248079848757649e-01
-1.615004449858672975e-01
-8.896937011095285008e-02
-1.215415498300746570e-02
-1.229204889034430075e-03
-3.961860707686448713e-01
-7.267817081787462941e-02
-4.107361416260128517e-01
2.353737840288893171e-02
-6.868007865932383715e-02
-3.686859812865349584e-01
-1.428989551236398148e-02
-3.683646375930992867e-01
-3.191137330611941714e-01
1.962058819753142308e-02
-2.326510022786556220e-01
1.856811213155544829e-02
1.500553024752380483e-02
-2.634306409582939934e-01
4.337609702178448282e-03
1.022151309240644373e-01
1.761725199848846943e-02
4.634023259133274175e-02
2.467310692990503512e-02
2.839195321321624221e-01
8.788560436576932366e-02
1.173945395221756560e-01
7.561379222009304568e-01
2.390713649126154430e-02
-1.663491334486603274e-02
3.011368388935656629e-02
-1.944679583217236440e-01
1.396448385699487586e-02
-2.391071573672401973e-01
7.780289787870302981e-03
1.100372571338223589e-02
-2.687367189552217206e-01
2.893188838289894801e-02
-2.382849660677209547e-01
-1.637186322134033256e-01
1.723493392703210128e-02
-2.015112848986121974e-01
3.022735591023311547e-02
-3.391390162918775930e-01
4.378971066818114141e-03
2.199210454932044520e-02
5.655032959311861659e-03
-1.018018742363939119e-02
1.362550319783306998e-02
9.159377068668740629e-03
-5.220895005545358146e-03
9.987108062207502787e-03
-5.310118751604500642e-02
-3.102180134122500474e-02
5.509691801285584480e-04
1.047467206174490691e-02
-1.890037470711485382e-02
3.598012121173101759e-03
1.435829162920934134e-02
-3.414361308186890809e-03
-9.913329169474535338e-03
4.548777672846457745e-03
2.804144329898877481e-04
1.832208517210772575e-02
-6.793697108855275071e-04
-2.658240414276869523e-01
-1.516329630000795015e-01
-1.481791851875859933e-01
-2.672382274532601465e-01
-1.706765247325619794e-01
-1.567762638452384893e-01
-1.743791285387720214e-01
-9.312611114452894190e-02
-7.950001672548516474e-02
1.036140272866874386e-02
-5.913728729720483385e-02
1.014626690054533723e-02
-3.395711230480481790e-02
-1.755013221271673196e-01
7.875645330075469255e-03
-9.934360493758986888e-02
-7.238216037274983194e-02
-3.576410457942644922e-02
-2.308326198714661173e-02
1.686452080310015672e-02
2.848544942646001610e-02
5.858149350361529714e-03
2.677477667112886789e-02
3.531605528606394494e-03
2.663302211362249608e-02
-4.438612455750003127e-02
3.013163749422624604e-02
-1.590262348202003129e-01
3.144561138010040086e-02
-4.156332459016885694e-02
2.245222803904647207e-02
-7.170662256226548181e-02
1.900103005434660916e-02
1.250723094839248373e-02
1.458379278734837046e-02
1.935143611352784995e-02
1.526284020695863920e-02
9.887491572797297429e-03
4.630784306345489543e-03
2.799270009409918561e-02
2.601172451363179677e-02
3.800676835043609141e-03
-1.123988048168915200e-04
1.868911984367306600e-02
-1.478599100545227585e-01
-2.344284294985868062e-03
4.200716292837444570e-03
-2.507591288205266583e-02
-3.721200757482624744e-02
1.154123430157710101e-02
1.688125803550407852e-02
6.045744256418037442e-03
-8.828587062908278826e-02
1.102601039535221379e-02
