Number of epochs: 754e-02
-3.199387338441558315e-01
3.153052047165983557e-02
-1.173913526520766193e-01
-5.252721689630899249e-01
-3.421186807897910569e-03
-3.974851455118312837e-01
-3.518385983685304863e-01
1.828841076632693134e-03
-2.605863652981723622e-01
4.510581739592998685e-01
1.547260435620949164e-02
-1.452935730921058599e-01
1.399378737750738289e-01
-1.391385657757247644e-02
-2.431043296760172345e-03
8.743476938311586441e-03
1.637642349814362464e-02
1.233456535801703488e-02
4.103073846975264713e-03
-2.363166335179794214e-02
4.554039617405858387e-03
1.150535287520736659e-02
2.282596618243309429e-03
9.694474890341963150e-03
1.911778752967722636e-02
9.093935735984394128e-03
1.610149124686413927e-02
-1.841264278462950155e-01
-5.558304758487519343e-02
-1.566307734240756089e-01
3.704565530015087316e-02
-3.372697587049778428e-02
-8.451135168568697786e-02
2.311520782826976487e-03
-3.067069808924290791e-02
-7.037513747885318360e-02
-1.301410970612732788e-02
-7.507877732187319408e-02
2.067205200497761186e-02
3.552161610788669849e-02
-9.439487441906171949e-02
3.439960435169558961e-02
7.592872743136207378e-04
-3.165427943341520695e-02
-1.640646545765522997e-03
-2.332527380351387750e-02
-1.100061974799879383e-01
-6.134010007207335059e-03
-1.136387475934237667e-01
-1.341291212521485976e-01
1.023764558392277653e-03
-6.583927025640486964e-03
-9.693561793476742489e-03
-1.023161815528022406e-01
2.168531293632235731e-03
-3.388705934382281459e-02
-4.703695365500364101e-02
-6.815856364058880956e-02
1.658607649750233311e-03
-1.228501964593483736e-01
-4.759933306228872341e-02
-8.151801516217833943e-02
-8.041191109969580975e-02
-4.394204262463813349e-02
-4.885885315299915571e-02
-6.956524331711957942e-02
-3.886189640156086783e-02
7.143230013974794824e-03
-9.218629433899790115e-02
-1.553736039189977441e-03
-1.915563215929105834e-01
-2.605563686513683308e-01
-4.774703458577231330e-02
-8.387789902324727098e-02
-1.398756647118100105e-01
-3.369483805005132893e-02
-5.431124899305159875e-02
-1.224677973142068443e-01
-1.669867296186865191e-01
-1.924031715229518325e-01
-2.888112692582415000e-02
-1.163356415788104406e-02
-3.882994519661107403e-03
-3.813112860977206364e-01
-1.929831405309541947e-01
-2.892209916893779820e-01
2.178588920782736915e-02
-4.390500352794725336e-02
-3.191239722639583887e-01
-1.176057913793659704e-01
-2.861996332711777002e-01
-2.326504259339578495e-01
4.466268867171418327e-02
-2.792872128987955449e-01
2.037294475186703438e-02
1.517577116259659527e-02
-3.588275612124312008e-01
1.144873306962518669e-02
3.311223020686059493e-03
1.271151081453798445e-02
1.248069332447552388e-02
1.812414734720725618e-02
4.071177899631499980e-02
1.870388168560401243e-01
9.100077842348452961e-02
5.464955300767103674e-01
1.573738511548879171e-02
-1.416207605067185300e-02
2.253276828025842921e-02
-6.974279863408128222e-02
1.031356011111715480e-02
-2.289321696226523095e-01
1.483375042656602527e-02
5.851947350481122995e-03
-3.110884319921108365e-01
2.491408851900012156e-02
-2.502789355608522892e-01
-1.535969679131377053e-01
1.713999823886522278e-02
-2.094865112068605983e-01
4.007332984728383812e-02
-3.200485045467781342e-01
1.289518833658502388e-02
1.061986251003956688e-02
1.508386229985329841e-02
-5.644461988211348612e-03
9.381161754544713877e-03
8.139868401435788881e-03
-1.691016969484337301e-02
1.137194600910692785e-02
-1.536946013038403558e-01
-1.133960855714878473e-02
1.002229586930166762e-02
8.872519096872205288e-03
1.212517433394691424e-02
1.731924207496237170e-02
1.339274516191492521e-02
8.606769067272953058e-03
5.877960066821214143e-03
2.535758057223469822e-02
1.709278542776746998e-02
1.115354177419632976e-02
1.102787929631330287e-03
-2.638342157156525203e-01
-1.718389461215267255e-01
-1.084802656083550254e-01
-2.014033030322692763e-01
-1.123965268189360822e-01
-1.878310883548399701e-01
-1.509073550108312733e-01
-7.862247366131303039e-02
-1.299614990928252556e-01
9.158094882250431001e-03
-7.727029726220126238e-02
8.501163955930641017e-03
-1.845256849815176596e-04
-1.838902497363670563e-01
5.688463121260991205e-03
-2.027792058418967647e-01
-1.190201366920392301e-01
-1.773587990727155950e-02
9.904619268914017713e-03
1.685518399546847429e-02
2.877319064086163863e-02
1.385700492114798864e-02
1.435084310297517381e-02
9.345309403045986771e-03
3.129171032607814401e-02
4.906005342669398674e-03
4.836558586806825877e-02
-1.333286832153866286e-01
4.334697319022845496e-02
-3.197584152647734573e-02
2.096350868677096524e-02
-5.499547739346027225e-02
2.551508429510546128e-02
1.433554127476180384e-02
2.113113698567579274e-02
2.083350001444708374e-02
1.875445236074776631e-02
8.080138954489300696e-03
-7.495614808008797293e-03
2.949876179948730803e-02
2.701082943694560826e-02
-2.413195832646213186e-04
4.134783654921347570e-03
2.788990170436946373e-02
-2.695658774623823084e-01
7.534088724640986522e-03
1.039327064084633392e-02
-4.362132749977537007e-04
-5.771118780263520542e-02
8.365218597297561023e-03
1.520157879449543503e-02
6.958165403628418545e-03
-5.539705122864323206e-02
-1.540830834817568523e-02
