Number of epochs: 300e-02
-5.231237827962726961e-01
2.067624826138294430e-02
-1.397791894272441826e-01
-5.295733461014098253e-01
-2.136584827431958766e-02
-3.949593488692207388e-01
-4.325820841814418394e-01
-1.357727108082529277e-02
-2.905293377984712322e-01
5.993091458113550818e-01
3.176530524177015487e-03
-2.640484700437312204e-01
8.007661256739530276e-02
-2.165289816222140673e-02
-6.058756610580792734e-02
-2.445741160404764532e-03
5.684378981345918937e-03
6.189948192858306386e-03
-3.546119800198555688e-02
-2.946758873471144041e-02
-1.162135988666905366e-02
5.986141974689097390e-04
-6.878353621737762214e-03
-6.001097309847319011e-02
1.131392211505120003e-02
-2.414188656232134009e-03
-1.163359239086857871e-02
-1.577821835874086698e-01
-7.350632323749944907e-02
-1.620094214665480647e-01
3.177314259656088130e-02
-3.077207042306078985e-02
-1.095842254329975618e-01
5.172635986087255333e-03
-9.500543415575747608e-02
-1.742998021880226289e-01
-8.447046842007460005e-03
-1.159602016928074075e-01
2.788390665977900570e-02
2.801146412744956460e-02
-1.691836532892428691e-01
2.865819081798547455e-02
-1.022525297694826252e-01
-8.522775196348045257e-02
-6.226915308943820060e-02
-6.909997512200742598e-02
-4.446355709105127146e-02
-9.278029040580369757e-02
-8.886168231394599160e-02
-6.739544879877820693e-02
-4.069224814030333176e-02
-6.339972148991204759e-02
-8.540342724134983299e-02
-9.336474004334582855e-02
-4.502768162891302578e-02
-5.398448803244280947e-02
-1.227379602061388908e-01
-6.647981596165898621e-02
-3.461255702576684651e-03
-1.697616502209712552e-01
-4.650194591469528071e-02
-1.292541456966819213e-01
-1.006641561288167952e-01
-1.738220624226099464e-01
-6.979169160894685420e-02
-7.034961612565962530e-02
-1.608892415028652725e-02
-7.728306122623701882e-03
-1.333361498393250411e-01
-5.500489753242689822e-02
-1.769383500743560711e-01
-1.691703342749118766e-01
-9.461133987633800480e-02
-7.238434487268584350e-02
-1.745078936923102897e-01
-8.834152927359623098e-02
-1.004567521376215911e-01
-5.879279119141972432e-02
-1.852711868830434760e-01
-1.558341966134127732e-01
-7.669453167310964770e-02
-6.726595569332022295e-02
-7.860069924238511155e-03
-3.890948394550783340e-01
-7.094402614624374659e-02
-4.078147807055374496e-01
2.346578834741273531e-02
-6.242568027860925101e-02
-3.380488790008544520e-01
1.752767518836849045e-02
-3.722194406116223209e-01
-3.375042730277701408e-01
1.346735070993076988e-02
-2.581198318727920826e-01
2.042067648312560768e-02
1.674556907808263939e-02
-2.640822713522326670e-01
9.676204751137526192e-03
8.251139363551912576e-02
2.047394780091297065e-02
6.394243048344337710e-02
2.601986934188428927e-02
3.514368062532336467e-01
5.647534046094167953e-02
8.899889924347921533e-02
7.478021831306006506e-01
2.264878283001292916e-02
-1.201204006358282464e-02
3.327851706186223113e-02
-2.173155260061534477e-01
1.911063732241582991e-02
-2.414212131333200173e-01
1.372596251557524349e-02
1.274482163601610256e-02
-2.501844523861357916e-01
3.006754724613588947e-02
-2.228123282043808495e-01
-1.944223674671350655e-01
1.688891910398447604e-02
-1.909030188122184946e-01
3.102229658890295547e-02
-3.320358837809484487e-01
5.491289940255432434e-03
2.300951185438606522e-02
6.778529332018242044e-03
-1.886880062905394720e-03
5.847313633683679131e-03
7.488145249822540130e-03
8.267816403398397032e-03
8.762393271747267315e-03
-5.402617034895004083e-02
-2.336933108986336341e-02
-1.444761139190331271e-03
5.774414096460454490e-03
-1.683547519137945647e-02
2.234485522744940247e-03
1.380754632440818301e-02
9.288222842484515369e-04
-1.454167218194750595e-02
4.936731325118694745e-03
-7.895420903303967649e-04
1.242674286536283625e-02
-1.464725152568020772e-02
-2.963348381809753906e-01
-1.736543497028695260e-01
-1.491990896154506696e-01
-2.451441414372175220e-01
-1.845120062878774225e-01
-1.490259654808205048e-01
-1.626997334754957947e-01
-8.140625454826984353e-02
-9.502468684592176029e-02
9.290759096257043131e-03
-8.968689479278880994e-02
1.249270518882169244e-02
5.744974229704134100e-03
-1.803625530348615946e-01
8.689313202394749122e-03
-9.273744795586530421e-02
-4.872289862835477159e-02
-6.208570549142285178e-02
-2.337742156724899323e-02
1.677025125456101454e-02
2.487527926435616904e-02
8.406268940613973589e-03
2.825975809972021066e-02
2.380136725268140394e-03
2.395471652574141658e-02
-4.667067807291373077e-02
3.191139448531889883e-02
-1.269033123713166344e-01
3.173359526817422227e-02
-9.538706557472793890e-02
2.190988729064222498e-02
-6.691003209437951238e-02
1.410288704513942316e-02
1.252805863758959214e-02
1.267936153107789184e-02
1.714700908739593202e-02
9.694453566179633136e-03
6.255715451637461171e-03
-3.817639173566358176e-03
2.632619902115470450e-02
2.564148824203419177e-02
-2.071407435985662265e-02
2.918617990657901284e-03
2.021581803825686294e-02
-1.552430147287543749e-01
2.479418512868268414e-03
4.996710256160505478e-04
-4.186235304217260367e-02
-2.115491918685842576e-02
1.329730832787477147e-02
1.885564362752045059e-02
-3.615580238964480764e-04
-6.472918672463214007e-02
-1.019921273204495854e-02
