Number of epochs: 150e-02
-4.997160899844814708e-01
2.984399803212076097e-02
-1.430204262543635640e-01
-5.042453914744475796e-01
-9.337169653645845113e-03
-4.256338837296632094e-01
-3.788747459221902814e-01
4.751380340224257981e-03
-2.879514659078541983e-01
5.278006270084525386e-01
1.300672381427476001e-02
-2.036192065300595211e-01
9.407776586478530656e-02
-1.433119589787925328e-02
-1.186589089668857802e-02
7.482066485859210393e-03
4.112164667985838268e-03
1.250974568979586546e-02
-8.234595029593251396e-04
-2.012752490761082411e-02
-2.106619978648804556e-02
9.949310597255744265e-03
3.619041653423138005e-03
-3.338625648517520167e-02
1.549152936899866190e-02
6.774536591678197162e-03
-3.963698467585588720e-04
-1.763794688297787294e-01
-4.183513754670448864e-02
-1.651582192761754941e-01
4.011726699091224674e-02
-3.174028216232521737e-02
-1.038785338872848935e-01
-1.366334946607182174e-02
-6.253759598398078712e-02
-1.753004460664442377e-01
-6.203763227122226567e-03
-1.002842174413323129e-01
2.454259326554582288e-02
3.915897977163046439e-02
-1.159232135826927523e-01
3.431075426567033876e-02
-7.076785001267135722e-02
-7.211940014477526140e-02
-1.048197603476604817e-01
-7.483335384416742175e-02
-6.886753274511733802e-02
-1.272370956922615481e-01
-1.419771213782993202e-01
-1.011430574547048794e-01
-4.294340778539568193e-02
-9.047071503249073943e-02
-6.109680919278384637e-02
-1.090884824426528732e-01
-7.886500816663862250e-04
-5.119589336845066507e-02
-9.966715291456409997e-02
-5.178425733742447051e-02
3.512985709857062173e-03
-1.321496236356420606e-01
-4.262495490290444528e-02
-7.159675002809368083e-02
-5.822467755170020187e-02
-4.086676208168731755e-02
-4.213027634639816832e-02
-9.305889030406477858e-02
-3.446713186686699293e-02
3.292684603883279902e-03
-1.562915216285794828e-01
-3.426221032281353933e-03
-2.130556773331705456e-01
-1.639227573080211664e-01
-1.214900885520184132e-01
-6.055305089456664708e-02
-1.609195291877751899e-01
-4.780472528096019885e-02
-9.924959047044547289e-02
-8.579802907938444134e-02
-1.936295126510322318e-01
-1.186715722531829220e-01
-1.084211117580262534e-01
-1.814880335552658194e-02
1.050262602266024536e-03
-4.160514262733587265e-01
-1.036130143008992116e-01
-3.558360398584345941e-01
2.365400847887088459e-02
-4.755513772584413906e-02
-3.408414639287429271e-01
-6.968195189594796057e-02
-3.960225738554057351e-01
-3.399814242300449041e-01
2.346013988260088265e-02
-2.323694492665705491e-01
2.277197867428385272e-02
1.333537357718325017e-02
-2.810398900308524461e-01
1.358780470116128201e-02
7.995420344294580650e-02
1.687422055613050503e-02
2.662177519456286612e-02
2.257986859700675600e-02
1.215470073551000174e-01
4.151219934966675351e-02
1.319067505735080637e-01
5.892507527084311914e-01
2.024376219604518551e-02
-3.062863528830138404e-02
2.879474968176052446e-02
-2.039459063681624829e-01
1.463616058126743918e-02
-2.828766774770715697e-01
5.628253979233392018e-03
1.135276442092806280e-02
-2.761772481701428306e-01
2.781198644151108498e-02
-2.263427944287157989e-01
-1.767711346600324973e-01
1.735212868190311175e-02
-1.961991377701918782e-01
4.220443441813110513e-02
-3.109647921025256445e-01
1.548894658057127505e-02
2.919018133812388213e-02
1.313114082242606596e-02
-3.122361436269286208e-02
1.459720135188180209e-02
1.226866023297269910e-02
-7.824151438658501559e-03
1.088137561643092582e-02
-6.365541589252698973e-02
-2.159502394615474968e-02
3.127557751739184783e-03
9.266247459982673504e-03
-8.241307864686586021e-03
4.178931166271064070e-03
1.566219950385102158e-02
-1.626920446317080965e-03
3.238568542559127662e-03
1.744755607115946669e-02
-5.836091347432005756e-03
1.186970739625165840e-02
3.162516019956665425e-03
-2.982478661057965663e-01
-1.545379355657109655e-01
-1.724253289070156459e-01
-2.551081204613515063e-01
-1.480598044394964286e-01
-1.758925565109371869e-01
-1.769496343042771536e-01
-7.344564150458327001e-02
-8.014129404573608340e-02
9.146554795176719058e-03
-8.419058875638983641e-02
1.737725996697816674e-02
-5.476817393089137426e-02
-2.301163723191892996e-01
7.249398274947567097e-03
-1.368674167654930218e-01
-8.111671543194876044e-02
-3.629277778973157009e-02
-4.195084069781395038e-03
1.608092024258586314e-02
3.089533137270191604e-02
1.435405118284691778e-02
1.663144465664318297e-02
1.512939621856784203e-03
2.651465038980323902e-02
-4.433268120485629044e-02
4.687860704970810838e-02
-1.271165008617119174e-01
5.166804900560281744e-02
-5.567882900439523330e-02
2.584317689693024778e-02
-9.540731646164384017e-02
2.015541894869361458e-02
1.482880713699113139e-02
1.582161801378130159e-02
1.914636548473663130e-02
1.883856523695950566e-02
1.136170652126969154e-02
-1.683905523880218312e-04
3.346219462536085404e-02
2.684293431578556668e-02
2.735339079522078418e-03
7.463220598452356691e-03
1.700043543011461530e-02
-1.909512596779094351e-01
-8.826889266986397489e-03
8.338096350826084899e-03
-4.045266895766932991e-02
-5.711339801238271563e-02
1.376723459043500269e-02
1.722911660687317936e-02
9.772460825478258839e-03
-7.697857099903457345e-02
-1.471050601127323575e-02
