Number of epochs: 250e-02
-5.446903711413911831e-01
2.541727778522191034e-02
-1.431796823589938650e-01
-5.410285118970603602e-01
-2.356883493152889600e-02
-3.990559125805525631e-01
-4.214103902519310552e-01
-1.262018720626510368e-02
-2.912641128107669175e-01
5.829761398251042115e-01
3.625089732813492789e-03
-2.507554702239729316e-01
8.402599526824149068e-02
-2.114331629622865499e-02
-6.703951044970671291e-02
-2.799897463453147797e-03
5.914179196836129304e-03
1.260277927304440625e-02
-3.295492362458702067e-03
-3.437322988631427712e-02
-1.321539308481736383e-02
-4.430769600927578298e-04
3.926155358267288849e-03
-6.205913283161215710e-02
1.183396181250578015e-02
-6.074858741873627455e-04
-1.246787276450009654e-02
-1.547821761432170429e-01
-5.527097918522637376e-02
-1.444933017306572476e-01
3.101444207777797127e-02
-2.487579696160516912e-02
-1.128927111242696568e-01
4.979009342475897854e-03
-8.135180583211423788e-02
-1.915652423867551801e-01
2.034901776056679407e-03
-1.164935226171728705e-01
2.668079466588787682e-02
2.908857452716449507e-02
-1.252555092279183380e-01
2.816428394954051048e-02
-9.104378016504494076e-02
-5.851638887100667208e-02
-7.381141844262137375e-02
-7.552837310230336998e-02
-4.796834910998135776e-02
-1.041499948868346154e-01
-9.573522097371577055e-02
-7.559599781091626280e-02
-4.478797282484372339e-02
-6.648025928762511805e-02
-8.885728428655921551e-02
-8.487211599598615264e-02
-3.607113266195983298e-02
-3.569875482718450760e-02
-1.071722294308428414e-01
-6.982426521404579145e-02
-2.587271000962436222e-03
-1.648874871772222084e-01
-4.638499957322552575e-02
-1.319564612315866914e-01
-8.727105911294906482e-02
-1.869553061437527475e-01
-2.089762622735819031e-02
-5.792960211668230636e-02
-4.059825348225334224e-02
-5.525740287517313248e-03
-1.242773641136495771e-01
-3.916586491677490067e-02
-1.865653999520761053e-01
-1.735766561632142713e-01
-9.430983651500386700e-02
-8.465875825671417831e-02
-1.787636683472902388e-01
-8.397388335200650644e-02
-8.232690941760507919e-02
-8.344933741994899068e-02
-1.715530942572024431e-01
-1.810991590871036117e-01
-9.447718105754954188e-02
-4.983699435149580026e-02
-9.082641773164793061e-04
-3.966526575047808478e-01
-8.249997884503244838e-02
-4.235912132803805741e-01
2.338011308660393334e-02
-6.431060203636720929e-02
-3.615718214542158471e-01
-1.050499828928420226e-02
-3.551314497319476571e-01
-3.493494537786355769e-01
1.483365349956891968e-02
-2.570077058162225647e-01
1.928237452420374434e-02
1.497481838856296217e-02
-2.679935537316999739e-01
8.893820350188449617e-03
8.680861918878947370e-02
1.774451579017623237e-02
5.289720589532306838e-02
2.481607037363298129e-02
3.174694368057153215e-01
7.011124719784377068e-02
9.933383955016966693e-02
7.865784841159015883e-01
2.197815653400491884e-02
-1.663491334486603274e-02
2.892502759826640416e-02
-2.129726507444235639e-01
1.456142249389316863e-02
-2.282336100141774682e-01
8.094955238421807503e-03
1.162031425527543238e-02
-2.593860125351449275e-01
2.791032297528394865e-02
-2.204695832583762061e-01
-1.563487762929390568e-01
1.712434793568159627e-02
-1.915917280068628881e-01
2.840017701493296673e-02
-3.330262273914922355e-01
4.063511411923064788e-03
2.201856233262310461e-02
6.466191912905838203e-03
-2.893365671397215774e-03
1.373372634329119053e-02
9.127486929947104324e-03
7.106501243159775612e-03
1.032233901092262200e-02
-4.963515846203479798e-02
-2.751916616624474135e-02
1.004447074831450173e-03
1.087762676743249911e-02
-1.854008847434055612e-02
3.076998623925983854e-03
1.405803606765611106e-02
-4.374881919185485274e-03
-9.298414569212737346e-03
4.746517680807226143e-03
-4.249240809439286154e-04
1.907617728589932823e-02
1.672951272310974871e-04
-2.867571283495094492e-01
-1.449833110941818881e-01
-1.602571146798454360e-01
-2.506815214692741933e-01
-1.756982940232457713e-01
-1.527454181423149038e-01
-1.613764026222450909e-01
-8.412837000569278745e-02
-8.980079734136525715e-02
1.023125581846361966e-02
-5.834443540689323443e-02
1.047675623158880395e-02
-1.713536406894221103e-03
-1.732417696090092496e-01
8.703440404218620169e-03
-1.128488465788525102e-01
-6.732248025238256328e-02
-6.527628137217655890e-02
-2.196143658320163020e-02
1.797700072676252508e-02
2.860237536786675028e-02
6.683969206770414700e-03
2.788039183227974255e-02
4.501197016307070461e-03
2.380399265023563221e-02
-3.717723540315473474e-02
3.202723001688995152e-02
-1.396656050046122255e-01
3.009797144626903329e-02
-7.289409833575155595e-02
2.241073805409059261e-02
-7.337763719681225649e-02
1.918633460910859970e-02
1.283917159663168842e-02
1.384076345909081990e-02
1.888938628739964681e-02
1.456683893346842618e-02
1.264428615434640829e-02
4.599409320903243698e-03
2.820506559880799763e-02
2.592841980549255229e-02
-5.643803491205419409e-03
1.371087865660114338e-03
1.911737863644199370e-02
-1.430735406589404568e-01
-4.793372948873674357e-04
4.061387097657896596e-04
-7.900680135271395677e-02
-3.422807481650695649e-02
9.978460236766444752e-03
1.708777285360112488e-02
6.717599686102600394e-03
-8.233580376524295141e-02
7.175722968923999891e-03
