Number of epochs: 175e-02
-5.482952110735743734e-01
2.855207210410710961e-02
-1.378464274782686960e-01
-4.853879769847327941e-01
-9.680381362075333312e-03
-4.256338837296632094e-01
-3.711281420145976506e-01
5.664289521103295366e-03
-3.107845853088793686e-01
5.507011591001245154e-01
1.034493002928559002e-02
-2.132070003274554593e-01
9.653459778329920304e-02
-2.948265794010781343e-02
-5.189190508616549347e-02
6.902068820631406497e-03
4.840115468058982934e-03
1.216151878808316607e-02
-4.802043404849051615e-04
-2.463288872320652453e-02
-1.728329591262880299e-02
4.867627546530746245e-03
3.285375417964852499e-03
-5.070235957213159450e-02
1.057015597444524446e-02
1.140457653317091674e-02
-3.930111674851816702e-04
-1.625646560065002189e-01
-4.084474856197711085e-02
-1.540158172235238099e-01
3.884354342368993157e-02
-2.533014546380854201e-02
-1.064401463679505860e-01
2.523440239223611898e-03
-6.948942671666299975e-02
-1.959844366161539453e-01
-2.631603953031994188e-03
-9.899474736671287634e-02
2.511050490315801936e-02
3.765424908527078424e-02
-1.211768414163422874e-01
3.609959523046642194e-02
-7.076785001267135722e-02
-6.871670378901627296e-02
-1.062092971971279332e-01
-8.518050504971703962e-02
-6.473647862175956058e-02
-1.265659039812279951e-01
-1.379656313966147463e-01
-8.792920426084749330e-02
-4.050866335762763615e-02
-9.047071503249073943e-02
-9.482457216635428732e-02
-1.090884824426528732e-01
-1.611092776405788785e-03
-4.561058310560368173e-02
-9.966715291456409997e-02
-3.892805045464792224e-02
2.608743546976368018e-03
-1.526304901995136076e-01
-4.951939886124789858e-02
-1.200677376877502395e-01
-7.389229883089766526e-02
-1.384021718257995859e-01
-3.876174038840172337e-02
-8.772461126733162307e-02
-5.473272380801180725e-02
-3.877852999109684951e-03
-1.552778111060821864e-01
-2.634515377466027999e-02
-2.218865776722487027e-01
-1.612191863979861861e-01
-1.018792153383017290e-01
-5.336422800599538441e-02
-1.791451098969333577e-01
-6.057178428945605986e-02
-9.111533237348221070e-02
-7.654504124182232028e-02
-1.753782828217434198e-01
-1.917181054922753591e-01
-9.577204718910890813e-02
-1.612666992830275037e-02
1.985335755913038725e-03
-4.122056461886449696e-01
-8.018211711648955131e-02
-3.526548615069744486e-01
2.375927310895150496e-02
-8.247303508372828829e-02
-3.722795130455997525e-01
-2.593978349696570568e-02
-3.932850920460642663e-01
-3.538582544756505577e-01
2.206233597980778935e-02
-2.238233854429562686e-01
2.148195554115125624e-02
1.343426031645794660e-02
-2.935266322404239125e-01
1.432182594040260458e-02
1.008529445775011718e-01
1.688321594318408295e-02
3.156260281590837075e-02
2.294481985722124362e-02
1.617896698037603054e-01
4.083371401374603221e-02
1.367987263929517083e-01
7.696999389286178772e-01
2.195653880714774908e-02
-3.074376085862335836e-02
3.063782712197843372e-02
-1.894645297044856014e-01
1.410392837831049052e-02
-2.618434572389554127e-01
6.139340923971205177e-03
1.144428024133734532e-02
-2.914386572199039183e-01
2.790124535460320257e-02
-2.219086568959503236e-01
-1.725996192339996627e-01
1.713873043108620625e-02
-2.090008284353100931e-01
4.244637715040781856e-02
-3.005693063835007672e-01
1.099276356386215056e-02
2.367853997635736840e-02
4.940943610921093819e-03
-2.966022742123054085e-02
1.392294735596285617e-02
1.136317205483944326e-02
-7.094823136228198095e-03
1.019206944220694099e-02
-6.365541589252698973e-02
-1.983134434253264189e-02
2.541720754211955827e-03
9.369619823840210499e-03
-7.178721488310807475e-03
3.518533987889577337e-03
1.503713089599550620e-02
-1.322850821423649133e-03
-1.168238813141956288e-02
1.690689723621065926e-02
6.777834847676817787e-04
1.851652865173262011e-02
2.627718935618839589e-03
-2.948188722223053504e-01
-1.649673085825753005e-01
-1.724253289070156459e-01
-2.959566712858905935e-01
-1.428605148039545913e-01
-1.758596061997587390e-01
-1.703526732723464610e-01
-8.021149668477814410e-02
-7.902893399653222739e-02
9.367931455691584641e-03
-8.373123207633370590e-02
1.148437242277937018e-02
-4.130497741330822065e-02
-1.998993520662588341e-01
7.568249023420124330e-03
-1.316843980121130686e-01
-7.384334502310971327e-02
-3.927460844553749136e-02
-2.925859114322824917e-03
1.616582009566032083e-02
2.701799848153712755e-02
3.675381164493340957e-03
1.806652521679219525e-02
3.087998262469108732e-03
2.658934193439311741e-02
-4.171411372399693590e-02
4.179109674475976061e-02
-1.521558507052867271e-01
4.520398098355774691e-02
-4.949725729894447618e-02
1.609220416712592652e-02
-9.079850428058405809e-02
1.840316410652301574e-02
1.362153665184551166e-02
1.625852647344671470e-02
1.793485084058074261e-02
1.728184675575630824e-02
1.111105380385150714e-02
-1.051021698729958298e-03
3.419188533545906156e-02
2.683771867690483079e-02
6.996597146284383277e-03
7.552832601965911788e-03
1.740428491679649886e-02
-1.909512596779094351e-01
-8.227791666232966289e-03
7.983425112432251600e-03
-3.580487543484750512e-02
-5.154514453604613217e-02
1.496358428500024935e-02
1.701745310954695667e-02
1.019745266827257017e-02
-6.538200827711418417e-02
-1.316295201962137430e-02
