HKL Value		Reward		TotalReward	Chi Squared	Z Appr. 	Error	Two-Thetas	Sfs2
5 3 7			0.0		0.0		0.0		0.3	0.2523	60.5057581853	5.4388
1 7 7			0.0		0.0		0.08		0.33542	0.4353	72.3061031614	6.1143
4 6 0			0.29		0.29		0.06		0.33542	0.7863	67.1083315067	59.4729
4 2 6			0.43		0.72		0.04		0.33544	1.6049	46.7233273538	62.1975
7 1 7			0.26		0.98		0.03		0.33563	0.3505	72.2660298289	5.0526
0 4 18			-0.98		-0.0		2.06		0.35523	0.8369	84.5238780681	17.4513
3 5 7			0.0		0.0		2.05		0.3552	0.2309	60.5203777188	5.6046
6 4 0			0.17		0.17		1.76		0.3552	1.8287	67.0910631577	58.6803
0 2 20			0.14		0.31		1.54		0.35512	0.4494	86.0769303832	2.8517
2 0 6			-0.6		-0.29		3.88		0.35386	1.6278	29.1406672869	128.8477
2 4 8			0.11		-0.18		3.49		0.35388	0.1687	51.4325245866	2.4593
2 6 10			-0.37		-0.55		5.55		0.35418	0.7069	72.0169435829	44.7171
5 1 7			0.07		-0.49		5.21		0.35416	0.2609	54.1000446603	4.252
5 5 7			0.06		-0.42		4.89		0.35413	0.6639	72.2860687267	4.3062
3 3 7			0.06		-0.36		4.6		0.35411	0.1558	47.1418707618	3.5073
1 5 7			0.05		-0.31		4.38		0.35408	0.6035	54.1236034243	4.2528
1 3 7			0.04		-0.27		4.21		0.35405	0.1893	39.2755843192	5.3372
5 5 3			-0.19		-0.46		5.19		0.35383	0.8107	66.8760743485	64.1048
2 4 0			-0.08		-0.54		5.67		0.35383	1.4359	40.0960076051	88.2765
1 1 7			0.04		-0.51		5.47		0.35378	0.2012	29.7561292971	6.5386
7 3 1			-0.0		-0.51		5.48		0.3537	0.5095	71.5359286583	22.1332
6 0 12			-0.01		-0.52		5.53		0.35624	0.5892	74.995462768	0.9301
6 0 8			0.05		-0.47		5.28		0.35618	2.9234	64.163237895	5.3359
2 0 14			0.04		-0.43		5.07		0.35615	0.2634	58.6945218607	7.3942
0 6 2			0.02		-0.41		4.96		0.35619	0.2356	55.3895592761	6.1752
0 2 14			0.03		-0.37		4.8		0.35612	0.2479	58.6982494177	6.3292
6 0 2			0.02		-0.35		4.7		0.35616	0.2214	55.354768557	5.4487
0 6 18			0.03		-0.32		4.54		0.35608	0.7949	98.0280769063	1.8601
2 0 8			0.04		-0.28		4.39		0.35614	0.1665	35.7565424018	1.5727
4 6 2			0.01		-0.27		4.33		0.35613	0.2349	67.657370766	5.5969
3 1 7			0.02		-0.25		4.24		0.35613	0.257	39.2655360855	5.205
4 2 8			0.03		-0.22		4.11		0.35603	0.7605	51.4203212226	2.5419
6 2 2			-0.39		-0.6		6.69		0.35639	3.3001	58.5687226088	135.1206
1 5 13			0.01		-0.59		6.64		0.35699	1.1973	71.2966048402	12.6128
5 1 13			0.01		-0.58		6.54		0.35804	0.4567	71.2764535317	11.3258
3 1 3			-0.07		-0.65		7.03		0.35752	1.2003	30.3814370344	67.5761
2 4 14			0.03		-0.62		6.85		0.35748	0.5221	70.6383718296	19.4111
1 1 13			0.02		-0.61		6.74		0.35911	0.3722	52.9310122384	10.9703
4 2 14			0.02		-0.58		6.59		0.35877	1.2576	70.6282605877	19.9713
0 6 10			0.01		-0.57		6.51		0.35825	0.8527	69.1637693973	8.5049
6 0 6			0.02		-0.55		6.38		0.35766	1.0815	60.1501886982	39.9969
3 1 13			0.01		-0.54		6.3		0.35911	0.3869	59.4126405656	11.7895
2 4 4			-0.11		-0.65		7.1		0.35974	0.8182	43.1484985256	64.6996
0 6 6			0.02		-0.63		6.98		0.35876	1.0147	60.183190367	40.9583
2 4 6			0.0		-0.63		6.97		0.35752	0.785	46.7364348384	64.2552
0 6 0			0.0		-0.63		6.96		0.35752	1.4277	54.7714555341	59.4019
3 5 1			-0.02		-0.65		7.09		0.3574	0.5283	53.2544885252	31.9012
6 0 10			0.01		-0.64		7.01		0.35717	1.0728	69.1331306246	8.9056
6 4 6			0.02		-0.62		6.89		0.35755	0.9247	71.9614498967	41.9809
1 1 9			0.02		-0.6		6.75		0.35765	0.2216	37.1193146943	1.1702
2 4 12			0.02		-0.58		6.61		0.35767	0.2205	63.4791913795	4.8908
2 4 10			0.0		-0.57		6.6		0.35749	0.607	57.0555982332	12.0937
1 5 9			0.02		-0.56		6.49		0.35711	0.4394	58.984264935	17.7365
3 7 1			0.0		-0.56		6.49		0.35706	1.2822	71.5694631273	22.2453
0 6 16			0.01		-0.55		6.43		0.35747	0.4825	89.3859051251	7.6515
0 6 14			0.01		-0.54		6.34		0.35746	0.9096	81.7552219026	27.2955
2 0 16			0.0		-0.53		6.32		0.35827	0.5935	67.2372591268	11.8907
3 3 13			0.01		-0.52		6.24		0.3589	0.5636	65.4922780779	9.1158
5 5 1			0.0		-0.52		6.23		0.35885	0.5073	65.769247456	23.9531
0 0 18			0.0		-0.51		6.21		0.35803	0.6609	73.530655613	37.988
5 1 1			-0.01		-0.53		6.3		0.35792	0.5346	46.1701152	26.7419
0 6 8			0.02		-0.51		6.2		0.35772	0.7694	64.1950429677	5.6946
9 1 1			0.0		-0.51		6.17		0.35764	0.8793	87.9915459652	19.6393
3 5 9			0.01		-0.5		6.14		0.35693	0.4755	65.0802252419	19.5165
1 3 13			0.01		-0.5		6.1		0.35747	0.3907	59.4200243294	11.5335
2 4 2			-0.0		-0.5		6.13		0.3575	0.3828	40.8766170199	13.2501
3 3 9			0.01		-0.49		6.06		0.35711	0.3816	52.4524123761	12.0632
4 2 2			-0.0		-0.49		6.08		0.35711	0.457	40.8620305525	12.2524
0 2 8			0.01		-0.48		5.99		0.35718	0.1155	35.7619852008	1.7384
6 4 2			0.01		-0.47		5.94		0.35718	0.2211	67.6401768609	4.8049
4 6 6			0.01		-0.46		5.86		0.35747	1.1903	71.9781772466	41.9784
0 0 20			-0.06		-0.51		6.22		0.36257	0.4542	83.3712939521	4.3689
1 3 15			0.01		-0.51		6.17		0.3626	0.2862	67.3623786269	8.1809
3 1 15			0.01		-0.5		6.13		0.36264	0.2871	67.3554895111	7.7692
0 2 12			-0.0		-0.5		6.14		0.36252	0.3827	50.6142203783	17.5707
5 1 9			-0.0		-0.5		6.14		0.36241	0.4583	58.9619928854	19.0838
0 4 20			0.01		-0.49		6.07		0.36255	1.027	94.1654323607	18.6345
2 0 10			-0.01		-0.5		6.16		0.36252	0.6169	42.9543880851	20.236
1 1 15			-0.01		-0.51		6.2		0.36258	0.656	61.3839959686	20.6242
4 2 10			-0.0		-0.51		6.21		0.36256	1.1102	57.0442200735	11.3144