HKL Value		Reward		TotalReward	Chi Squared	Z Appr. 	Error	Two-Thetas	Sfs2
5 3 7			0.0		0.0		0.0		0.3	0.2523	60.5057581853	5.4388
3 1 9			0.0		0.0		1.9		0.35499	0.36	45.2950695798	8.7768
1 7 7			-0.14		-0.14		2.2		0.35485	0.4353	72.3061031614	6.1143
4 6 0			0.49		0.35		1.48		0.35485	0.7863	67.1083315067	59.4729
5 5 3			-0.77		-0.42		6.34		0.3534	0.8107	66.8760743485	64.1048
4 2 6			0.16		-0.26		5.49		0.35159	1.6049	46.7233273538	62.1975
1 1 13			-0.01		-0.28		5.56		0.35257	0.3722	52.9310122384	10.9703
1 5 5			-0.55		-0.83		12.49		0.36275	1.8923	50.2743192378	127.3636
7 1 7			0.12		-0.71		11.15		0.36291	0.3505	72.2660298289	5.0526
3 1 1			-0.08		-0.79		12.06		0.36257	0.5239	28.3131072915	41.7464
6 4 0			0.11		-0.67		10.85		0.36257	1.8287	67.0910631577	58.6803
2 4 8			0.07		-0.6		10.1		0.36001	0.1687	51.4325245866	2.4593
7 1 3			-0.13		-0.73		11.6		0.35841	1.4031	66.8553232335	91.2915
5 1 7			0.07		-0.66		10.81		0.35844	0.2609	54.1000446603	4.252
0 2 20			0.07		-0.58		10.09		0.35681	0.4494	86.0769303832	2.8517
3 5 7			0.06		-0.53		9.55		0.3568	0.2309	60.5203777188	5.6046
4 4 8			-0.36		-0.89		14.94		0.3637	3.9407	61.1479986878	218.5721
5 5 7			0.06		-0.83		14.11		0.36374	0.6639	72.2860687267	4.3062
1 5 7			0.05		-0.78		13.4		0.36378	0.6035	54.1236034243	4.2528
1 3 7			0.05		-0.73		12.77		0.36383	0.1893	39.2755843192	5.3372
5 3 1			-0.01		-0.73		12.85		0.36376	0.5252	53.2386121167	32.835
1 3 3			-0.04		-0.78		13.41		0.36351	0.7045	30.3940112777	66.1614
6 0 8			0.04		-0.74		12.94		0.36292	2.9234	64.163237895	5.3359
2 2 14			-0.04		-0.78		13.44		0.36088	1.0835	61.7979105177	101.9829
3 7 1			0.02		-0.76		13.15		0.36073	1.2822	71.5694631273	22.2453
2 0 14			0.04		-0.71		12.63		0.36093	0.2634	58.6945218607	7.3942
0 6 2			0.03		-0.68		12.23		0.36104	0.2356	55.3895592761	6.1752
4 6 2			0.03		-0.65		11.88		0.36106	0.2349	67.657370766	5.5969
6 0 2			0.03		-0.62		11.52		0.36116	0.2214	55.354768557	5.4487
1 1 7			0.03		-0.59		11.18		0.36125	0.2012	29.7561292971	6.5386
0 2 14			0.03		-0.56		10.82		0.36153	0.2479	58.6982494177	6.3292
2 4 14			0.03		-0.53		10.51		0.36114	0.5221	70.6383718296	19.4111
4 2 14			0.03		-0.5		10.22		0.36075	1.2576	70.6282605877	19.9713
1 5 13			0.03		-0.47		9.94		0.36149	1.1973	71.2966048402	12.6128
3 1 7			0.03		-0.45		9.69		0.36154	0.257	39.2655360855	5.205
0 6 10			0.02		-0.43		9.54		0.36139	0.8527	69.1637693973	8.5049
4 2 8			0.02		-0.41		9.34		0.36073	0.7605	51.4203212226	2.5419
5 1 9			0.02		-0.39		9.2		0.35964	0.4583	58.9619928854	19.0838
2 0 0			-0.1		-0.49		10.18		0.35964	2.02	17.6289686615	175.6782
3 1 13			0.02		-0.47		9.96		0.36055	0.3869	59.4126405656	11.7895
3 1 3			-0.04		-0.5		10.32		0.36021	1.2003	30.3814370344	67.5761
0 6 6			0.02		-0.48		10.13		0.35961	1.0147	60.183190367	40.9583
3 3 3			-0.03		-0.51		10.45		0.35917	0.8081	39.7679129272	70.9373
6 2 8			-0.16		-0.67		12.37		0.36139	3.3751	67.1207225085	222.106
6 0 6			0.02		-0.65		12.15		0.36104	1.0815	60.1501886982	39.9969
6 0 10			0.01		-0.64		11.99		0.3609	1.0728	69.1331306246	8.9056
3 3 7			0.02		-0.62		11.74		0.36092	0.1558	47.1418707618	3.5073
3 3 13			0.02		-0.59		11.5		0.36113	0.5636	65.4922780779	9.1158
0 4 10			-0.02		-0.61		11.68		0.36169	0.9893	53.7871001638	44.1425
2 4 6			0.0		-0.61		11.63		0.36119	0.785	46.7364348384	64.2552
5 5 1			0.01		-0.6		11.52		0.36114	0.5073	65.769247456	23.9531
2 0 16			0.02		-0.58		11.32		0.36161	0.5935	67.2372591268	11.8907
2 4 10			0.01		-0.57		11.24		0.36151	0.607	57.0555982332	12.0937
3 5 9			0.01		-0.57		11.17		0.36108	0.4755	65.0802252419	19.5165
2 0 8			0.02		-0.55		10.97		0.36104	0.1665	35.7565424018	1.5727
1 5 9			0.01		-0.54		10.84		0.36055	0.4394	58.984264935	17.7365
3 3 15			0.02		-0.52		10.67		0.36067	0.3402	73.0835579415	3.8877
0 6 14			0.01		-0.51		10.52		0.36044	0.9096	81.7552219026	27.2955
0 6 18			0.02		-0.49		10.35		0.36044	0.7949	98.0280769063	1.8601
0 4 4			-0.06		-0.55		11.02		0.36026	0.8482	39.0545896029	78.0016
4 6 6			0.02		-0.53		10.84		0.36034	1.1903	71.9781772466	41.9784
0 2 16			0.01		-0.52		10.71		0.36101	1.8687	67.2407114996	13.8307
1 1 9			0.02		-0.5		10.54		0.36097	0.2216	37.1193146943	1.1702
2 4 12			0.01		-0.49		10.39		0.36079	0.2205	63.4791913795	4.8908
6 4 6			0.02		-0.47		10.23		0.36083	0.9247	71.9614498967	41.9809
5 1 13			0.01		-0.46		10.08		0.3611	0.4567	71.2764535317	11.3258
2 4 2			0.0		-0.46		10.05		0.3611	0.3828	40.8766170199	13.2501
0 6 16			0.01		-0.44		9.9		0.36127	0.4825	89.3859051251	7.6515
6 0 12			0.01		-0.43		9.76		0.36127	0.5892	74.995462768	0.9301
9 1 1			0.01		-0.42		9.69		0.36125	0.8793	87.9915459652	19.6393
1 3 13			0.01		-0.41		9.56		0.36143	0.3907	59.4200243294	11.5335
6 2 0			-0.29		-0.69		13.4		0.36143	4.3933	57.9728440251	566.5186
0 0 2			-0.06		-0.75		14.21		0.36153	1.161	7.62646333295	98.931
2 2 16			0.0		-0.75		14.17		0.36232	1.1693	70.1293332912	108.6018
3 1 15			0.01		-0.74		14.02		0.36237	0.2871	67.3554895111	7.7692
0 6 8			0.01		-0.72		13.86		0.36227	0.7694	64.1950429677	5.6946
4 2 2			0.01		-0.72		13.77		0.36228	0.457	40.8620305525	12.2524
0 4 20			0.01		-0.71		13.6		0.3625	1.027	94.1654323607	18.6345
3 3 9			0.01		-0.7		13.48		0.36241	0.3816	52.4524123761	12.0632
2 0 10			0.0		-0.7		13.47		0.36237	0.6169	42.9543880851	20.236
4 4 0			-0.22		-0.92		17.38		0.36237	4.9852	51.3853572345	648.027
4 2 10			0.01		-0.91		17.25		0.36234	1.1102	57.0442200735	11.3144
0 6 0			0.01		-0.91		17.12		0.36234	1.4277	54.7714555341	59.4019
1 3 15			0.01		-0.9		16.95		0.36238	0.2862	67.3623786269	8.1809
0 2 12			0.01		-0.89		16.83		0.36225	0.3827	50.6142203783	17.5707
0 0 16			0.0		-0.89		16.77		0.36275	1.3342	64.286058028	116.6634
1 1 15			0.0		-0.88		16.69		0.36282	0.656	61.3839959686	20.6242
1 7 1			0.0		-0.88		16.63		0.36281	0.5219	65.7901743415	26.2984
2 2 6			-0.2		-1.08		20.74		0.36229	8.3224	34.2684003079	615.2447
0 0 18			0.01		-1.07		20.58		0.36233	0.6609	73.530655613	37.988
0 2 10			0.0		-1.06		20.5		0.3623	0.4317	42.9590557724	21.0204
6 2 2			-0.03		-1.1		21.19		0.36238	3.3001	58.5687226088	135.1206
2 2 8			-0.04		-1.14		22.07		0.36267	1.8488	40.1384116224	216.1995
3 1 11			-0.04		-1.18		23.04		0.36272	2.3814	52.0481274199	292.2152