HKL Value		Reward		TotalReward	Chi Squared	Z Appr. 	Error	Two-Thetas	Sfs2
5 3 7			0.0		0.0		0.0		0.3	0.2523	60.5057581853	5.4388
1 7 7			0.0		0.0		0.08		0.33542	0.4353	72.3061031614	6.1143
2 2 6			-1.0		-1.0		155.93		0.33432	8.3224	34.2684003079	615.2447
4 6 0			0.5		-0.5		103.97		0.33431	0.7863	67.1083315067	59.4729
4 2 6			0.33		-0.17		77.98		0.33431	1.6049	46.7233273538	62.1975
7 1 7			0.25		0.08		62.4		0.33461	0.3505	72.2660298289	5.0526
6 4 0			0.2		0.28		52.0		0.33461	1.8287	67.0910631577	58.6803
3 5 11			-0.14		0.14		60.58		0.35187	1.8915	70.5555824797	206.4699
4 4 10			0.07		0.21		56.69		0.35241	0.6886	66.23802526	47.6672
0 2 20			0.12		0.33		50.44		0.35334	0.4494	86.0769303832	2.8517
0 4 4			0.01		0.34		50.14		0.35195	0.8482	39.0545896029	78.0016
2 4 8			0.1		0.44		45.59		0.35242	0.1687	51.4325245866	2.4593
5 1 7			0.09		0.53		41.9		0.35227	0.2609	54.1000446603	4.252
3 5 7			0.08		0.61		38.83		0.35206	0.2309	60.5203777188	5.6046
3 3 7			0.08		0.68		36.1		0.35185	0.1558	47.1418707618	3.5073
5 5 7			0.07		0.75		33.76		0.35149	0.6639	72.2860687267	4.3062
4 4 0			-0.35		0.4		52.04		0.35146	4.9852	51.3853572345	648.027
1 5 7			0.06		0.46		49.04		0.34697	0.6035	54.1236034243	4.2528
1 3 7			0.06		0.52		46.37		0.34615	0.1893	39.2755843192	5.3372
2 0 0			0.0		0.52		46.37		0.34615	2.02	17.6289686615	175.6782
1 1 7			0.05		0.57		44.1		0.34542	0.2012	29.7561292971	6.5386
2 0 14			0.05		0.62		42.06		0.34964	0.2634	58.6945218607	7.3942
2 0 6			0.03		0.65		40.82		0.34518	1.6278	29.1406672869	128.8477
6 0 8			0.04		0.69		39.14		0.34601	2.9234	64.163237895	5.3359
0 2 14			0.04		0.74		37.55		0.34778	0.2479	58.6982494177	6.3292
0 6 2			0.04		0.77		36.16		0.34789	0.2356	55.3895592761	6.1752
6 0 2			0.04		0.81		34.87		0.348	0.2214	55.354768557	5.4487
2 0 8			0.04		0.85		33.59		0.34765	0.1665	35.7565424018	1.5727
3 1 7			0.04		0.88		32.43		0.34728	0.257	39.2655360855	5.205
4 6 2			0.03		0.92		31.4		0.34714	0.2349	67.657370766	5.5969
4 2 8			0.03		0.95		30.38		0.34747	0.7605	51.4203212226	2.5419
0 6 18			0.03		0.98		29.48		0.3514	0.7949	98.0280769063	1.8601
1 5 13			0.02		1.01		28.78		0.35156	1.1973	71.2966048402	12.6128
5 3 1			0.02		1.02		28.3		0.35147	0.5252	53.2386121167	32.835
0 6 10			0.03		1.05		27.54		0.35142	0.8527	69.1637693973	8.5049
6 0 12			0.02		1.07		27.11		0.35543	0.5892	74.995462768	0.9301
3 1 13			0.02		1.09		26.5		0.35577	0.3869	59.4126405656	11.7895
2 4 14			0.03		1.12		25.8		0.35582	0.5221	70.6383718296	19.4111
1 3 15			0.02		1.14		25.24		0.3557	0.2862	67.3623786269	8.1809
6 0 6			0.03		1.16		24.6		0.35555	1.0815	60.1501886982	39.9969
0 0 6			-0.26		0.9		33.45		0.35371	7.4326	23.0169618987	709.6598
4 2 14			0.02		0.92		32.66		0.35382	1.2576	70.6282605877	19.9713
0 6 6			0.02		0.95		31.89		0.35376	1.0147	60.183190367	40.9583
2 4 6			0.02		0.97		31.22		0.35356	0.785	46.7364348384	64.2552
1 1 9			0.02		0.99		30.56		0.35393	0.2216	37.1193146943	1.1702
0 6 0			0.02		1.01		30.03		0.35393	1.4277	54.7714555341	59.4019
6 4 6			0.02		1.03		29.43		0.35414	0.9247	71.9614498967	41.9809
2 4 12			0.02		1.05		28.85		0.35466	0.2205	63.4791913795	4.8908
1 1 13			0.02		1.07		28.35		0.35481	0.3722	52.9310122384	10.9703
6 0 10			0.02		1.09		27.84		0.35476	1.0728	69.1331306246	8.9056
0 6 8			0.02		1.11		27.28		0.35478	0.7694	64.1950429677	5.6946
0 6 14			0.02		1.12		26.79		0.35486	0.9096	81.7552219026	27.2955
1 1 5			-0.07		1.06		28.74		0.35563	1.9661	22.8949597146	247.5537
2 0 16			0.01		1.07		28.33		0.35581	0.5935	67.2372591268	11.8907
3 3 13			0.02		1.09		27.86		0.35603	0.5636	65.4922780779	9.1158
2 4 10			0.01		1.1		27.45		0.35594	0.607	57.0555982332	12.0937
3 7 1			0.01		1.12		27.07		0.3559	1.2822	71.5694631273	22.2453
5 5 1			0.01		1.13		26.7		0.35586	0.5073	65.769247456	23.9531
1 3 13			0.01		1.14		26.32		0.35613	0.3907	59.4200243294	11.5335
5 1 13			0.01		1.16		25.94		0.35645	0.4567	71.2764535317	11.3258
0 2 10			0.01		1.17		25.7		0.3563	0.4317	42.9590557724	21.0204
5 3 9			0.01		1.18		25.35		0.35587	0.4833	65.0662013285	20.8409
1 5 9			0.02		1.2		24.95		0.35571	0.4394	58.984264935	17.7365
0 2 8			0.02		1.21		24.55		0.35575	0.1155	35.7619852008	1.7384
0 6 16			0.01		1.23		24.23		0.35588	0.4825	89.3859051251	7.6515
0 4 16			0.0		1.23		24.23		0.35835	1.5557	75.7704700384	94.8658
4 2 0			0.01		1.24		24.05		0.35835	0.9287	40.0811891304	86.5118
1 3 1			0.0		1.24		23.98		0.35829	0.5324	28.3265170018	42.1271
9 1 1			0.01		1.25		23.7		0.35824	0.8793	87.9915459652	19.6393
6 4 2			0.01		1.26		23.39		0.35824	0.2211	67.6401768609	4.8049
2 4 2			0.01		1.27		23.17		0.35824	0.3828	40.8766170199	13.2501
3 3 9			0.01		1.29		22.86		0.35791	0.3816	52.4524123761	12.0632
0 2 12			0.01		1.3		22.57		0.35736	0.3827	50.6142203783	17.5707
5 1 9			0.01		1.31		22.29		0.35701	0.4583	58.9619928854	19.0838
3 5 9			0.01		1.32		22.04		0.3566	0.4755	65.0802252419	19.5165
6 2 2			-0.04		1.29		22.9		0.35684	3.3001	58.5687226088	135.1206
4 6 6			0.01		1.3		22.61		0.35703	1.1903	71.9781772466	41.9784
0 4 20			0.0		1.3		22.55		0.35995	1.027	94.1654323607	18.6345
4 2 10			0.01		1.31		22.33		0.3599	1.1102	57.0442200735	11.3144
1 1 15			0.01		1.32		22.2		0.36004	0.656	61.3839959686	20.6242
3 1 15			0.01		1.33		21.96		0.36011	0.2871	67.3554895111	7.7692
0 4 10			0.0		1.33		21.96		0.36033	0.9893	53.7871001638	44.1425
4 2 2			0.01		1.34		21.78		0.36033	0.457	40.8620305525	12.2524
0 0 18			0.01		1.35		21.59		0.36029	0.6609	73.530655613	37.988
1 7 1			0.01		1.35		21.46		0.36027	0.5219	65.7901743415	26.2984
0 0 20			-0.0		1.35		21.52		0.36227	0.4542	83.3712939521	4.3689
0 0 12			-0.06		1.29		22.87		0.36176	3.2426	47.0346015839	274.3783
0 2 16			0.01		1.3		22.63		0.36186	1.8687	67.2407114996	13.8307
6 2 6			-0.07		1.23		24.31		0.36156	3.9921	63.2107357729	344.5633
3 1 9			0.01		1.24		24.06		0.3615	0.36	45.2950695798	8.7768
0 2 22			0.0		1.24		24.02		0.36166	1.8317	96.7387030121	97.213
4 0 6			-0.11		1.13		27.0		0.36134	5.3963	42.900258124	488.2208
2 0 10			0.01		1.14		26.84		0.36131	0.6169	42.9543880851	20.236
1 1 3			0.0		1.14		26.72		0.36129	0.4514	16.9416048235	36.8187
0 2 2			0.0		1.14		26.72		0.36129	0.4614	19.2417464495	36.8131
5 1 1			0.01		1.15		26.56		0.36127	0.5346	46.1701152	26.7419
6 2 10			0.0		1.15		26.5		0.36137	0.7103	71.9901825081	43.9921
1 5 1			0.01		1.16		26.35		0.36137	0.4978	46.196563203	27.3004
3 3 15			0.01		1.17		26.09		0.36139	0.3402	73.0835579415	3.8877
1 3 3			0.0		1.17		26.06		0.36136	0.7045	30.3940112777	66.1614
3 3 11			-0.02		1.15		26.64		0.36143	2.1204	58.6030846927	249.5822
3 5 3			-0.0		1.14		26.72		0.3614	0.9259	54.5093201099	87.7589