HKL Value		Reward		TotalReward	Chi Squared	Z Appr. 	Error	Two-Thetas	Sfs2
5 3 7			0.0		0.0		0.0		0.3	0.2523	60.5057581853	5.4388
1 7 7			0.0		0.0		0.08		0.33542	0.4353	72.3061031614	6.1143
4 6 0			0.29		0.29		0.06		0.33542	0.7863	67.1083315067	59.4729
2 6 0			-1.0		-0.71		91.9		0.33542	4.3567	58.0028534629	558.9791
4 2 6			0.33		-0.38		68.92		0.33544	1.6049	46.7233273538	62.1975
7 1 7			0.25		-0.13		55.14		0.33563	0.3505	72.2660298289	5.0526
6 4 0			0.2		0.07		45.95		0.33563	1.8287	67.0910631577	58.6803
2 4 8			0.17		0.24		39.39		0.33597	0.1687	51.4325245866	2.4593
0 2 20			0.14		0.38		34.47		0.33648	0.4494	86.0769303832	2.8517
5 1 7			0.12		0.51		30.65		0.33653	0.2609	54.1000446603	4.252
6 2 2			-0.18		0.33		37.21		0.337	3.3001	58.5687226088	135.1206
2 2 0			-0.6		-0.27		92.9		0.337	11.1953	25.0390113278	1035.9387
3 5 7			0.09		-0.18		85.16		0.33694	0.2309	60.5203777188	5.6046
1 3 7			0.08		-0.1		78.61		0.33697	0.1893	39.2755843192	5.3372
5 5 7			0.08		-0.02		73.0		0.33715	0.6639	72.2860687267	4.3062
3 3 7			0.07		0.05		68.16		0.33741	0.1558	47.1418707618	3.5073
2 4 0			0.05		0.1		64.76		0.33741	1.4359	40.0960076051	88.2765
1 5 7			0.06		0.17		60.95		0.33741	0.6035	54.1236034243	4.2528
1 1 7			0.06		0.23		57.57		0.33744	0.2012	29.7561292971	6.5386
2 0 14			0.05		0.28		54.67		0.33684	0.2634	58.6945218607	7.3942
6 0 8			0.05		0.33		52.02		0.33664	2.9234	64.163237895	5.3359
0 2 14			0.05		0.38		49.62		0.33625	0.2479	58.6982494177	6.3292
6 0 2			0.04		0.42		47.48		0.33624	0.2214	55.354768557	5.4487
0 6 2			0.04		0.47		45.55		0.33624	0.2356	55.3895592761	6.1752
3 1 7			0.04		0.51		43.66		0.33629	0.257	39.2655360855	5.205
4 2 14			0.03		0.54		42.42		0.33597	1.2576	70.6282605877	19.9713
2 0 8			0.03		0.57		41.02		0.33737	0.1665	35.7565424018	1.5727
4 2 8			0.04		0.61		39.5		0.33732	0.7605	51.4203212226	2.5419
4 6 2			0.04		0.65		38.16		0.33726	0.2349	67.657370766	5.5969
0 6 18			0.05		0.69		36.48		0.35382	0.7949	98.0280769063	1.8601
0 2 4			-0.03		0.66		37.8		0.35479	1.326	23.4223631322	110.0283
1 1 9			0.03		0.69		36.6		0.35599	0.2216	37.1193146943	1.1702
0 6 10			0.03		0.72		35.56		0.35567	0.8527	69.1637693973	8.5049
6 0 6			0.03		0.75		34.49		0.35533	1.0815	60.1501886982	39.9969
1 5 13			0.03		0.78		33.64		0.3564	1.1973	71.2966048402	12.6128
0 0 16			0.01		0.79		33.15		0.36332	1.3342	64.286058028	116.6634
0 6 6			0.02		0.81		32.35		0.36297	1.0147	60.183190367	40.9583
3 1 13			0.03		0.84		31.48		0.36306	0.3869	59.4126405656	11.7895
2 2 2			-0.04		0.8		32.88		0.36327	1.1162	26.2109248846	125.5642
6 0 12			0.03		0.83		32.04		0.36325	0.5892	74.995462768	0.9301
6 4 6			0.03		0.85		31.24		0.3632	0.9247	71.9614498967	41.9809
2 4 6			0.02		0.87		30.74		0.36273	0.785	46.7364348384	64.2552
1 5 1			0.01		0.88		30.3		0.3627	0.4978	46.196563203	27.3004
6 0 10			0.02		0.9		29.71		0.36263	1.0728	69.1331306246	8.9056
2 4 14			0.02		0.92		29.07		0.36239	0.5221	70.6383718296	19.4111
2 0 6			-0.0		0.92		29.18		0.36141	1.6278	29.1406672869	128.8477
6 2 6			-0.09		0.83		32.16		0.35886	3.9921	63.2107357729	344.5633
0 6 14			0.02		0.85		31.52		0.35869	0.9096	81.7552219026	27.2955
2 4 12			0.02		0.87		30.86		0.35854	0.2205	63.4791913795	4.8908
1 1 13			0.02		0.89		30.28		0.35911	0.3722	52.9310122384	10.9703
3 3 13			0.02		0.91		29.7		0.35956	0.5636	65.4922780779	9.1158
2 0 16			0.02		0.93		29.17		0.36033	0.5935	67.2372591268	11.8907
0 6 8			0.02		0.95		28.63		0.36009	0.7694	64.1950429677	5.6946
2 2 8			-0.05		0.9		30.08		0.36122	1.8488	40.1384116224	216.1995
6 4 4			0.01		0.91		29.78		0.3613	0.6669	69.2748711385	33.991
2 6 10			0.01		0.91		29.61		0.36172	0.7069	72.0169435829	44.7171
1 3 13			0.02		0.93		29.09		0.36189	0.3907	59.4200243294	11.5335
3 7 1			0.01		0.94		28.7		0.36186	1.2822	71.5694631273	22.2453
1 3 5			-0.03		0.91		29.67		0.36242	3.1323	34.189462707	190.138
2 4 10			0.01		0.92		29.29		0.36237	0.607	57.0555982332	12.0937
1 5 9			0.01		0.94		28.89		0.36213	0.4394	58.984264935	17.7365
0 6 16			0.02		0.96		28.41		0.36213	0.4825	89.3859051251	7.6515
5 3 9			0.01		0.97		28.11		0.36191	0.4833	65.0662013285	20.8409
9 1 1			0.01		0.98		27.74		0.36189	0.8793	87.9915459652	19.6393
3 3 9			0.01		0.99		27.37		0.36171	0.3816	52.4524123761	12.0632
3 5 9			0.01		1.0		27.07		0.36143	0.4755	65.0802252419	19.5165
2 4 2			0.01		1.01		26.78		0.36145	0.3828	40.8766170199	13.2501
1 3 15			0.01		1.03		26.43		0.36154	0.2862	67.3623786269	8.1809
5 5 1			0.01		1.04		26.13		0.36153	0.5073	65.769247456	23.9531
3 1 9			0.01		1.05		25.79		0.36135	0.36	45.2950695798	8.7768
5 1 13			0.01		1.07		25.43		0.36152	0.4567	71.2764535317	11.3258
5 1 9			0.01		1.08		25.14		0.36125	0.4583	58.9619928854	19.0838
0 2 8			0.01		1.09		24.79		0.36123	0.1155	35.7619852008	1.7384
7 3 3			0.0		1.09		24.74		0.36112	1.9283	72.601334037	69.5466
0 2 12			0.01		1.11		24.48		0.36076	0.3827	50.6142203783	17.5707
6 4 2			0.01		1.12		24.19		0.36076	0.2211	67.6401768609	4.8049
0 6 0			0.01		1.13		23.95		0.36076	1.4277	54.7714555341	59.4019
0 4 20			0.01		1.14		23.69		0.36161	1.027	94.1654323607	18.6345
3 5 5			-0.01		1.13		23.98		0.36192	1.2751	56.9624934876	133.7285
3 1 15			0.01		1.14		23.71		0.36198	0.2871	67.3554895111	7.7692
4 2 10			0.01		1.15		23.49		0.36195	1.1102	57.0442200735	11.3144
0 2 16			0.01		1.16		23.22		0.36211	1.8687	67.2407114996	13.8307
4 2 2			0.01		1.17		23.02		0.36212	0.457	40.8620305525	12.2524
4 6 6			0.01		1.18		22.75		0.36212	1.1903	71.9781772466	41.9784
1 1 15			0.01		1.19		22.59		0.36221	0.656	61.3839959686	20.6242
1 7 1			0.01		1.19		22.46		0.3622	0.5219	65.7901743415	26.2984
0 4 10			0.0		1.19		22.43		0.36239	0.9893	53.7871001638	44.1425
0 0 20			0.01		1.2		22.3		0.3633	0.4542	83.3712939521	4.3689
0 0 18			0.01		1.21		22.1		0.36336	0.6609	73.530655613	37.988
5 1 1			0.01		1.21		21.99		0.36336	0.5346	46.1701152	26.7419
1 3 3			-0.0		1.21		22.02		0.36332	0.7045	30.3940112777	66.1614
2 0 10			0.0		1.22		21.92		0.3633	0.6169	42.9543880851	20.236
2 0 12			0.01		1.22		21.76		0.36323	0.8079	50.6101057273	16.6151
0 4 4			-0.01		1.21		22.07		0.3632	0.8482	39.0545896029	78.0016
1 1 3			0.0		1.21		22.01		0.36318	0.4514	16.9416048235	36.8187
6 2 10			0.0		1.21		21.96		0.3633	0.7103	71.9901825081	43.9921
4 4 8			-0.03		1.18		22.71		0.3635	3.9407	61.1479986878	218.5721
1 3 1			0.0		1.18		22.68		0.36349	0.5324	28.3265170018	42.1271
1 3 9			0.01		1.19		22.47		0.36345	0.2622	45.3040218183	7.1674
0 2 10			0.0		1.2		22.38		0.36343	0.4317	42.9590557724	21.0204
7 1 1			0.01		1.2		22.26		0.36342	0.5207	65.7483230412	25.2044
4 2 0			0.0		1.21		22.17		0.36342	0.9287	40.0811891304	86.5118