HKL Value		Reward		TotalReward	Chi Squared	Z Appr. 	Error	Two-Thetas	Sfs2
5 3 7			0.0		0.0		0.0		0.3	0.2523	60.5057581853	5.4388
1 7 7			0.0		0.0		0.08		0.33542	0.4353	72.3061031614	6.1143
4 6 0			0.29		0.29		0.06		0.33542	0.7863	67.1083315067	59.4729
0 4 12			-0.75		-0.46		0.24		0.33485	1.4889	60.4300914167	161.7651
4 2 6			0.32		-0.14		0.18		0.33486	1.6049	46.7233273538	62.1975
7 1 7			0.19		0.05		0.15		0.33515	0.3505	72.2660298289	5.0526
6 4 0			0.18		0.23		0.13		0.33515	1.8287	67.0910631577	58.6803
5 1 5			-0.99		-0.76		12.27		0.34051	1.1901	50.2495039981	127.1383
0 4 0			-0.83		-1.59		73.8		0.34051	6.137	35.7152072575	818.959
0 4 20			0.12		-1.47		65.75		0.33711	1.027	94.1654323607	18.6345
2 4 8			0.11		-1.36		59.17		0.33708	0.1687	51.4325245866	2.4593
0 2 20			0.1		-1.26		53.8		0.33697	0.4494	86.0769303832	2.8517
5 1 7			0.09		-1.17		49.31		0.33698	0.2609	54.1000446603	4.252
1 3 11			-0.2		-1.37		61.93		0.33931	2.4293	52.0561920156	298.4303
3 5 7			0.08		-1.3		57.53		0.33924	0.2309	60.5203777188	5.6046
3 3 7			0.07		-1.23		53.7		0.33927	0.1558	47.1418707618	3.5073
5 5 7			0.07		-1.16		50.34		0.33927	0.6639	72.2860687267	4.3062
1 5 7			0.06		-1.1		47.38		0.33924	0.6035	54.1236034243	4.2528
3 5 3			0.02		-1.08		46.36		0.33919	0.9259	54.5093201099	87.7589
1 3 7			0.06		-1.02		43.93		0.33915	0.1893	39.2755843192	5.3372
1 1 7			0.05		-0.97		41.73		0.33912	0.2012	29.7561292971	6.5386
2 0 14			0.05		-0.92		39.92		0.33893	0.2634	58.6945218607	7.3942
6 0 8			0.04		-0.88		38.2		0.33882	2.9234	64.163237895	5.3359
0 2 14			0.04		-0.83		36.66		0.33858	0.2479	58.6982494177	6.3292
0 6 2			0.04		-0.8		35.26		0.33858	0.2356	55.3895592761	6.1752
6 0 2			0.04		-0.76		33.96		0.33858	0.2214	55.354768557	5.4487
2 0 8			0.04		-0.72		32.75		0.3392	0.1665	35.7565424018	1.5727
3 1 7			0.04		-0.68		31.54		0.33916	0.257	39.2655360855	5.205
4 2 8			0.04		-0.64		30.42		0.33909	0.7605	51.4203212226	2.5419
6 0 0			0.03		-0.61		29.53		0.33909	0.7256	54.7363985401	55.434
4 6 2			0.03		-0.58		28.62		0.33906	0.2349	67.657370766	5.5969
0 6 18			0.07		-0.51		26.7		0.36119	0.7949	98.0280769063	1.8601
1 5 13			0.03		-0.48		25.89		0.36151	1.1973	71.2966048402	12.6128
4 6 6			0.03		-0.45		25.11		0.36151	1.1903	71.9781772466	41.9784
0 6 10			0.02		-0.42		24.5		0.36145	0.8527	69.1637693973	8.5049
6 0 12			0.03		-0.39		23.8		0.36142	0.5892	74.995462768	0.9301
3 1 13			0.03		-0.37		23.16		0.36164	0.3869	59.4126405656	11.7895
2 4 14			0.03		-0.34		22.56		0.36152	0.5221	70.6383718296	19.4111
6 0 6			0.02		-0.32		22.05		0.36132	1.0815	60.1501886982	39.9969
4 2 14			0.02		-0.29		21.51		0.3612	1.2576	70.6282605877	19.9713
0 6 6			0.02		-0.27		21.05		0.361	1.0147	60.183190367	40.9583
1 1 9			0.02		-0.25		20.54		0.36097	0.2216	37.1193146943	1.1702
2 4 6			0.01		-0.23		20.26		0.36066	0.785	46.7364348384	64.2552
5 3 9			0.01		-0.22		19.98		0.36035	0.4833	65.0662013285	20.8409
6 4 6			0.02		-0.19		19.52		0.36039	0.9247	71.9614498967	41.9809
2 4 12			0.02		-0.17		19.1		0.36027	0.2205	63.4791913795	4.8908
1 1 13			0.02		-0.15		18.72		0.36048	0.3722	52.9310122384	10.9703
6 0 10			0.02		-0.13		18.41		0.36042	1.0728	69.1331306246	8.9056
0 6 8			0.02		-0.11		18.05		0.36029	0.7694	64.1950429677	5.6946
0 6 14			0.02		-0.1		17.73		0.36018	0.9096	81.7552219026	27.2955
2 0 16			0.02		-0.08		17.42		0.36051	0.5935	67.2372591268	11.8907
3 3 13			0.02		-0.06		17.09		0.36062	0.5636	65.4922780779	9.1158
2 4 10			0.01		-0.05		16.88		0.36056	0.607	57.0555982332	12.0937
3 7 1			0.01		-0.04		16.69		0.36054	1.2822	71.5694631273	22.2453
0 2 8			0.02		-0.02		16.38		0.36053	0.1155	35.7619852008	1.7384
0 2 2			-0.01		-0.03		16.56		0.36051	0.4614	19.2417464495	36.8131
5 5 1			0.01		-0.02		16.38		0.36049	0.5073	65.769247456	23.9531
1 3 13			0.02		0.0		16.11		0.36068	0.3907	59.4200243294	11.5335
5 1 13			0.02		0.02		15.85		0.36083	0.4567	71.2764535317	11.3258
1 5 9			0.01		0.03		15.65		0.36063	0.4394	58.984264935	17.7365
0 6 16			0.02		0.05		15.39		0.36077	0.4825	89.3859051251	7.6515
9 1 1			0.01		0.06		15.22		0.36076	0.8793	87.9915459652	19.6393
6 4 2			0.01		0.07		15.02		0.36076	0.2211	67.6401768609	4.8049
2 4 2			0.01		0.08		14.9		0.36077	0.3828	40.8766170199	13.2501
4 4 4			-0.04		0.04		15.47		0.36072	0.8476	53.9354251327	76.9211
5 3 3			-0.02		0.02		15.78		0.36063	0.9351	54.4936931553	89.9375
3 3 9			0.01		0.03		15.59		0.36047	0.3816	52.4524123761	12.0632
1 3 15			0.01		0.05		15.41		0.36055	0.2862	67.3623786269	8.1809
0 2 12			0.01		0.06		15.26		0.3603	0.3827	50.6142203783	17.5707
5 1 9			0.01		0.07		15.1		0.36008	0.4583	58.9619928854	19.0838
3 5 9			0.01		0.07		14.98		0.35985	0.4755	65.0802252419	19.5165
0 6 0			0.01		0.08		14.86		0.35985	1.4277	54.7714555341	59.4019
4 2 10			0.01		0.09		14.73		0.35979	1.1102	57.0442200735	11.3144
1 1 15			0.0		0.09		14.69		0.35996	0.656	61.3839959686	20.6242
0 0 10			-0.01		0.09		14.78		0.36018	0.8316	38.8438017949	41.7013
3 1 15			0.01		0.1		14.63		0.36027	0.2871	67.3554895111	7.7692
4 2 2			0.01		0.11		14.53		0.36028	0.457	40.8620305525	12.2524
2 2 8			-0.08		0.03		15.72		0.36083	1.8488	40.1384116224	216.1995
1 1 1			-0.01		0.02		15.83		0.36081	0.5749	13.0194761966	56.7652
2 0 2			-0.01		0.01		15.96		0.36079	0.6502	19.2320929378	35.9547