HKL Value		Reward		TotalReward	Chi Squared	Z Appr. 	Error	Two-Thetas	Sfs2
5 3 7			0.0		0.0		0.0		0.3	0.2523	60.5057581853	5.4388
1 7 7			0.0		0.0		0.08		0.33542	0.4353	72.3061031614	6.1143
4 6 0			0.29		0.29		0.06		0.33542	0.7863	67.1083315067	59.4729
4 2 6			0.43		0.72		0.04		0.33544	1.6049	46.7233273538	62.1975
7 1 7			0.26		0.98		0.03		0.33563	0.3505	72.2660298289	5.0526
6 4 0			0.14		1.12		0.03		0.33563	1.8287	67.0910631577	58.6803
2 4 8			-0.02		1.1		0.03		0.33597	0.1687	51.4325245866	2.4593
5 1 7			-0.09		1.01		0.03		0.33624	0.2609	54.1000446603	4.252
2 2 10			-0.98		0.02		2.08		0.33311	0.6429	46.7739448495	44.8949
0 2 20			-0.0		0.02		2.08		0.33551	0.4494	86.0769303832	2.8517
3 5 7			0.11		0.13		1.87		0.33553	0.2309	60.5203777188	5.6046
1 5 7			0.09		0.23		1.71		0.33561	0.6035	54.1236034243	4.2528
5 5 7			0.06		0.29		1.61		0.33578	0.6639	72.2860687267	4.3062
1 3 7			0.08		0.37		1.49		0.33585	0.1893	39.2755843192	5.3372
6 0 2			-0.05		0.31		1.58		0.33585	0.2214	55.354768557	5.4487
2 0 14			0.0		0.32		1.57		0.33549	0.2634	58.6945218607	7.3942
6 0 8			0.01		0.33		1.56		0.33535	2.9234	64.163237895	5.3359
0 6 2			-0.06		0.27		1.65		0.33535	0.2356	55.3895592761	6.1752
0 2 2			-0.42		-0.15		2.84		0.33526	0.4614	19.2417464495	36.8131
4 6 2			0.02		-0.13		2.79		0.33523	0.2349	67.657370766	5.5969
1 1 7			0.05		-0.08		2.67		0.33533	0.2012	29.7561292971	6.5386
1 5 13			-0.03		-0.12		2.76		0.33502	1.1973	71.2966048402	12.6128
1 1 13			-0.01		-0.13		2.79		0.33474	0.3722	52.9310122384	10.9703
2 4 14			-0.11		-0.24		3.15		0.33441	0.5221	70.6383718296	19.4111