HKL Value		Reward		TotalReward	Chi Squared	Z Appr. 	Error	Two-Thetas	Sfs2
5 3 7			0.0		0.0		0.0		0.3	0.2523	60.5057581853	5.4388
1 7 7			0.0		0.0		0.08		0.33542	0.4353	72.3061031614	6.1143
2 4 6			0.52		0.52		0.05		0.33538	0.785	46.7364348384	64.2552
4 6 0			0.06		0.57		0.05		0.33538	0.7863	67.1083315067	59.4729
5 3 1			-0.98		-0.41		2.76		0.33458	0.5252	53.2386121167	32.835
4 2 6			0.25		-0.16		2.21		0.33459	1.6049	46.7233273538	62.1975
7 1 7			0.19		0.04		1.85		0.33503	0.3505	72.2660298289	5.0526
3 1 11			-0.91		-0.88		21.5		0.35934	2.3814	52.0481274199	292.2152
6 4 0			0.14		-0.74		18.82		0.35934	1.8287	67.0910631577	58.6803
2 4 8			0.12		-0.62		16.84		0.35844	0.1687	51.4325245866	2.4593
5 1 7			0.1		-0.52		15.3		0.35847	0.2609	54.1000446603	4.252
0 2 20			0.09		-0.42		13.99		0.35785	0.4494	86.0769303832	2.8517
5 5 7			0.08		-0.34		12.92		0.35785	0.6639	72.2860687267	4.3062
3 5 7			0.07		-0.27		12.08		0.35787	0.2309	60.5203777188	5.6046
4 0 0			-0.73		-1.0		45.22		0.35787	8.3901	35.6934066618	787.9925
1 3 1			0.04		-0.96		43.47		0.35763	0.5324	28.3265170018	42.1271
5 3 3			0.01		-0.95		42.93		0.35699	0.9351	54.4936931553	89.9375
1 5 7			0.06		-0.89		40.49		0.35699	0.6035	54.1236034243	4.2528
1 3 7			0.06		-0.84		38.33		0.35699	0.1893	39.2755843192	5.3372
0 4 12			0.0		-0.83		38.24		0.34813	1.4889	60.4300914167	161.7651
6 0 8			0.05		-0.78		36.4		0.34916	2.9234	64.163237895	5.3359
6 4 6			0.04		-0.74		34.91		0.35146	0.9247	71.9614498967	41.9809
0 0 8			-0.1		-0.84		38.59		0.35489	2.1948	30.8548203523	183.9052
2 0 14			0.05		-0.79		36.93		0.35475	0.2634	58.6945218607	7.3942
4 2 4			-0.0		-0.79		37.1		0.35512	0.7624	43.1345383828	64.2766
0 6 2			0.04		-0.76		35.72		0.35518	0.2356	55.3895592761	6.1752
1 5 11			-0.03		-0.79		36.99		0.35758	1.8219	64.7342781598	204.7444
0 6 8			0.04		-0.75		35.62		0.35742	0.7694	64.1950429677	5.6946
0 2 22			0.01		-0.74		35.31		0.36037	1.8317	96.7387030121	97.213
4 6 2			0.03		-0.71		34.18		0.36038	0.2349	67.657370766	5.5969
6 0 2			0.03		-0.68		33.11		0.36042	0.2214	55.354768557	5.4487
1 1 7			0.03		-0.65		32.09		0.36046	0.2012	29.7561292971	6.5386
0 2 14			0.03		-0.61		31.11		0.36061	0.2479	58.6982494177	6.3292
1 1 13			0.03		-0.58		30.19		0.36098	0.3722	52.9310122384	10.9703
1 5 13			0.03		-0.56		29.34		0.36136	1.1973	71.2966048402	12.6128
5 3 9			0.02		-0.53		28.75		0.36091	0.4833	65.0662013285	20.8409
2 4 14			0.03		-0.51		27.98		0.36075	0.5221	70.6383718296	19.4111
4 2 14			0.03		-0.48		27.25		0.36061	1.2576	70.6282605877	19.9713
0 6 10			0.02		-0.46		26.64		0.36051	0.8527	69.1637693973	8.5049
0 2 12			0.02		-0.44		26.08		0.35995	0.3827	50.6142203783	17.5707
6 0 0			0.02		-0.42		25.55		0.35995	0.7256	54.7363985401	55.434
3 1 7			0.02		-0.39		24.96		0.35995	0.257	39.2655360855	5.205
4 2 8			0.02		-0.37		24.4		0.35965	0.7605	51.4203212226	2.5419
1 7 5			-0.01		-0.37		24.53		0.36037	1.0841	69.0835930101	99.7513
3 1 13			0.02		-0.35		24.0		0.36073	0.3869	59.4126405656	11.7895
3 3 13			0.02		-0.33		23.48		0.36089	0.5636	65.4922780779	9.1158
2 0 0			-0.02		-0.35		23.97		0.36089	2.02	17.6289686615	175.6782
0 6 6			0.02		-0.33		23.52		0.36066	1.0147	60.183190367	40.9583
6 0 6			0.02		-0.31		23.08		0.36044	1.0815	60.1501886982	39.9969
0 2 8			0.02		-0.29		22.61		0.36044	0.1155	35.7619852008	1.7384
6 0 10			0.02		-0.27		22.25		0.36035	1.0728	69.1331306246	8.9056
5 5 1			0.01		-0.26		21.93		0.36031	0.5073	65.769247456	23.9531
3 3 7			0.02		-0.24		21.52		0.36032	0.1558	47.1418707618	3.5073
2 0 16			0.02		-0.22		21.16		0.36077	0.5935	67.2372591268	11.8907
9 1 1			0.01		-0.21		20.86		0.36073	0.8793	87.9915459652	19.6393
2 4 10			0.01		-0.2		20.6		0.36064	0.607	57.0555982332	12.0937
0 6 12			0.02		-0.18		20.23		0.36058	0.3425	75.0250979777	1.887
0 4 4			-0.03		-0.2		20.76		0.36047	0.8482	39.0545896029	78.0016
0 6 14			0.02		-0.19		20.44		0.36033	0.9096	81.7552219026	27.2955
3 5 9			0.01		-0.18		20.21		0.35996	0.4755	65.0802252419	19.5165
2 0 8			0.02		-0.16		19.88		0.35996	0.1665	35.7565424018	1.5727
6 2 6			-0.11		-0.27		22.24		0.35871	3.9921	63.2107357729	344.5633
0 0 18			0.01		-0.25		21.96		0.35838	0.6609	73.530655613	37.988
3 7 1			0.01		-0.24		21.71		0.35834	1.2822	71.5694631273	22.2453
3 5 3			-0.01		-0.25		21.89		0.35817	0.9259	54.5093201099	87.7589
4 6 6			0.02		-0.24		21.57		0.3583	1.1903	71.9781772466	41.9784
0 6 18			0.01		-0.22		21.25		0.3583	0.7949	98.0280769063	1.8601
4 2 2			0.01		-0.21		21.04		0.3583	0.457	40.8620305525	12.2524
1 1 9			0.01		-0.2		20.73		0.35832	0.2216	37.1193146943	1.1702
1 3 13			0.01		-0.18		20.47		0.35869	0.3907	59.4200243294	11.5335
7 3 5			0.0		-0.18		20.43		0.35924	1.0496	74.7140851895	88.0788
1 5 9			0.01		-0.17		20.18		0.3589	0.4394	58.984264935	17.7365
2 4 12			0.01		-0.16		19.9		0.3588	0.2205	63.4791913795	4.8908
0 6 0			0.01		-0.15		19.72		0.3588	1.4277	54.7714555341	59.4019
5 1 13			0.01		-0.13		19.48		0.35912	0.4567	71.2764535317	11.3258
2 4 2			0.01		-0.13		19.33		0.35914	0.3828	40.8766170199	13.2501
0 6 16			0.01		-0.11		19.1		0.35947	0.4825	89.3859051251	7.6515
3 1 15			0.01		-0.1		18.9		0.35958	0.2871	67.3554895111	7.7692
1 3 15			0.01		-0.09		18.71		0.3597	0.2862	67.3623786269	8.1809
1 1 11			-0.09		-0.18		20.54		0.36028	2.144	44.8525636461	378.5934
1 1 15			0.01		-0.18		20.42		0.36047	0.656	61.3839959686	20.6242
0 4 20			0.01		-0.17		20.23		0.36129	1.027	94.1654323607	18.6345
1 7 1			0.01		-0.16		20.12		0.36127	0.5219	65.7901743415	26.2984
5 3 11			-0.02		-0.18		20.51		0.36139	1.8677	70.5420870211	204.0714
2 0 10			0.0		-0.18		20.41		0.36134	0.6169	42.9543880851	20.236
4 2 10			0.01		-0.17		20.25		0.3613	1.1102	57.0442200735	11.3144
0 0 20			0.0		-0.17		20.24		0.36256	0.4542	83.3712939521	4.3689
5 1 1			0.0		-0.16		20.14		0.36256	0.5346	46.1701152	26.7419
5 1 9			0.01		-0.15		19.98		0.36248	0.4583	58.9619928854	19.0838
3 3 9			0.01		-0.15		19.81		0.36242	0.3816	52.4524123761	12.0632
0 0 16			0.0		-0.14		19.72		0.36272	1.3342	64.286058028	116.6634
0 2 10			0.0		-0.14		19.65		0.3627	0.4317	42.9590557724	21.0204
6 2 10			0.0		-0.14		19.64		0.36281	0.7103	71.9901825081	43.9921
4 4 10			-0.0		-0.14		19.66		0.36292	0.6886	66.23802526	47.6672
5 1 3			-0.0		-0.14		19.74		0.36288	0.9592	47.5591860667	88.1873
0 4 0			-0.21		-0.35		24.84		0.36288	6.137	35.7152072575	818.959