HKL Value		Reward		TotalReward	Chi Squared	Z Appr. 	Error	Two-Thetas	Sfs2
5 3 7			0.0		0.0		0.0		0.3	0.2523	60.5057581853	5.4388
1 7 7			0.0		0.0		0.08		0.33542	0.4353	72.3061031614	6.1143
4 6 0			0.29		0.29		0.06		0.33542	0.7863	67.1083315067	59.4729
2 6 8			-1.0		-0.71		23.99		0.37634	4.3291	67.1483383839	218.3417
4 2 6			0.02		-0.69		23.53		0.36966	1.6049	46.7233273538	62.1975
7 1 7			0.24		-0.45		19.02		0.37048	0.3505	72.2660298289	5.0526
6 4 0			0.2		-0.25		15.86		0.37048	1.8287	67.0910631577	58.6803
2 4 8			0.07		-0.18		14.78		0.36467	0.1687	51.4325245866	2.4593
0 2 20			0.14		-0.04		12.95		0.36363	0.4494	86.0769303832	2.8517
5 1 7			0.11		0.07		11.65		0.36368	0.2609	54.1000446603	4.252
3 5 7			0.09		0.16		10.66		0.36376	0.2309	60.5203777188	5.6046
5 5 7			0.09		0.26		9.78		0.36382	0.6639	72.2860687267	4.3062
3 3 7			0.08		0.34		9.01		0.36387	0.1558	47.1418707618	3.5073
0 6 0			0.02		0.36		8.82		0.36387	1.4277	54.7714555341	59.4019
1 5 7			0.07		0.43		8.28		0.36393	0.6035	54.1236034243	4.2528
1 3 7			0.06		0.49		7.82		0.364	0.1893	39.2755843192	5.3372
1 1 7			0.05		0.54		7.43		0.36408	0.2012	29.7561292971	6.5386
6 0 8			0.03		0.57		7.19		0.36335	2.9234	64.163237895	5.3359
2 0 14			0.06		0.63		6.79		0.36328	0.2634	58.6945218607	7.3942
0 6 2			0.04		0.67		6.54		0.36336	0.2356	55.3895592761	6.1752
0 2 14			0.05		0.72		6.22		0.36343	0.2479	58.6982494177	6.3292
2 2 2			-0.37		0.35		9.94		0.36383	1.1162	26.2109248846	125.5642
6 0 2			0.04		0.39		9.56		0.36389	0.2214	55.354768557	5.4487
2 0 8			0.04		0.43		9.17		0.36375	0.1665	35.7565424018	1.5727
0 6 18			0.04		0.47		8.81		0.36375	0.7949	98.0280769063	1.8601
4 6 2			0.03		0.5		8.57		0.36377	0.2349	67.657370766	5.5969
2 0 6			-0.11		0.39		9.61		0.36173	1.6278	29.1406672869	128.8477
3 1 7			0.03		0.42		9.31		0.36183	0.257	39.2655360855	5.205
0 2 22			-0.04		0.39		9.66		0.36281	1.8317	96.7387030121	97.213
4 2 8			0.02		0.41		9.44		0.36229	0.7605	51.4203212226	2.5419
1 5 13			0.03		0.44		9.14		0.36258	1.1973	71.2966048402	12.6128
2 4 14			0.03		0.47		8.89		0.36234	0.5221	70.6383718296	19.4111
4 0 0			-0.62		-0.15		23.49		0.36234	8.3901	35.6934066618	787.9925
2 4 6			0.02		-0.13		23.08		0.36177	0.785	46.7364348384	64.2552
1 5 1			0.01		-0.12		22.76		0.36171	0.4978	46.196563203	27.3004
3 3 9			0.02		-0.1		22.21		0.3613	0.3816	52.4524123761	12.0632
4 2 14			0.03		-0.07		21.63		0.36107	1.2576	70.6282605877	19.9713
0 6 10			0.02		-0.05		21.16		0.36094	0.8527	69.1637693973	8.5049
5 1 13			0.03		-0.02		20.62		0.36131	0.4567	71.2764535317	11.3258
2 2 10			-0.0		-0.02		20.65		0.36191	0.6429	46.7739448495	44.8949
2 0 2			-0.01		-0.03		20.78		0.36188	0.6502	19.2320929378	35.9547
6 0 12			0.02		-0.0		20.27		0.36184	0.5892	74.995462768	0.9301
6 0 6			0.02		0.02		19.86		0.36153	1.0815	60.1501886982	39.9969
4 0 4			-0.04		-0.02		20.6		0.36139	1.2165	39.0343929222	79.1487
3 1 13			0.02		0.0		20.14		0.3617	0.3869	59.4126405656	11.7895
1 3 9			0.02		0.03		19.73		0.36148	0.2622	45.3040218183	7.1674
5 3 9			0.01		0.04		19.49		0.361	0.4833	65.0662013285	20.8409
0 6 6			0.02		0.06		19.14		0.36067	1.0147	60.183190367	40.9583
6 0 10			0.02		0.07		18.83		0.36055	1.0728	69.1331306246	8.9056
1 1 9			0.02		0.09		18.45		0.36049	0.2216	37.1193146943	1.1702
6 4 6			0.02		0.11		18.08		0.36056	0.9247	71.9614498967	41.9809
1 1 13			0.02		0.13		17.75		0.36091	0.3722	52.9310122384	10.9703
0 4 6			-0.22		-0.09		22.87		0.35907	3.7688	42.9189471786	481.9509
2 4 12			0.02		-0.07		22.44		0.35893	0.2205	63.4791913795	4.8908
2 0 16			0.02		-0.06		22.09		0.35955	0.5935	67.2372591268	11.8907
1 1 11			-0.1		-0.16		24.67		0.36035	2.144	44.8525636461	378.5934
1 5 9			0.02		-0.15		24.29		0.36002	0.4394	58.984264935	17.7365
0 0 4			-0.01		-0.16		24.58		0.35994	0.8482	15.2869714585	59.1035
2 4 10			0.01		-0.14		24.27		0.35983	0.607	57.0555982332	12.0937
0 6 16			0.02		-0.13		23.87		0.36014	0.4825	89.3859051251	7.6515
3 7 1			0.01		-0.12		23.58		0.36011	1.2822	71.5694631273	22.2453
3 3 13			0.02		-0.1		23.21		0.36029	0.5636	65.4922780779	9.1158
7 1 1			0.01		-0.09		23.0		0.36026	0.5207	65.7483230412	25.2044
0 6 14			0.01		-0.08		22.67		0.36014	0.9096	81.7552219026	27.2955
5 5 1			0.01		-0.06		22.41		0.36011	0.5073	65.769247456	23.9531
0 6 8			0.02		-0.05		22.08		0.35997	0.7694	64.1950429677	5.6946
9 1 1			0.01		-0.04		21.82		0.35994	0.8793	87.9915459652	19.6393
1 3 13			0.01		-0.02		21.52		0.3602	0.3907	59.4200243294	11.5335
3 5 9			0.01		-0.01		21.3		0.35989	0.4755	65.0802252419	19.5165
0 0 16			0.0		-0.01		21.28		0.36116	1.3342	64.286058028	116.6634
2 4 2			0.01		-0.0		21.09		0.36117	0.3828	40.8766170199	13.2501
0 2 8			0.01		0.01		20.79		0.36117	0.1155	35.7619852008	1.7384
1 5 3			-0.0		0.01		20.84		0.36107	0.9511	47.585042181	85.8034
5 1 9			0.01		0.02		20.62		0.36084	0.4583	58.9619928854	19.0838
2 4 4			-0.01		0.01		20.87		0.3609	0.8182	43.1484985256	64.6996
4 4 0			-0.16		-0.16		24.94		0.3609	4.9852	51.3853572345	648.027
3 1 15			0.01		-0.14		24.66		0.36099	0.2871	67.3554895111	7.7692
0 4 0			-0.2		-0.35		30.89		0.36099	6.137	35.7152072575	818.959
6 4 2			0.01		-0.33		30.52		0.36099	0.2211	67.6401768609	4.8049
4 6 6			0.01		-0.32		30.14		0.361	1.1903	71.9781772466	41.9784
4 2 2			0.01		-0.31		29.85		0.361	0.457	40.8620305525	12.2524
1 3 15			0.01		-0.3		29.52		0.36109	0.2862	67.3623786269	8.1809
0 2 12			0.01		-0.29		29.23		0.36085	0.3827	50.6142203783	17.5707
0 4 20			0.01		-0.28		28.92		0.3615	1.027	94.1654323607	18.6345
0 0 18			0.01		-0.27		28.65		0.36152	0.6609	73.530655613	37.988
2 0 10			0.01		-0.26		28.46		0.36148	0.6169	42.9543880851	20.236
0 0 20			0.0		-0.26		28.34		0.36272	0.4542	83.3712939521	4.3689
1 1 15			0.01		-0.25		28.12		0.36276	0.656	61.3839959686	20.6242
4 0 6			-0.1		-0.35		31.2		0.36245	5.3963	42.900258124	488.2208
4 2 10			0.01		-0.34		30.92		0.36243	1.1102	57.0442200735	11.3144
5 1 1			0.01		-0.33		30.7		0.36242	0.5346	46.1701152	26.7419
1 7 1			0.01		-0.33		30.49		0.36242	0.5219	65.7901743415	26.2984
0 4 10			0.0		-0.32		30.37		0.36253	0.9893	53.7871001638	44.1425
0 0 10			0.0		-0.32		30.24		0.36263	0.8316	38.8438017949	41.7013
1 1 3			0.01		-0.31		30.09		0.36261	0.4514	16.9416048235	36.8187
0 2 16			0.01		-0.3		29.78		0.36269	1.8687	67.2407114996	13.8307
2 2 0			-0.18		-0.48		36.24		0.36268	11.1953	25.0390113278	1035.9387
3 7 5			0.01		-0.48		36.01		0.36279	1.0548	74.7470539899	89.5814
3 1 9			0.01		-0.47		35.68		0.36274	0.36	45.2950695798	8.7768
6 2 10			0.0		-0.46		35.5		0.36285	0.7103	71.9901825081	43.9921
1 3 1			0.0		-0.46		35.35		0.36284	0.5324	28.3265170018	42.1271
0 2 10			0.01		-0.45		35.13		0.36282	0.4317	42.9590557724	21.0204