HKL Value		Reward		TotalReward	Chi Squared	Z Appr. 	Error	Two-Thetas	Sfs2
5 3 7			0.0		0.0		0.0		0.3	0.2523	60.5057581853	5.4388
1 7 7			0.0		0.0		0.08		0.33542	0.4353	72.3061031614	6.1143
4 6 0			0.29		0.29		0.06		0.33542	0.7863	67.1083315067	59.4729
4 2 6			0.43		0.72		0.04		0.33544	1.6049	46.7233273538	62.1975
7 1 7			0.26		0.98		0.03		0.33563	0.3505	72.2660298289	5.0526
6 4 0			0.14		1.12		0.03		0.33563	1.8287	67.0910631577	58.6803
7 3 1			-0.96		0.16		0.71		0.3352	0.5095	71.5359286583	22.1332
4 0 6			-0.98		-0.82		34.72		0.33446	5.3963	42.900258124	488.2208
0 2 20			0.14		-0.68		30.46		0.33598	0.4494	86.0769303832	2.8517
2 4 8			0.12		-0.56		27.08		0.33602	0.1687	51.4325245866	2.4593
5 1 7			0.11		-0.45		24.38		0.33608	0.2609	54.1000446603	4.252
3 5 7			0.1		-0.35		22.16		0.33608	0.2309	60.5203777188	5.6046
6 2 8			-0.34		-0.68		33.37		0.35324	3.3751	67.1207225085	222.106
3 3 7			0.08		-0.6		30.86		0.35313	0.1558	47.1418707618	3.5073
2 6 2			-0.12		-0.72		34.89		0.35454	1.2892	58.5985395934	134.3564
5 5 7			0.07		-0.65		32.64		0.35447	0.6639	72.2860687267	4.3062
1 5 7			0.06		-0.58		30.69		0.35443	0.6035	54.1236034243	4.2528
5 3 5			-0.04		-0.63		32.11		0.36192	2.2247	56.9473208346	134.0256
0 6 16			0.06		-0.57		30.32		0.36212	0.4825	89.3859051251	7.6515
1 3 7			0.05		-0.52		28.81		0.36219	0.1893	39.2755843192	5.3372
2 6 10			0.02		-0.5		28.33		0.36325	0.7069	72.0169435829	44.7171
1 5 3			0.01		-0.49		28.17		0.36294	0.9511	47.585042181	85.8034
6 0 8			0.04		-0.45		27.01		0.36232	2.9234	64.163237895	5.3359
6 2 10			0.01		-0.44		26.64		0.36335	0.7103	71.9901825081	43.9921
2 0 14			0.04		-0.39		25.53		0.36331	0.2634	58.6945218607	7.3942
3 1 11			-0.12		-0.51		29.03		0.36338	2.3814	52.0481274199	292.2152
0 6 2			0.04		-0.48		27.99		0.36341	0.2356	55.3895592761	6.1752
1 1 7			0.04		-0.44		27.01		0.36346	0.2012	29.7561292971	6.5386
6 0 2			0.03		-0.41		26.1		0.36349	0.2214	55.354768557	5.4487
4 2 0			0.02		-0.39		25.64		0.36349	0.9287	40.0811891304	86.5118
0 2 14			0.03		-0.35		24.79		0.36352	0.2479	58.6982494177	6.3292
2 0 8			0.03		-0.32		24.0		0.36344	0.1665	35.7565424018	1.5727
4 6 2			0.03		-0.29		23.33		0.36345	0.2349	67.657370766	5.5969
3 1 7			0.03		-0.26		22.67		0.36348	0.257	39.2655360855	5.205
4 2 8			0.02		-0.24		22.12		0.36308	0.7605	51.4203212226	2.5419
1 5 13			0.03		-0.21		21.49		0.3632	1.1973	71.2966048402	12.6128
0 6 18			0.03		-0.18		20.91		0.3632	0.7949	98.0280769063	1.8601
6 4 2			0.02		-0.16		20.4		0.3632	0.2211	67.6401768609	4.8049
2 4 14			0.02		-0.13		19.92		0.36297	0.5221	70.6383718296	19.4111
0 0 14			0.0		-0.13		19.84		0.36231	0.8389	55.4890953336	74.9432
4 2 14			0.02		-0.1		19.39		0.36209	1.2576	70.6282605877	19.9713
3 1 13			0.02		-0.08		18.92		0.36229	0.3869	59.4126405656	11.7895
4 2 12			0.02		-0.06		18.5		0.36215	0.2244	63.468523569	4.7972
1 3 15			0.02		-0.04		18.14		0.36227	0.2862	67.3623786269	8.1809
6 0 6			0.02		-0.02		17.81		0.36203	1.0815	60.1501886982	39.9969
0 6 10			0.02		-0.0		17.51		0.36195	0.8527	69.1637693973	8.5049
6 0 12			0.02		0.02		17.13		0.36192	0.5892	74.995462768	0.9301
0 6 6			0.02		0.04		16.84		0.36164	1.0147	60.183190367	40.9583
1 1 13			0.02		0.06		16.5		0.36184	0.3722	52.9310122384	10.9703
6 0 10			0.01		0.07		16.26		0.36178	1.0728	69.1331306246	8.9056
2 4 6			0.01		0.08		16.12		0.36135	0.785	46.7364348384	64.2552
2 0 16			0.02		0.1		15.82		0.36172	0.5935	67.2372591268	11.8907
5 5 1			0.01		0.11		15.64		0.36168	0.5073	65.769247456	23.9531
1 1 9			0.02		0.13		15.35		0.36165	0.2216	37.1193146943	1.1702
1 1 3			-0.0		0.13		15.35		0.36156	0.4514	16.9416048235	36.8187
0 6 14			0.02		0.15		15.13		0.36136	0.9096	81.7552219026	27.2955
1 1 1			-0.01		0.14		15.29		0.36131	0.5749	13.0194761966	56.7652
0 2 6			-0.02		0.11		15.62		0.36057	1.1672	29.1471999487	131.5155
6 4 6			0.02		0.13		15.36		0.36061	0.9247	71.9614498967	41.9809
2 4 10			0.01		0.14		15.21		0.36049	0.607	57.0555982332	12.0937
1 5 9			0.01		0.16		15.01		0.36008	0.4394	58.984264935	17.7365
0 4 8			-0.09		0.07		16.49		0.36116	4.1351	47.9021960727	235.0989
2 4 12			0.02		0.08		16.24		0.36103	0.2205	63.4791913795	4.8908
3 7 1			0.01		0.09		16.08		0.361	1.2822	71.5694631273	22.2453
5 1 13			0.02		0.11		15.85		0.36121	0.4567	71.2764535317	11.3258
3 3 13			0.02		0.12		15.6		0.3613	0.5636	65.4922780779	9.1158
0 0 20			-0.0		0.12		15.61		0.36301	0.4542	83.3712939521	4.3689
2 4 2			0.01		0.13		15.49		0.36301	0.3828	40.8766170199	13.2501
0 4 16			0.01		0.14		15.31		0.36323	1.5557	75.7704700384	94.8658
1 3 13			0.01		0.15		15.09		0.36324	0.3907	59.4200243294	11.5335
0 6 8			0.01		0.17		14.91		0.36318	0.7694	64.1950429677	5.6946
9 1 1			0.01		0.18		14.77		0.36317	0.8793	87.9915459652	19.6393
3 5 9			0.01		0.18		14.7		0.36309	0.4755	65.0802252419	19.5165
3 3 9			0.01		0.19		14.56		0.36302	0.3816	52.4524123761	12.0632
0 2 0			-0.03		0.16		15.01		0.36302	1.4407	17.6394681947	177.2483
0 4 20			0.01		0.17		14.81		0.36307	1.027	94.1654323607	18.6345
4 6 6			0.01		0.19		14.61		0.36307	1.1903	71.9781772466	41.9784
3 1 1			-0.0		0.18		14.68		0.36305	0.5239	28.3131072915	41.7464
5 1 9			0.01		0.19		14.57		0.36297	0.4583	58.9619928854	19.0838
4 2 2			0.01		0.2		14.48		0.36297	0.457	40.8620305525	12.2524
0 2 12			0.01		0.2		14.39		0.36289	0.3827	50.6142203783	17.5707
3 1 15			0.01		0.21		14.25		0.36292	0.2871	67.3554895111	7.7692
0 2 8			0.01		0.23		14.07		0.3629	0.1155	35.7619852008	1.7384
2 0 10			0.0		0.23		14.06		0.36288	0.6169	42.9543880851	20.236
0 6 0			0.01		0.23		13.97		0.36288	1.4277	54.7714555341	59.4019
4 2 10			0.01		0.24		13.89		0.36287	1.1102	57.0442200735	11.3144
1 1 15			0.0		0.24		13.84		0.36291	0.656	61.3839959686	20.6242
0 0 18			0.01		0.25		13.74		0.36296	0.6609	73.530655613	37.988
1 7 3			-0.01		0.24		13.91		0.36292	0.9932	66.8968211493	90.2271
1 7 1			0.0		0.24		13.88		0.36292	0.5219	65.7901743415	26.2984
0 2 10			0.0		0.24		13.88		0.36289	0.4317	42.9590557724	21.0204
4 4 10			-0.01		0.23		13.97		0.36301	0.6886	66.23802526	47.6672
5 1 1			0.0		0.23		13.94		0.36301	0.5346	46.1701152	26.7419
3 7 5			-0.0		0.23		13.95		0.36311	1.0548	74.7470539899	89.5814
3 5 3			-0.02		0.22		14.17		0.36307	0.9259	54.5093201099	87.7589
0 0 16			0.0		0.22		14.13		0.36336	1.3342	64.286058028	116.6634
5 3 9			0.0		0.22		14.09		0.36329	0.4833	65.0662013285	20.8409
1 3 1			-0.0		0.22		14.15		0.36328	0.5324	28.3265170018	42.1271
0 2 16			0.01		0.23		14.01		0.36333	1.8687	67.2407114996	13.8307
1 5 1			0.0		0.23		13.99		0.36333	0.4978	46.196563203	27.3004
3 5 11			-0.03		0.2		14.38		0.36333	1.8915	70.5555824797	206.4699
3 1 9			0.01		0.21		14.27		0.36329	0.36	45.2950695798	8.7768