HKL Value		Reward		TotalReward	Chi Squared	Z Appr. 	Error	Two-Thetas	Sfs2
4 4 8			0.0		0.0		0.0		0.3	3.9407	61.1479986878	218.5721
5 3 7			0.0		0.0		81.27		0.37557	0.2523	60.5057581853	5.4388
1 7 7			0.99		0.99		40.85		0.37634	0.4353	72.3061031614	6.1143
4 6 0			0.5		1.49		27.25		0.37634	0.7863	67.1083315067	59.4729
4 2 6			0.05		1.54		25.98		0.36971	1.6049	46.7233273538	62.1975
7 1 7			0.24		1.78		20.98		0.37052	0.3505	72.2660298289	5.0526
6 4 0			0.2		1.98		17.49		0.37052	1.8287	67.0910631577	58.6803
0 2 20			0.13		2.1		15.51		0.3644	0.4494	86.0769303832	2.8517
2 4 8			0.09		2.2		14.18		0.36363	0.1687	51.4325245866	2.4593
5 1 7			0.11		2.31		12.74		0.36369	0.2609	54.1000446603	4.252
4 2 0			-0.0		2.31		12.75		0.36369	0.9287	40.0811891304	86.5118
0 0 2			-0.29		2.02		18.03		0.364	1.161	7.62646333295	98.931
1 3 15			0.08		2.09		16.75		0.36415	0.2862	67.3623786269	8.1809
3 5 11			-0.14		1.95		19.57		0.36405	1.8915	70.5555824797	206.4699
3 5 7			0.07		2.02		18.29		0.3641	0.2309	60.5203777188	5.6046
3 3 7			0.07		2.09		17.11		0.36413	0.1558	47.1418707618	3.5073
3 1 11			-0.26		1.83		23.1		0.36404	2.3814	52.0481274199	292.2152
0 4 6			-0.41		1.42		39.05		0.36162	3.7688	42.9189471786	481.9509
5 1 3			0.02		1.44		38.31		0.36117	0.9592	47.5591860667	88.1873
5 5 7			0.05		1.49		36.35		0.36123	0.6639	72.2860687267	4.3062
1 5 7			0.05		1.54		34.6		0.36127	0.6035	54.1236034243	4.2528
6 2 8			-0.07		1.47		37.19		0.36307	3.3751	67.1207225085	222.106
2 2 6			-0.29		1.18		52.54		0.35962	8.3224	34.2684003079	615.2447
1 3 7			0.04		1.23		50.33		0.35966	0.1893	39.2755843192	5.3372
2 0 8			0.04		1.27		48.24		0.35966	0.1665	35.7565424018	1.5727
0 6 2			0.04		1.31		46.4		0.35973	0.2356	55.3895592761	6.1752
2 0 14			0.04		1.35		44.62		0.35988	0.2634	58.6945218607	7.3942
4 6 2			0.04		1.38		43.07		0.3599	0.2349	67.657370766	5.5969
1 5 13			0.04		1.42		41.6		0.36074	1.1973	71.2966048402	12.6128
6 0 2			0.03		1.45		40.23		0.36081	0.2214	55.354768557	5.4487
1 1 7			0.03		1.49		38.95		0.36084	0.2012	29.7561292971	6.5386
6 0 8			0.03		1.52		37.74		0.36038	2.9234	64.163237895	5.3359
0 2 14			0.03		1.55		36.57		0.3606	0.2479	58.6982494177	6.3292
6 0 12			0.03		1.58		35.47		0.3606	0.5892	74.995462768	0.9301
4 2 8			0.03		1.61		34.47		0.36012	0.7605	51.4203212226	2.5419
4 2 10			0.02		1.63		33.66		0.3599	1.1102	57.0442200735	11.3144
0 6 18			0.03		1.66		32.74		0.3599	0.7949	98.0280769063	1.8601
0 2 2			0.01		1.67		32.57		0.35985	0.4614	19.2417464495	36.8131
3 1 7			0.03		1.69		31.76		0.35988	0.257	39.2655360855	5.205
4 2 14			0.03		1.72		30.97		0.35972	1.2576	70.6282605877	19.9713
4 0 2			-0.04		1.67		32.41		0.36015	1.7854	36.5531212028	138.5255
2 4 14			0.02		1.7		31.64		0.36	0.5221	70.6383718296	19.4111
1 1 13			0.02		1.72		30.92		0.36048	0.3722	52.9310122384	10.9703
0 2 22			0.01		1.73		30.69		0.36145	1.8317	96.7387030121	97.213
0 6 10			0.02		1.75		30.09		0.36138	0.8527	69.1637693973	8.5049
6 0 6			0.02		1.77		29.48		0.36118	1.0815	60.1501886982	39.9969
3 1 13			0.02		1.79		28.86		0.3614	0.3869	59.4126405656	11.7895
4 0 6			-0.16		1.63		34.47		0.36015	5.3963	42.900258124	488.2208
1 3 1			0.01		1.64		34.15		0.3601	0.5324	28.3265170018	42.1271
0 6 6			0.02		1.66		33.5		0.35988	1.0147	60.183190367	40.9583
3 3 13			0.02		1.68		32.85		0.3601	0.5636	65.4922780779	9.1158
6 0 10			0.02		1.7		32.29		0.36	1.0728	69.1331306246	8.9056
2 4 6			0.01		1.71		31.82		0.35964	0.785	46.7364348384	64.2552
5 5 1			0.02		1.73		31.33		0.35962	0.5073	65.769247456	23.9531
2 0 16			0.02		1.74		30.8		0.36006	0.5935	67.2372591268	11.8907
2 4 10			0.01		1.76		30.36		0.35997	0.607	57.0555982332	12.0937
0 6 14			0.02		1.77		29.86		0.35986	0.9096	81.7552219026	27.2955
3 5 9			0.01		1.79		29.45		0.35952	0.4755	65.0802252419	19.5165
3 7 1			0.01		1.8		29.05		0.35948	1.2822	71.5694631273	22.2453
1 1 9			0.02		1.82		28.56		0.35946	0.2216	37.1193146943	1.1702
1 5 9			0.02		1.83		28.12		0.35917	0.4394	58.984264935	17.7365
6 4 6			0.02		1.85		27.67		0.35926	0.9247	71.9614498967	41.9809
2 4 12			0.02		1.87		27.23		0.35915	0.2205	63.4791913795	4.8908
2 2 16			0.0		1.87		27.1		0.3605	1.1693	70.1293332912	108.6018
5 1 13			0.02		1.89		26.7		0.3607	0.4567	71.2764535317	11.3258
7 1 5			-0.0		1.89		26.72		0.36102	1.5264	69.0427278305	98.726
0 6 16			0.02		1.9		26.32		0.36114	0.4825	89.3859051251	7.6515
4 0 0			-0.2		1.7		33.03		0.36114	8.3901	35.6934066618	787.9925
2 4 2			0.01		1.71		32.66		0.36115	0.3828	40.8766170199	13.2501
9 1 1			0.01		1.72		32.26		0.36113	0.8793	87.9915459652	19.6393
1 3 13			0.01		1.74		31.81		0.36127	0.3907	59.4200243294	11.5335
0 6 8			0.01		1.75		31.38		0.36117	0.7694	64.1950429677	5.6946
3 1 15			0.01		1.76		30.99		0.36123	0.2871	67.3554895111	7.7692
4 2 2			0.01		1.77		30.66		0.36123	0.457	40.8620305525	12.2524
3 3 9			0.01		1.78		30.3		0.3611	0.3816	52.4524123761	12.0632
5 1 9			0.01		1.8		29.96		0.36091	0.4583	58.9619928854	19.0838
0 4 20			0.01		1.81		29.61		0.36149	1.027	94.1654323607	18.6345
4 6 6			0.01		1.82		29.22		0.36149	1.1903	71.9781772466	41.9784
2 0 10			0.01		1.83		29.01		0.36145	0.6169	42.9543880851	20.236
2 2 10			0.0		1.83		28.92		0.36161	0.6429	46.7739448495	44.8949
0 2 12			0.01		1.84		28.63		0.36147	0.3827	50.6142203783	17.5707
0 6 0			0.01		1.85		28.36		0.36147	1.4277	54.7714555341	59.4019
1 1 15			0.01		1.86		28.14		0.36156	0.656	61.3839959686	20.6242
0 2 8			0.01		1.87		27.8		0.36155	0.1155	35.7619852008	1.7384
6 4 2			0.01		1.88		27.5		0.36155	0.2211	67.6401768609	4.8049
0 0 18			0.01		1.89		27.24		0.36157	0.6609	73.530655613	37.988
3 1 9			0.01		1.9		26.96		0.3615	0.36	45.2950695798	8.7768
1 7 1			0.01		1.91		26.77		0.36148	0.5219	65.7901743415	26.2984
0 4 12			-0.02		1.89		27.28		0.36086	1.4889	60.4300914167	161.7651
0 2 10			0.01		1.9		27.12		0.36081	0.4317	42.9590557724	21.0204
6 2 10			0.0		1.9		27.05		0.36098	0.7103	71.9901825081	43.9921
4 4 10			0.0		1.9		27.01		0.36117	0.6886	66.23802526	47.6672
3 7 3			0.0		1.9		26.96		0.36111	0.8954	72.6346668965	71.6226
1 1 3			0.0		1.91		26.84		0.36107	0.4514	16.9416048235	36.8187
0 0 8			-0.03		1.88		27.6		0.36139	2.1948	30.8548203523	183.9052
3 5 3			-0.0		1.88		27.67		0.36133	0.9259	54.5093201099	87.7589
5 1 1			0.01		1.88		27.5		0.36132	0.5346	46.1701152	26.7419
7 3 1			0.01		1.89		27.29		0.3613	0.5095	71.5359286583	22.1332
0 0 20			0.0		1.89		27.2		0.36259	0.4542	83.3712939521	4.3689
0 6 12			0.01		1.9		26.93		0.36258	0.3425	75.0250979777	1.887
0 0 16			0.01		1.91		26.78		0.36288	1.3342	64.286058028	116.6634
1 1 17			-0.03		1.88		27.51		0.36228	2.447	70.2810461715	248.4175