HKL Value		Reward		TotalReward	Chi Squared	Z Appr. 	Error	Two-Thetas	Sfs2
0 6 6			0.0		0.0		0.0		0.3	1.0147	60.183190367	40.9583
5 3 7			0.0		0.0		1.53		0.3461	0.2523	60.5057581853	5.4388
1 7 7			0.68		0.68		0.91		0.33597	0.4353	72.3061031614	6.1143
0 2 20			0.48		1.16		0.62		0.33659	0.4494	86.0769303832	2.8517
1 5 9			-0.48		0.68		1.18		0.35362	0.4394	58.984264935	17.7365
4 6 0			0.24		0.92		0.96		0.35362	0.7863	67.1083315067	59.4729
4 2 6			-0.19		0.73		1.18		0.35214	1.6049	46.7233273538	62.1975
7 1 7			-0.07		0.67		1.26		0.35188	0.3505	72.2660298289	5.0526
0 2 22			-0.77		-0.1		5.38		0.36131	1.8317	96.7387030121	97.213
2 2 12			-0.54		-0.64		11.8		0.3362	1.9766	54.0147953295	208.0279
6 4 0			0.11		-0.53		10.62		0.3362	1.8287	67.0910631577	58.6803
4 2 4			-0.24		-0.77		13.99		0.33684	0.7624	43.1345383828	64.2766
2 4 8			0.09		-0.68		12.82		0.33682	0.1687	51.4325245866	2.4593
6 2 2			-0.33		-1.01		19.18		0.34242	3.3001	58.5687226088	135.1206
5 1 7			0.08		-0.94		17.84		0.34184	0.2609	54.1000446603	4.252
3 5 7			0.07		-0.87		16.67		0.33789	0.2309	60.5203777188	5.6046
0 6 2			0.05		-0.81		15.82		0.33788	0.2356	55.3895592761	6.1752
6 0 8			0.05		-0.76		15.0		0.3371	2.9234	64.163237895	5.3359
4 4 4			-0.08		-0.84		16.31		0.33596	0.8476	53.9354251327	76.9211
5 5 7			0.05		-0.79		15.47		0.33623	0.6639	72.2860687267	4.3062
3 3 7			0.05		-0.74		14.73		0.33659	0.1558	47.1418707618	3.5073
1 1 13			0.03		-0.7		14.23		0.33598	0.3722	52.9310122384	10.9703
0 0 22			-0.17		-0.87		17.09		0.33233	2.2765	94.0325860765	137.6091
4 6 2			0.04		-0.83		16.42		0.3323	0.2349	67.657370766	5.5969
1 5 7			0.04		-0.79		15.78		0.33256	0.6035	54.1236034243	4.2528
6 0 2			0.03		-0.75		15.25		0.33256	0.2214	55.354768557	5.4487
0 6 16			0.03		-0.72		14.82		0.33251	0.4825	89.3859051251	7.6515
0 4 8			-0.3		-1.02		21.14		0.33378	4.1351	47.9021960727	235.0989
0 6 18			0.34		-0.68		15.72		0.36101	0.7949	98.0280769063	1.8601
5 5 1			0.02		-0.66		15.39		0.36096	0.5073	65.769247456	23.9531
1 5 13			0.03		-0.62		14.92		0.36136	1.1973	71.2966048402	12.6128
1 3 7			0.03		-0.59		14.49		0.36138	0.1893	39.2755843192	5.3372
2 0 14			0.03		-0.56		14.04		0.36143	0.2634	58.6945218607	7.3942
0 6 10			0.02		-0.54		13.74		0.36133	0.8527	69.1637693973	8.5049
1 1 17			-0.13		-0.67		15.79		0.35859	2.447	70.2810461715	248.4175
2 4 2			0.01		-0.66		15.57		0.35862	0.3828	40.8766170199	13.2501
2 4 14			0.03		-0.63		15.15		0.35858	0.5221	70.6383718296	19.4111
3 7 3			-0.01		-0.64		15.33		0.35844	0.8954	72.6346668965	71.6226
4 2 14			0.03		-0.61		14.94		0.3584	1.2576	70.6282605877	19.9713
1 5 11			-0.08		-0.69		16.2		0.35901	1.8219	64.7342781598	204.7444
1 3 9			0.02		-0.67		15.81		0.35889	0.2622	45.3040218183	7.1674
1 3 13			0.02		-0.65		15.48		0.35918	0.3907	59.4200243294	11.5335
6 0 10			0.02		-0.63		15.21		0.35909	1.0728	69.1331306246	8.9056
3 1 13			0.02		-0.61		14.92		0.35938	0.3869	59.4126405656	11.7895
4 6 6			0.02		-0.59		14.58		0.35946	1.1903	71.9781772466	41.9784
1 1 1			-0.01		-0.6		14.8		0.3594	0.5749	13.0194761966	56.7652
1 3 15			0.02		-0.58		14.56		0.3595	0.2862	67.3623786269	8.1809
1 1 7			0.02		-0.56		14.29		0.35951	0.2012	29.7561292971	6.5386
2 0 8			0.02		-0.54		13.99		0.35951	0.1665	35.7565424018	1.5727
6 4 4			0.0		-0.54		13.99		0.35958	0.6669	69.2748711385	33.991
3 5 9			0.01		-0.53		13.83		0.35928	0.4755	65.0802252419	19.5165
9 1 1			0.01		-0.52		13.66		0.35925	0.8793	87.9915459652	19.6393
3 7 1			0.01		-0.51		13.52		0.35922	1.2822	71.5694631273	22.2453
2 4 6			0.01		-0.5		13.4		0.35893	0.785	46.7364348384	64.2552
3 1 7			0.02		-0.48		13.18		0.35894	0.257	39.2655360855	5.205
4 2 2			0.01		-0.47		13.07		0.35895	0.457	40.8620305525	12.2524
3 3 13			0.02		-0.46		12.86		0.35916	0.5636	65.4922780779	9.1158
2 0 16			0.01		-0.45		12.69		0.35953	0.5935	67.2372591268	11.8907
0 6 14			0.01		-0.43		12.51		0.35945	0.9096	81.7552219026	27.2955
4 0 2			-0.09		-0.52		13.81		0.35963	1.7854	36.5531212028	138.5255
0 2 14			0.02		-0.51		13.59		0.35969	0.2479	58.6982494177	6.3292
4 2 10			0.01		-0.5		13.46		0.35961	1.1102	57.0442200735	11.3144
6 0 6			0.01		-0.48		13.27		0.35946	1.0815	60.1501886982	39.9969
4 2 8			0.01		-0.47		13.08		0.35931	0.7605	51.4203212226	2.5419
4 4 8			-0.1		-0.57		14.47		0.36003	3.9407	61.1479986878	218.5721
5 3 5			-0.04		-0.6		15.0		0.36046	2.2247	56.9473208346	134.0256
4 4 6			-0.15		-0.76		17.74		0.35962	4.3817	57.0116572758	400.3855