HKL Value		Reward		TotalReward	Chi Squared	Z Appr. 	Error	Two-Thetas	Sfs2
5 3 7			0.0		0.0		0.0		0.3	0.2523	60.5057581853	5.4388
4 0 14			0.0		0.0		29.47		0.35714	1.986	67.7459682929	124.3248
1 7 7			0.84		0.84		16.0		0.35714	0.4353	72.3061031614	6.1143
4 6 0			0.5		1.34		10.68		0.35714	0.7863	67.1083315067	59.4729
4 2 6			0.18		1.52		9.04		0.3555	1.6049	46.7233273538	62.1975
7 1 7			0.19		1.71		7.61		0.35545	0.3505	72.2660298289	5.0526
6 4 0			0.2		1.91		6.34		0.35545	1.8287	67.0910631577	58.6803
2 4 8			0.17		2.07		5.44		0.35525	0.1687	51.4325245866	2.4593
0 2 0			-0.49		1.58		10.7		0.35525	1.4407	17.6394681947	177.2483
0 2 20			0.12		1.71		9.51		0.35515	0.4494	86.0769303832	2.8517
5 1 7			0.09		1.8		8.7		0.35513	0.2609	54.1000446603	4.252
3 5 7			0.08		1.88		8.09		0.3551	0.2309	60.5203777188	5.6046
5 5 7			0.08		1.95		7.51		0.35507	0.6639	72.2860687267	4.3062
5 1 1			-0.03		1.92		7.78		0.35493	0.5346	46.1701152	26.7419
3 3 7			0.07		1.99		7.28		0.3549	0.1558	47.1418707618	3.5073
1 5 7			0.06		2.04		6.89		0.35488	0.6035	54.1236034243	4.2528
1 3 7			0.05		2.09		6.56		0.35484	0.1893	39.2755843192	5.3372
1 1 7			0.04		2.14		6.28		0.35478	0.2012	29.7561292971	6.5386
0 4 8			-0.49		1.65		12.27		0.36113	4.1351	47.9021960727	235.0989
2 0 14			0.06		1.71		11.63		0.36138	0.2634	58.6945218607	7.3942
6 0 8			0.05		1.75		11.12		0.36004	2.9234	64.163237895	5.3359
0 2 14			0.05		1.8		10.62		0.36065	0.2479	58.6982494177	6.3292
0 6 2			0.04		1.84		10.24		0.36083	0.2356	55.3895592761	6.1752
7 3 3			-0.04		1.79		10.7		0.35994	1.9283	72.601334037	69.5466
5 3 5			-0.12		1.67		12.21		0.36252	2.2247	56.9473208346	134.0256
6 0 2			0.04		1.71		11.79		0.36259	0.2214	55.354768557	5.4487
2 0 8			0.04		1.74		11.34		0.36247	0.1665	35.7565424018	1.5727
3 1 7			0.03		1.78		10.98		0.36253	0.257	39.2655360855	5.205
3 1 9			0.03		1.81		10.68		0.36202	0.36	45.2950695798	8.7768
2 0 4			-0.17		1.64		12.82		0.36233	1.3874	23.4143586184	109.347
4 2 8			0.03		1.67		12.48		0.36149	0.7605	51.4203212226	2.5419
0 6 18			0.03		1.7		12.1		0.36149	0.7949	98.0280769063	1.8601
0 0 4			-0.07		1.63		13.02		0.36128	0.8482	15.2869714585	59.1035
4 6 2			0.02		1.65		12.7		0.36128	0.2349	67.657370766	5.5969
1 5 13			0.03		1.68		12.35		0.362	1.1973	71.2966048402	12.6128
0 6 10			0.02		1.7		12.13		0.36185	0.8527	69.1637693973	8.5049
3 1 13			0.03		1.73		11.8		0.36223	0.3869	59.4126405656	11.7895
4 0 4			-0.08		1.64		12.88		0.36207	1.2165	39.0343929222	79.1487
6 0 6			0.02		1.66		12.62		0.36161	1.0815	60.1501886982	39.9969
4 2 14			0.02		1.69		12.33		0.3613	1.2576	70.6282605877	19.9713
0 6 6			0.02		1.71		12.1		0.36077	1.0147	60.183190367	40.9583
2 2 0			-0.56		1.14		27.65		0.36077	11.1953	25.0390113278	1035.9387
3 5 1			0.01		1.16		27.31		0.36066	0.5283	53.2544885252	31.9012
6 0 12			0.02		1.18		26.67		0.36066	0.5892	74.995462768	0.9301
2 4 14			0.02		1.2		26.09		0.36044	0.5221	70.6383718296	19.4111
1 1 9			0.02		1.22		25.51		0.36037	0.2216	37.1193146943	1.1702
2 4 6			0.02		1.24		25.13		0.35958	0.785	46.7364348384	64.2552
0 0 6			-0.24		1.0		32.94		0.35685	7.4326	23.0169618987	709.6598
6 4 6			0.02		1.02		32.27		0.35706	0.9247	71.9614498967	41.9809
2 4 12			0.02		1.04		31.61		0.35714	0.2205	63.4791913795	4.8908
4 4 12			0.01		1.05		31.46		0.35583	1.9475	72.2035773977	130.2426
0 6 8			0.02		1.07		30.84		0.35583	0.7694	64.1950429677	5.6946
6 0 10			0.02		1.09		30.31		0.35577	1.0728	69.1331306246	8.9056
0 6 14			0.02		1.1		29.77		0.35581	0.9096	81.7552219026	27.2955
2 0 16			0.01		1.12		29.35		0.35597	0.5935	67.2372591268	11.8907
1 1 13			0.02		1.13		28.89		0.35617	0.3722	52.9310122384	10.9703
3 3 13			0.02		1.15		28.43		0.35638	0.5636	65.4922780779	9.1158
0 2 12			0.02		1.17		27.95		0.35613	0.3827	50.6142203783	17.5707
0 0 18			0.02		1.18		27.51		0.35578	0.6609	73.530655613	37.988
3 7 1			0.01		1.2		27.15		0.35575	1.2822	71.5694631273	22.2453
3 3 9			0.02		1.21		26.7		0.35565	0.3816	52.4524123761	12.0632
2 4 10			0.01		1.23		26.35		0.35559	0.607	57.0555982332	12.0937
5 5 1			0.01		1.24		26.02		0.35557	0.5073	65.769247456	23.9531
1 3 13			0.01		1.25		25.68		0.35573	0.3907	59.4200243294	11.5335
5 1 13			0.01		1.27		25.35		0.35591	0.4567	71.2764535317	11.3258
1 5 9			0.02		1.28		24.97		0.35579	0.4394	58.984264935	17.7365
5 3 9			0.01		1.3		24.64		0.35554	0.4833	65.0662013285	20.8409
2 2 16			-0.01		1.29		24.81		0.35715	1.1693	70.1293332912	108.6018
2 2 4			-0.01		1.27		25.17		0.35704	0.7551	29.4672289371	73.6026
0 2 8			0.01		1.29		24.81		0.35705	0.1155	35.7619852008	1.7384
0 6 16			0.01		1.3		24.5		0.35735	0.4825	89.3859051251	7.6515
4 4 10			-0.0		1.3		24.54		0.35773	0.6886	66.23802526	47.6672
6 4 2			0.01		1.31		24.23		0.35773	0.2211	67.6401768609	4.8049
2 0 6			-0.0		1.31		24.26		0.35699	1.6278	29.1406672869	128.8477
9 1 1			0.01		1.32		23.99		0.35695	0.8793	87.9915459652	19.6393
5 1 11			-0.02		1.3		24.55		0.35789	3.2753	64.7131722767	203.727
2 4 2			0.01		1.31		24.33		0.35789	0.3828	40.8766170199	13.2501
1 3 15			0.01		1.32		24.07		0.35798	0.2862	67.3623786269	8.1809
5 1 9			0.01		1.33		23.79		0.35763	0.4583	58.9619928854	19.0838
3 5 9			0.01		1.34		23.55		0.35724	0.4755	65.0802252419	19.5165
0 4 20			0.0		1.34		23.47		0.35998	1.027	94.1654323607	18.6345
0 6 0			0.01		1.35		23.26		0.35998	1.4277	54.7714555341	59.4019
4 6 6			0.01		1.37		22.98		0.36	1.1903	71.9781772466	41.9784
4 2 10			0.01		1.38		22.77		0.35996	1.1102	57.0442200735	11.3144
1 5 3			-0.0		1.37		22.78		0.35988	0.9511	47.585042181	85.8034
3 5 11			-0.02		1.36		23.17		0.36012	1.8915	70.5555824797	206.4699
1 3 3			-0.0		1.36		23.17		0.36005	0.7045	30.3940112777	66.1614