HKL Value		Reward		TotalReward	Chi Squared	Z Appr. 	Error	Two-Thetas	Sfs2
5 3 7			0.0		0.0		0.0		0.3	0.2523	60.5057581853	5.4388
1 7 7			0.0		0.0		0.08		0.33542	0.4353	72.3061031614	6.1143
4 6 0			0.29		0.29		0.06		0.33542	0.7863	67.1083315067	59.4729
1 1 5			-1.0		-0.71		25.25		0.38369	1.9661	22.8949597146	247.5537
4 2 6			-0.08		-0.78		27.3		0.38015	1.6049	46.7233273538	62.1975
7 1 7			0.25		-0.54		21.86		0.37964	0.3505	72.2660298289	5.0526
6 4 0			0.2		-0.34		18.22		0.37964	1.8287	67.0910631577	58.6803
2 4 8			0.07		-0.26		17.0		0.38215	0.1687	51.4325245866	2.4593
4 0 4			-0.21		-0.47		21.46		0.38248	1.2165	39.0343929222	79.1487
5 1 7			0.12		-0.35		19.19		0.38128	0.2609	54.1000446603	4.252
0 2 20			0.08		-0.28		17.83		0.38468	0.4494	86.0769303832	2.8517
1 1 13			-0.34		-0.62		27.11		0.38488	0.3722	52.9310122384	10.9703
0 6 6			0.01		-0.61		26.84		0.38392	1.0147	60.183190367	40.9583
5 3 3			-0.06		-0.67		28.48		0.38321	0.9351	54.4936931553	89.9375
3 5 7			0.07		-0.59		26.52		0.38263	0.2309	60.5203777188	5.6046
6 0 0			0.06		-0.54		25.07		0.38262	0.7256	54.7363985401	55.434
1 1 15			0.04		-0.5		24.17		0.38393	0.656	61.3839959686	20.6242
1 5 9			0.03		-0.46		23.38		0.38407	0.4394	58.984264935	17.7365
6 0 8			0.05		-0.42		22.35		0.38502	2.9234	64.163237895	5.3359
0 6 2			0.05		-0.36		21.18		0.38508	0.2356	55.3895592761	6.1752
0 0 12			-0.21		-0.57		26.83		0.39117	3.2426	47.0346015839	274.3783
4 6 2			0.05		-0.53		25.6		0.39122	0.2349	67.657370766	5.5969
1 5 13			-0.06		-0.58		27.09		0.39413	1.1973	71.2966048402	12.6128
1 5 7			-0.0		-0.58		27.14		0.39281	0.6035	54.1236034243	4.2528
5 5 1			0.03		-0.55		26.38		0.39279	0.5073	65.769247456	23.9531
5 3 9			0.02		-0.53		25.77		0.39275	0.4833	65.0662013285	20.8409
6 0 2			0.04		-0.49		24.78		0.39275	0.2214	55.354768557	5.4487
0 6 10			-0.01		-0.5		24.93		0.39167	0.8527	69.1637693973	8.5049
0 6 16			0.03		-0.46		24.12		0.3913	0.4825	89.3859051251	7.6515
5 5 7			0.01		-0.46		23.97		0.38838	0.6639	72.2860687267	4.3062
1 3 7			0.02		-0.43		23.39		0.3858	0.1893	39.2755843192	5.3372
2 0 14			0.03		-0.4		22.68		0.38488	0.2634	58.6945218607	7.3942
2 4 14			0.02		-0.38		22.14		0.38564	0.5221	70.6383718296	19.4111
2 0 2			-0.01		-0.38		22.26		0.38569	0.6502	19.2320929378	35.9547
3 1 13			-0.09		-0.47		24.46		0.39134	0.3869	59.4126405656	11.7895
2 4 6			-0.02		-0.49		25.01		0.39105	0.785	46.7364348384	64.2552