HKL Value		Reward		TotalReward	Chi Squared	Z Appr. 	Error	Two-Thetas	Sfs2
1 7 7			0.0		0.0		0.0		0.3	0.4353	72.3061031614	6.1143
5 3 7			0.0		0.0		0.08		0.33542	0.2523	60.5057581853	5.4388
4 6 0			0.29		0.29		0.06		0.33542	0.7863	67.1083315067	59.4729
4 2 6			0.43		0.72		0.04		0.33544	1.6049	46.7233273538	62.1975
7 1 7			0.26		0.98		0.03		0.33563	0.3505	72.2660298289	5.0526
2 4 8			0.0		0.98		0.03		0.33597	0.1687	51.4325245866	2.4593
5 1 7			-0.08		0.9		0.04		0.33624	0.2609	54.1000446603	4.252
5 5 7			-0.49		0.41		0.07		0.33681	0.6639	72.2860687267	4.3062
4 0 2			-0.99		-0.58		12.56		0.33815	1.7854	36.5531212028	138.5255
5 3 5			-0.21		-0.79		15.82		0.38002	2.2247	56.9473208346	134.0256
6 4 0			0.11		-0.68		14.24		0.38002	1.8287	67.0910631577	58.6803
2 4 14			0.03		-0.65		13.84		0.38181	0.5221	70.6383718296	19.4111
0 2 14			0.09		-0.56		12.68		0.38172	0.2479	58.6982494177	6.3292
2 4 2			0.04		-0.52		12.16		0.38185	0.3828	40.8766170199	13.2501
2 0 14			0.08		-0.44		11.29		0.38194	0.2634	58.6945218607	7.3942
0 6 8			0.03		-0.41		10.93		0.38245	0.7694	64.1950429677	5.6946
4 6 2			0.06		-0.35		10.35		0.38251	0.2349	67.657370766	5.5969
4 4 0			-0.64		-0.99		28.93		0.38251	4.9852	51.3853572345	648.027
5 1 13			0.05		-0.94		27.46		0.36257	0.4567	71.2764535317	11.3258
6 0 8			0.05		-0.89		26.14		0.3617	2.9234	64.163237895	5.3359
3 3 13			0.05		-0.84		24.83		0.36184	0.5636	65.4922780779	9.1158
3 5 7			0.05		-0.79		23.74		0.36189	0.2309	60.5203777188	5.6046
3 1 13			0.05		-0.74		22.68		0.36227	0.3869	59.4126405656	11.7895
9 1 1			0.03		-0.71		21.91		0.36222	0.8793	87.9915459652	19.6393
2 0 8			0.04		-0.67		21.01		0.36214	0.1665	35.7565424018	1.5727
2 0 12			0.03		-0.64		20.4		0.36143	0.8079	50.6101057273	16.6151
5 5 1			0.03		-0.61		19.85		0.36134	0.5073	65.769247456	23.9531
1 1 13			0.04		-0.57		19.13		0.36175	0.3722	52.9310122384	10.9703
0 6 10			0.03		-0.54		18.61		0.36163	0.8527	69.1637693973	8.5049
2 4 6			0.02		-0.52		18.28		0.36083	0.785	46.7364348384	64.2552
0 6 2			0.03		-0.49		17.74		0.3609	0.2356	55.3895592761	6.1752
1 5 13			0.03		-0.46		17.21		0.36147	1.1973	71.2966048402	12.6128
1 5 7			0.03		-0.43		16.71		0.36149	0.6035	54.1236034243	4.2528
0 6 16			0.03		-0.4		16.21		0.36167	0.4825	89.3859051251	7.6515
3 5 9			0.02		-0.39		15.97		0.3612	0.4755	65.0802252419	19.5165
3 7 1			0.02		-0.37		15.7		0.36116	1.2822	71.5694631273	22.2453
4 2 2			0.02		-0.35		15.46		0.36118	0.457	40.8620305525	12.2524
6 0 10			0.02		-0.34		15.17		0.36106	1.0728	69.1331306246	8.9056
0 2 18			0.02		-0.31		14.8		0.36106	0.3755	76.3208597895	3.7538
6 0 6			0.02		-0.29		14.49		0.36068	1.0815	60.1501886982	39.9969
0 4 18			0.03		-0.26		14.13		0.36065	0.8369	84.5238780681	17.4513
6 0 2			0.02		-0.24		13.83		0.36068	0.2214	55.354768557	5.4487
0 2 16			0.02		-0.22		13.56		0.36146	1.8687	67.2407114996	13.8307
1 3 7			0.02		-0.2		13.29		0.36149	0.1893	39.2755843192	5.3372
4 2 14			0.02		-0.18		13.01		0.36131	1.2576	70.6282605877	19.9713
0 6 6			0.02		-0.16		12.79		0.36099	1.0147	60.183190367	40.9583
1 1 15			0.0		-0.16		12.75		0.36132	0.656	61.3839959686	20.6242
1 1 7			0.02		-0.14		12.51		0.36135	0.2012	29.7561292971	6.5386
4 6 6			0.02		-0.12		12.25		0.36136	1.1903	71.9781772466	41.9784
5 1 1			0.0		-0.12		12.24		0.36133	0.5346	46.1701152	26.7419
4 2 10			0.01		-0.11		12.12		0.36122	1.1102	57.0442200735	11.3144
1 5 1			0.0		-0.11		12.11		0.36117	0.4978	46.196563203	27.3004
0 4 14			-0.02		-0.13		12.42		0.36044	1.2337	67.7597167724	121.3788
6 4 4			-0.0		-0.13		12.45		0.36056	0.6669	69.2748711385	33.991
0 6 0			0.01		-0.13		12.33		0.36056	1.4277	54.7714555341	59.4019
6 2 10			-0.01		-0.14		12.49		0.36107	0.7103	71.9901825081	43.9921
5 3 9			0.01		-0.13		12.42		0.3606	0.4833	65.0662013285	20.8409
0 6 14			0.01		-0.12		12.24		0.36038	0.9096	81.7552219026	27.2955
3 1 5			-0.09		-0.21		13.49		0.36129	2.8985	34.1781376955	186.2389
7 3 1			0.01		-0.2		13.37		0.36127	0.5095	71.5359286583	22.1332
1 7 1			0.0		-0.2		13.33		0.36123	0.5219	65.7901743415	26.2984
2 4 10			0.01		-0.19		13.22		0.36113	0.607	57.0555982332	12.0937
2 0 16			0.01		-0.18		13.03		0.3615	0.5935	67.2372591268	11.8907
5 3 1			-0.0		-0.18		13.05		0.36146	0.5252	53.2386121167	32.835
4 0 10			-0.01		-0.19		13.17		0.36184	0.6243	53.7713327333	45.2096
0 4 10			-0.01		-0.19		13.27		0.3622	0.9893	53.7871001638	44.1425