HKL Value		Reward		TotalReward	Chi Squared	Z Appr. 	Error	Two-Thetas	Sfs2
5 3 7			0.0		0.0		0.0		0.3	0.2523	60.5057581853	5.4388
1 7 7			0.0		0.0		0.08		0.33542	0.4353	72.3061031614	6.1143
4 6 0			0.29		0.29		0.06		0.33542	0.7863	67.1083315067	59.4729
4 2 6			0.43		0.72		0.04		0.33544	1.6049	46.7233273538	62.1975
7 1 7			0.26		0.98		0.03		0.33563	0.3505	72.2660298289	5.0526
6 4 0			0.14		1.12		0.03		0.33563	1.8287	67.0910631577	58.6803
4 4 0			-1.0		0.12		54.39		0.33563	4.9852	51.3853572345	648.027
2 4 8			0.17		0.29		46.62		0.33597	0.1687	51.4325245866	2.4593
5 3 3			0.05		0.33		44.6		0.33584	0.9351	54.4936931553	89.9375
7 3 5			0.02		0.35		43.6		0.35671	1.0496	74.7140851895	88.0788
5 3 1			0.07		0.43		40.59		0.35608	0.5252	53.2386121167	32.835
0 2 20			0.1		0.53		36.91		0.35541	0.4494	86.0769303832	2.8517
5 1 7			0.09		0.61		33.95		0.35536	0.2609	54.1000446603	4.252
3 5 7			0.08		0.69		31.49		0.35531	0.2309	60.5203777188	5.6046
5 1 1			0.05		0.74		30.03		0.35504	0.5346	46.1701152	26.7419
4 4 8			-0.13		0.61		34.57		0.36407	3.9407	61.1479986878	218.5721
5 5 7			0.06		0.67		32.47		0.36412	0.6639	72.2860687267	4.3062
0 6 2			0.06		0.73		30.67		0.36419	0.2356	55.3895592761	6.1752
6 0 8			0.05		0.78		29.17		0.36355	2.9234	64.163237895	5.3359
1 5 7			0.05		0.84		27.7		0.36361	0.6035	54.1236034243	4.2528
6 0 2			0.05		0.89		26.4		0.36368	0.2214	55.354768557	5.4487
0 6 16			0.05		0.94		25.16		0.36313	0.4825	89.3859051251	7.6515
0 6 12			0.05		0.98		24.04		0.36306	0.3425	75.0250979777	1.887
2 0 14			0.05		1.03		22.99		0.36304	0.2634	58.6945218607	7.3942
6 2 4			-0.05		0.98		24.13		0.36288	0.8727	60.3342977717	77.9073
4 6 2			0.04		1.02		23.27		0.36289	0.2349	67.657370766	5.5969
3 3 7			0.04		1.06		22.41		0.36293	0.1558	47.1418707618	3.5073
1 3 7			0.04		1.09		21.63		0.36297	0.1893	39.2755843192	5.3372
1 1 13			0.04		1.13		20.86		0.36304	0.3722	52.9310122384	10.9703
1 5 13			0.04		1.17		20.14		0.36318	1.1973	71.2966048402	12.6128
2 4 14			0.03		1.2		19.54		0.36293	0.5221	70.6383718296	19.4111
0 6 18			0.03		1.23		18.92		0.36293	0.7949	98.0280769063	1.8601
4 2 14			0.03		1.26		18.4		0.36268	1.2576	70.6282605877	19.9713
0 6 10			0.02		1.28		17.98		0.36261	0.8527	69.1637693973	8.5049
2 0 8			0.03		1.31		17.45		0.36254	0.1665	35.7565424018	1.5727
5 5 1			0.02		1.33		17.13		0.36251	0.5073	65.769247456	23.9531
1 5 9			0.02		1.35		16.8		0.36203	0.4394	58.984264935	17.7365
2 4 10			0.02		1.37		16.53		0.3619	0.607	57.0555982332	12.0937
4 6 6			0.03		1.39		16.1		0.36189	1.1903	71.9781772466	41.9784
4 2 12			0.02		1.42		15.71		0.36165	0.2244	63.468523569	4.7972
1 3 13			0.02		1.44		15.33		0.36196	0.3907	59.4200243294	11.5335
0 4 12			-0.08		1.37		16.58		0.35725	1.4889	60.4300914167	161.7651
3 1 13			0.02		1.39		16.27		0.35836	0.3869	59.4126405656	11.7895
1 1 7			0.02		1.41		15.93		0.35836	0.2012	29.7561292971	6.5386
4 2 8			0.02		1.43		15.58		0.35783	0.7605	51.4203212226	2.5419
0 2 14			0.02		1.45		15.26		0.35791	0.2479	58.6982494177	6.3292
0 6 6			0.02		1.47		14.96		0.35739	1.0147	60.183190367	40.9583
3 1 7			0.02		1.49		14.67		0.35739	0.257	39.2655360855	5.205
1 3 11			-0.13		1.36		16.93		0.35981	2.4293	52.0561920156	298.4303
3 3 13			0.02		1.38		16.6		0.36021	0.5636	65.4922780779	9.1158
4 0 14			-0.01		1.36		16.85		0.35952	1.986	67.7459682929	124.3248
2 4 2			0.01		1.37		16.67		0.35953	0.3828	40.8766170199	13.2501
7 1 5			-0.01		1.36		16.91		0.36032	1.5264	69.0427278305	98.726
2 0 16			0.02		1.37		16.63		0.36085	0.5935	67.2372591268	11.8907
6 0 10			0.01		1.39		16.41		0.36077	1.0728	69.1331306246	8.9056
1 5 3			-0.01		1.38		16.54		0.36059	0.9511	47.585042181	85.8034
3 7 1			0.01		1.39		16.36		0.36055	1.2822	71.5694631273	22.2453
3 5 9			0.01		1.4		16.2		0.36009	0.4755	65.0802252419	19.5165
9 1 1			0.01		1.41		16.0		0.36005	0.8793	87.9915459652	19.6393
0 0 18			0.01		1.42		15.83		0.35985	0.6609	73.530655613	37.988
2 4 6			0.01		1.43		15.69		0.35918	0.785	46.7364348384	64.2552
4 2 2			0.01		1.44		15.56		0.35918	0.457	40.8620305525	12.2524
6 0 6			0.01		1.46		15.33		0.35886	1.0815	60.1501886982	39.9969
0 6 14			0.01		1.47		15.12		0.35871	0.9096	81.7552219026	27.2955
2 4 12			0.02		1.49		14.88		0.35857	0.2205	63.4791913795	4.8908
0 4 16			0.0		1.49		14.86		0.36056	1.5557	75.7704700384	94.8658
4 2 10			0.01		1.5		14.72		0.36047	1.1102	57.0442200735	11.3144
2 0 6			-0.02		1.48		14.96		0.35976	1.6278	29.1406672869	128.8477
0 6 0			0.01		1.49		14.84		0.35975	1.4277	54.7714555341	59.4019
3 1 15			0.01		1.5		14.68		0.35989	0.2871	67.3554895111	7.7692
5 1 13			0.01		1.51		14.49		0.3602	0.4567	71.2764535317	11.3258
2 4 0			0.0		1.51		14.48		0.3602	1.4359	40.0960076051	88.2765
0 2 12			0.01		1.52		14.34		0.35977	0.3827	50.6142203783	17.5707
4 2 0			0.0		1.53		14.32		0.35977	0.9287	40.0811891304	86.5118
1 1 15			0.0		1.53		14.28		0.36007	0.656	61.3839959686	20.6242
3 3 9			0.01		1.54		14.13		0.35978	0.3816	52.4524123761	12.0632
1 7 1			0.0		1.54		14.08		0.35974	0.5219	65.7901743415	26.2984
1 5 1			0.0		1.54		14.06		0.35969	0.4978	46.196563203	27.3004
0 4 20			0.01		1.55		13.96		0.36108	1.027	94.1654323607	18.6345
2 0 10			0.0		1.55		13.94		0.36102	0.6169	42.9543880851	20.236
0 2 16			0.01		1.56		13.8		0.36124	1.8687	67.2407114996	13.8307
4 0 10			-0.01		1.56		13.89		0.36145	0.6243	53.7713327333	45.2096
0 2 10			0.0		1.56		13.88		0.3614	0.4317	42.9590557724	21.0204
2 2 16			0.0		1.56		13.86		0.362	1.1693	70.1293332912	108.6018
0 2 8			0.01		1.57		13.7		0.36199	0.1155	35.7619852008	1.7384
0 0 16			0.0		1.57		13.69		0.36251	1.3342	64.286058028	116.6634
1 3 5			-0.06		1.51		14.51		0.36275	3.1323	34.189462707	190.138
4 6 4			0.0		1.52		14.49		0.36278	1.0731	69.291881243	33.3045
1 1 9			0.01		1.53		14.33		0.36277	0.2216	37.1193146943	1.1702
2 2 10			-0.0		1.52		14.39		0.36293	0.6429	46.7739448495	44.8949
4 4 10			-0.01		1.52		14.47		0.36309	0.6886	66.23802526	47.6672
4 4 4			-0.03		1.49		14.88		0.36307	0.8476	53.9354251327	76.9211