HKL Value		Reward		TotalReward	Chi Squared	Z Appr. 	Error	Two-Thetas	Sfs2
5 3 7			0.0		0.0		0.0		0.3	0.2523	60.5057581853	5.4388
1 7 7			0.0		0.0		0.08		0.33542	0.4353	72.3061031614	6.1143
4 6 0			0.29		0.29		0.06		0.33542	0.7863	67.1083315067	59.4729
4 2 6			0.43		0.72		0.04		0.33544	1.6049	46.7233273538	62.1975
7 1 7			0.26		0.98		0.03		0.33563	0.3505	72.2660298289	5.0526
6 4 0			0.14		1.12		0.03		0.33563	1.8287	67.0910631577	58.6803
0 4 10			-0.99		0.13		2.17		0.33109	0.9893	53.7871001638	44.1425
2 4 8			0.05		0.18		2.07		0.33234	0.1687	51.4325245866	2.4593
2 6 2			-0.85		-0.67		13.98		0.33311	1.2892	58.5985395934	134.3564
0 2 20			0.11		-0.57		12.61		0.3357	0.4494	86.0769303832	2.8517
5 1 7			0.11		-0.46		11.36		0.33578	0.2609	54.1000446603	4.252
3 5 7			0.1		-0.36		10.33		0.3358	0.2309	60.5203777188	5.6046
1 5 13			0.05		-0.31		9.87		0.33535	1.1973	71.2966048402	12.6128
0 2 2			-0.09		-0.4		10.88		0.33525	0.4614	19.2417464495	36.8131
1 3 7			0.08		-0.33		10.12		0.33533	0.1893	39.2755843192	5.3372
2 6 4			-0.14		-0.47		11.82		0.33491	0.8772	60.3635846112	78.02
5 5 7			0.06		-0.41		11.13		0.3351	0.6639	72.2860687267	4.3062
3 3 7			0.06		-0.35		10.53		0.33532	0.1558	47.1418707618	3.5073
1 5 7			0.06		-0.29		9.96		0.33539	0.6035	54.1236034243	4.2528
1 1 7			0.05		-0.24		9.44		0.33549	0.2012	29.7561292971	6.5386
5 1 9			-0.03		-0.27		9.72		0.33575	0.4583	58.9619928854	19.0838
2 0 14			0.04		-0.23		9.33		0.33539	0.2634	58.6945218607	7.3942
6 0 8			0.04		-0.19		8.97		0.33526	2.9234	64.163237895	5.3359
2 0 4			-0.27		-0.46		12.27		0.33549	1.3874	23.4143586184	109.347
0 2 14			0.04		-0.42		11.79		0.33523	0.2479	58.6982494177	6.3292
0 6 18			0.02		-0.4		11.56		0.35382	0.7949	98.0280769063	1.8601
7 1 5			-0.04		-0.44		12.08		0.36369	1.5264	69.0427278305	98.726
2 4 0			-0.01		-0.44		12.15		0.36369	1.4359	40.0960076051	88.2765
6 0 2			0.03		-0.41		11.77		0.36375	0.2214	55.354768557	5.4487
0 6 2			0.03		-0.38		11.43		0.36381	0.2356	55.3895592761	6.1752
0 2 10			-0.01		-0.39		11.52		0.36368	0.4317	42.9590557724	21.0204
2 0 8			0.03		-0.36		11.16		0.36355	0.1665	35.7565424018	1.5727
3 1 7			0.03		-0.33		10.85		0.3636	0.257	39.2655360855	5.205
4 6 4			-0.0		-0.33		10.91		0.36372	1.0731	69.291881243	33.3045
2 6 10			-0.02		-0.35		11.1		0.36456	0.7069	72.0169435829	44.7171
7 3 5			-0.0		-0.35		11.11		0.36507	1.0496	74.7140851895	88.0788