HKL Value		Reward		TotalReward	Chi Squared	Z Appr. 	Error	Two-Thetas	Sfs2
5 3 7			0.0		0.0		0.0		0.3	0.2523	60.5057581853	5.4388
1 7 7			0.0		0.0		0.08		0.33542	0.4353	72.3061031614	6.1143
5 3 5			-0.99		-0.99		11.08		0.38246	2.2247	56.9473208346	134.0256
4 0 0			-0.93		-1.93		166.07		0.38246	8.3901	35.6934066618	787.9925
4 6 0			0.33		-1.59		124.56		0.38246	0.7863	67.1083315067	59.4729
4 2 6			0.18		-1.42		105.86		0.37645	1.6049	46.7233273538	62.1975
7 1 7			0.2		-1.22		88.23		0.37707	0.3505	72.2660298289	5.0526
6 4 0			0.17		-1.05		75.63		0.37707	1.8287	67.0910631577	58.6803
2 4 8			0.12		-0.93		67.58		0.38052	0.1687	51.4325245866	2.4593
0 2 20			0.11		-0.82		60.65		0.3849	0.4494	86.0769303832	2.8517
5 1 7			0.1		-0.71		54.91		0.38444	0.2609	54.1000446603	4.252
3 5 7			0.1		-0.62		50.11		0.38414	0.2309	60.5203777188	5.6046
4 2 12			0.09		-0.53		46.11		0.38418	0.2244	63.468523569	4.7972
5 5 7			0.07		-0.46		42.92		0.38373	0.6639	72.2860687267	4.3062
0 6 2			0.08		-0.38		39.88		0.38375	0.2356	55.3895592761	6.1752
6 0 8			0.06		-0.32		37.57		0.384	2.9234	64.163237895	5.3359
1 5 7			0.06		-0.26		35.38		0.38372	0.6035	54.1236034243	4.2528
6 2 4			-0.03		-0.28		36.3		0.38377	0.8727	60.3342977717	77.9073
6 0 2			0.06		-0.22		34.29		0.38378	0.2214	55.354768557	5.4487
0 6 16			0.05		-0.17		32.72		0.38448	0.4825	89.3859051251	7.6515
6 0 0			0.04		-0.13		31.32		0.38448	0.7256	54.7363985401	55.434
2 0 14			0.05		-0.08		29.86		0.38433	0.2634	58.6945218607	7.3942
4 6 2			0.05		-0.04		28.57		0.38435	0.2349	67.657370766	5.5969
5 1 1			0.02		-0.01		27.92		0.38433	0.5346	46.1701152	26.7419
2 2 4			-0.03		-0.05		28.87		0.38437	0.7551	29.4672289371	73.6026
1 3 7			0.04		-0.01		27.84		0.38414	0.1893	39.2755843192	5.3372
1 1 13			-0.11		-0.12		31.37		0.38382	0.3722	52.9310122384	10.9703
0 2 10			0.04		-0.08		30.24		0.384	0.4317	42.9590557724	21.0204
0 6 18			0.23		0.15		24.6		0.36156	0.7949	98.0280769063	1.8601
0 0 10			0.01		0.15		24.41		0.36272	0.8316	38.8438017949	41.7013
1 5 13			0.03		0.19		23.61		0.36297	1.1973	71.2966048402	12.6128
2 4 14			0.03		0.22		22.9		0.36266	0.5221	70.6383718296	19.4111
4 2 14			0.03		0.25		22.24		0.36235	1.2576	70.6282605877	19.9713
2 0 8			0.03		0.28		21.57		0.36226	0.1665	35.7565424018	1.5727
0 6 10			0.02		0.3		21.07		0.36216	0.8527	69.1637693973	8.5049
0 2 22			0.0		0.31		21.01		0.36264	1.8317	96.7387030121	97.213
5 5 1			0.02		0.33		20.6		0.3626	0.5073	65.769247456	23.9531
4 6 6			0.03		0.35		20.05		0.36258	1.1903	71.9781772466	41.9784
2 4 10			0.02		0.37		19.71		0.3625	0.607	57.0555982332	12.0937
1 3 13			0.03		0.4		19.2		0.36262	0.3907	59.4200243294	11.5335
3 1 13			0.03		0.42		18.73		0.36273	0.3869	59.4126405656	11.7895
6 0 4			-0.01		0.42		18.83		0.36278	0.7069	57.1830782131	42.6751
1 1 7			0.02		0.44		18.42		0.3628	0.2012	29.7561292971	6.5386
4 2 8			0.02		0.46		18.07		0.36256	0.7605	51.4203212226	2.5419
0 2 14			0.02		0.48		17.67		0.3626	0.2479	58.6982494177	6.3292
0 6 6			0.02		0.5		17.36		0.3624	1.0147	60.183190367	40.9583
3 3 13			0.02		0.52		16.98		0.36237	0.5636	65.4922780779	9.1158
4 4 8			-0.09		0.43		18.64		0.3629	3.9407	61.1479986878	218.5721
3 1 7			0.02		0.45		18.28		0.36292	0.257	39.2655360855	5.205
2 0 16			0.02		0.47		17.91		0.363	0.5935	67.2372591268	11.8907
6 0 10			0.01		0.49		17.65		0.36297	1.0728	69.1331306246	8.9056
2 4 2			0.01		0.5		17.46		0.36298	0.3828	40.8766170199	13.2501
3 7 1			0.01		0.51		17.25		0.36297	1.2822	71.5694631273	22.2453
3 5 9			0.01		0.52		17.1		0.3628	0.4755	65.0802252419	19.5165
9 1 1			0.01		0.53		16.88		0.36278	0.8793	87.9915459652	19.6393
2 4 6			0.01		0.54		16.76		0.36254	0.785	46.7364348384	64.2552
0 4 10			-0.0		0.54		16.8		0.36282	0.9893	53.7871001638	44.1425
6 0 6			0.01		0.55		16.57		0.36267	1.0815	60.1501886982	39.9969
4 2 2			0.01		0.56		16.41		0.36269	0.457	40.8620305525	12.2524
0 6 14			0.01		0.57		16.19		0.36253	0.9096	81.7552219026	27.2955
4 4 6			-0.16		0.41		19.3		0.36167	4.3817	57.0116572758	400.3855
2 4 12			0.02		0.43		19.0		0.36156	0.2205	63.4791913795	4.8908
4 2 10			0.01		0.44		18.8		0.3615	1.1102	57.0442200735	11.3144
0 4 16			0.01		0.45		18.6		0.3622	1.5557	75.7704700384	94.8658
0 6 0			0.01		0.46		18.41		0.3622	1.4277	54.7714555341	59.4019
3 1 5			-0.05		0.41		19.38		0.3626	2.8985	34.1781376955	186.2389
6 4 2			0.01		0.42		19.12		0.3626	0.2211	67.6401768609	4.8049
2 2 16			0.01		0.43		18.96		0.36314	1.1693	70.1293332912	108.6018
3 1 15			0.01		0.45		18.72		0.36318	0.2871	67.3554895111	7.7692
3 3 7			0.01		0.46		18.45		0.36318	0.1558	47.1418707618	3.5073
5 1 13			0.01		0.47		18.19		0.36318	0.4567	71.2764535317	11.3258
0 2 12			0.01		0.48		18.04		0.36307	0.3827	50.6142203783	17.5707
4 2 0			0.0		0.49		17.97		0.36307	0.9287	40.0811891304	86.5118
3 3 9			0.01		0.5		17.79		0.36297	0.3816	52.4524123761	12.0632
1 1 15			0.01		0.5		17.67		0.36304	0.656	61.3839959686	20.6242
1 7 1			0.0		0.51		17.59		0.36303	0.5219	65.7901743415	26.2984
1 5 1			0.0		0.51		17.52		0.36301	0.4978	46.196563203	27.3004
1 5 9			0.01		0.52		17.37		0.36289	0.4394	58.984264935	17.7365
0 4 20			0.01		0.53		17.14		0.36297	1.027	94.1654323607	18.6345
2 6 6			-0.1		0.43		19.15		0.36256	5.383	63.2392339525	346.2148
0 2 8			0.01		0.44		18.91		0.36254	0.1155	35.7619852008	1.7384
2 0 10			0.0		0.45		18.84		0.36251	0.6169	42.9543880851	20.236
1 1 9			0.01		0.46		18.61		0.3625	0.2216	37.1193146943	1.1702
0 0 16			0.0		0.46		18.53		0.36295	1.3342	64.286058028	116.6634
7 3 5			0.0		0.47		18.46		0.36307	1.0496	74.7140851895	88.0788
4 4 10			-0.0		0.46		18.5		0.36323	0.6886	66.23802526	47.6672
4 2 4			-0.01		0.45		18.73		0.36326	0.7624	43.1345383828	64.2766
1 3 15			0.01		0.46		18.55		0.36328	0.2862	67.3623786269	8.1809
5 5 3			-0.0		0.46		18.61		0.36324	0.8107	66.8760743485	64.1048
1 3 1			-0.0		0.46		18.62		0.36323	0.5324	28.3265170018	42.1271
1 1 1			-0.0		0.45		18.69		0.36321	0.5749	13.0194761966	56.7652