HKL Value		Reward		TotalReward	Chi Squared	Z Appr. 	Error	Two-Thetas	Sfs2
5 3 7			0.0		0.0		0.0		0.3	0.2523	60.5057581853	5.4388
1 7 7			0.0		0.0		0.08		0.33542	0.4353	72.3061031614	6.1143
2 0 0			-1.0		-1.0		23.22		0.33542	2.02	17.6289686615	175.6782
4 6 0			0.5		-0.5		15.49		0.33542	0.7863	67.1083315067	59.4729
4 2 6			0.33		-0.16		11.62		0.33544	1.6049	46.7233273538	62.1975
0 2 22			-0.42		-0.58		19.96		0.32438	1.8317	96.7387030121	97.213
0 2 6			0.06		-0.52		18.84		0.32472	1.1672	29.1471999487	131.5155
7 1 7			0.09		-0.44		17.33		0.3263	0.3505	72.2660298289	5.0526
6 4 0			0.14		-0.29		15.16		0.32629	1.8287	67.0910631577	58.6803
2 4 8			0.06		-0.23		14.24		0.32763	0.1687	51.4325245866	2.4593
5 1 7			0.07		-0.16		13.3		0.32937	0.2609	54.1000446603	4.252
0 2 20			0.06		-0.1		12.52		0.33592	0.4494	86.0769303832	2.8517
3 5 7			0.09		-0.0		11.48		0.33593	0.2309	60.5203777188	5.6046
6 0 8			0.07		0.07		10.71		0.33569	2.9234	64.163237895	5.3359
5 5 7			0.07		0.14		9.98		0.33592	0.6639	72.2860687267	4.3062
1 5 5			-0.34		-0.2		15.09		0.33728	1.8923	50.2743192378	127.3636
2 6 0			-0.52		-0.72		31.37		0.33728	4.3567	58.0028534629	558.9791
0 6 18			0.18		-0.53		26.53		0.36143	0.7949	98.0280769063	1.8601
0 6 2			0.05		-0.48		25.18		0.36152	0.2356	55.3895592761	6.1752
6 0 2			0.05		-0.43		23.94		0.3616	0.2214	55.354768557	5.4487
1 5 7			0.05		-0.38		22.81		0.36164	0.6035	54.1236034243	4.2528
0 6 16			0.05		-0.33		21.73		0.36185	0.4825	89.3859051251	7.6515
2 2 10			0.0		-0.33		21.69		0.36257	0.6429	46.7739448495	44.8949
4 6 2			0.04		-0.29		20.86		0.36258	0.2349	67.657370766	5.5969
6 0 6			0.04		-0.25		20.14		0.3622	1.0815	60.1501886982	39.9969
2 0 14			0.04		-0.21		19.33		0.36223	0.2634	58.6945218607	7.3942
1 3 7			0.04		-0.17		18.65		0.36226	0.1893	39.2755843192	5.3372
1 1 13			0.04		-0.14		17.96		0.36243	0.3722	52.9310122384	10.9703
1 5 13			0.04		-0.1		17.33		0.36263	1.1973	71.2966048402	12.6128
2 4 14			0.03		-0.07		16.79		0.36244	0.5221	70.6383718296	19.4111
6 2 8			-0.12		-0.19		19.15		0.36317	3.3751	67.1207225085	222.106
5 5 1			0.02		-0.17		18.74		0.36314	0.5073	65.769247456	23.9531
0 6 10			0.02		-0.14		18.3		0.36311	0.8527	69.1637693973	8.5049
2 4 10			0.02		-0.13		17.96		0.36306	0.607	57.0555982332	12.0937
5 1 3			-0.01		-0.14		18.21		0.36292	0.9592	47.5591860667	88.1873
4 2 14			0.03		-0.11		17.75		0.36274	1.2576	70.6282605877	19.9713
2 0 8			0.03		-0.09		17.26		0.36268	0.1665	35.7565424018	1.5727
3 5 11			-0.05		-0.14		18.24		0.36278	1.8915	70.5555824797	206.4699
4 6 6			0.03		-0.11		17.76		0.36275	1.1903	71.9781772466	41.9784
1 3 13			0.03		-0.09		17.31		0.36282	0.3907	59.4200243294	11.5335
3 1 13			0.03		-0.06		16.88		0.36288	0.3869	59.4126405656	11.7895
2 2 0			-0.48		-0.54		32.31		0.36288	11.1953	25.0390113278	1035.9387
6 4 2			0.02		-0.52		31.6		0.36288	0.2211	67.6401768609	4.8049
0 6 0			0.02		-0.5		31.01		0.36288	1.4277	54.7714555341	59.4019
4 2 8			0.02		-0.48		30.39		0.36269	0.7605	51.4203212226	2.5419
1 1 7			0.02		-0.45		29.75		0.3627	0.2012	29.7561292971	6.5386
0 6 6			0.02		-0.44		29.19		0.36254	1.0147	60.183190367	40.9583
0 4 4			-0.02		-0.45		29.65		0.36248	0.8482	39.0545896029	78.0016
0 2 14			0.02		-0.43		29.03		0.36252	0.2479	58.6982494177	6.3292
2 4 2			0.02		-0.41		28.6		0.36253	0.3828	40.8766170199	13.2501
6 0 10			0.02		-0.4		28.12		0.3625	1.0728	69.1331306246	8.9056
3 3 13			0.02		-0.38		27.57		0.36246	0.5636	65.4922780779	9.1158
2 0 16			0.02		-0.36		27.05		0.36259	0.5935	67.2372591268	11.8907
3 7 1			0.01		-0.34		26.66		0.36257	1.2822	71.5694631273	22.2453
3 1 7			0.02		-0.33		26.2		0.36258	0.257	39.2655360855	5.205
3 5 9			0.01		-0.31		25.88		0.36241	0.4755	65.0802252419	19.5165
2 0 6			-0.01		-0.32		26.03		0.362	1.6278	29.1406672869	128.8477
2 4 6			0.01		-0.31		25.75		0.36176	0.785	46.7364348384	64.2552
9 1 1			0.01		-0.29		25.39		0.36174	0.8793	87.9915459652	19.6393
3 1 9			0.02		-0.28		25.0		0.3616	0.36	45.2950695798	8.7768
0 0 6			-0.2		-0.48		31.32		0.3602	7.4326	23.0169618987	709.6598
4 2 2			0.01		-0.47		30.93		0.36021	0.457	40.8620305525	12.2524
0 6 14			0.02		-0.45		30.47		0.36008	0.9096	81.7552219026	27.2955
2 4 12			0.02		-0.44		29.99		0.35994	0.2205	63.4791913795	4.8908
0 0 14			0.01		-0.43		29.74		0.35965	0.8389	55.4890953336	74.9432
4 2 10			0.01		-0.42		29.37		0.35955	1.1102	57.0442200735	11.3144
0 4 20			0.01		-0.4		29.03		0.3609	1.027	94.1654323607	18.6345
3 1 15			0.01		-0.39		28.65		0.36096	0.2871	67.3554895111	7.7692
0 4 16			0.01		-0.38		28.34		0.36148	1.5557	75.7704700384	94.8658
4 2 0			0.01		-0.37		28.12		0.36148	0.9287	40.0811891304	86.5118
0 4 8			-0.04		-0.41		29.18		0.36183	4.1351	47.9021960727	235.0989
5 1 13			0.01		-0.39		28.78		0.3619	0.4567	71.2764535317	11.3258
0 2 12			0.01		-0.38		28.47		0.36176	0.3827	50.6142203783	17.5707
1 1 15			0.01		-0.37		28.22		0.36185	0.656	61.3839959686	20.6242
1 7 1			0.01		-0.37		27.99		0.36184	0.5219	65.7901743415	26.2984
3 3 9			0.01		-0.35		27.66		0.36174	0.3816	52.4524123761	12.0632
1 5 1			0.01		-0.35		27.46		0.36174	0.4978	46.196563203	27.3004
3 3 7			0.01		-0.33		27.11		0.36173	0.1558	47.1418707618	3.5073
2 0 10			0.01		-0.33		26.93		0.36169	0.6169	42.9543880851	20.236
1 5 9			0.01		-0.32		26.65		0.36156	0.4394	58.984264935	17.7365
0 2 10			0.01		-0.31		26.48		0.36152	0.4317	42.9590557724	21.0204
1 3 11			-0.04		-0.35		27.62		0.36164	2.4293	52.0561920156	298.4303
4 0 10			0.0		-0.35		27.54		0.3618	0.6243	53.7713327333	45.2096
5 3 1			0.01		-0.34		27.38		0.36178	0.5252	53.2386121167	32.835
2 2 16			0.01		-0.34		27.18		0.36223	1.1693	70.1293332912	108.6018
1 1 1			0.0		-0.33		27.15		0.36221	0.5749	13.0194761966	56.7652
0 0 16			0.01		-0.33		26.98		0.36263	1.3342	64.286058028	116.6634
4 2 12			0.01		-0.32		26.69		0.36259	0.2244	63.468523569	4.7972
5 1 9			0.01		-0.31		26.46		0.3625	0.4583	58.9619928854	19.0838
5 1 1			0.01		-0.3		26.29		0.36249	0.5346	46.1701152	26.7419
0 2 16			0.01		-0.29		26.01		0.36258	1.8687	67.2407114996	13.8307
0 2 8			0.01		-0.28		25.72		0.36257	0.1155	35.7619852008	1.7384
7 3 5			0.01		-0.28		25.59		0.36269	1.0496	74.7140851895	88.0788
2 6 10			0.0		-0.27		25.53		0.36281	0.7069	72.0169435829	44.7171
1 1 9			0.01		-0.26		25.26		0.36281	0.2216	37.1193146943	1.1702
5 5 3			0.0		-0.26		25.24		0.36277	0.8107	66.8760743485	64.1048
4 4 10			0.0		-0.26		25.2		0.36291	0.6886	66.23802526	47.6672
1 3 1			0.0		-0.26		25.15		0.36289	0.5324	28.3265170018	42.1271
1 3 15			0.01		-0.25		24.92		0.36292	0.2862	67.3623786269	8.1809
1 1 3			0.0		-0.25		24.83		0.36289	0.4514	16.9416048235	36.8187
2 6 4			-0.01		-0.26		25.08		0.36287	0.8772	60.3635846112	78.02
6 2 10			0.0		-0.25		25.02		0.363	0.7103	71.9901825081	43.9921