HKL Value		Reward		TotalReward	Chi Squared	Z Appr. 	Error	Two-Thetas	Sfs2
5 3 7			0.0		0.0		0.0		0.3	0.2523	60.5057581853	5.4388
6 0 12			0.0		0.0		89.29		0.31436	0.5892	74.995462768	0.9301
0 0 6			-0.61		-0.61		229.02		0.31541	7.4326	23.0169618987	709.6598
1 7 7			0.38		-0.23		165.76		0.31699	0.4353	72.3061031614	6.1143
4 6 0			0.33		0.1		124.33		0.31699	0.7863	67.1083315067	59.4729
4 2 6			0.25		0.35		99.69		0.31706	1.6049	46.7233273538	62.1975
7 1 7			0.11		0.46		89.59		0.31844	0.3505	72.2660298289	5.0526
6 4 0			0.17		0.63		76.8		0.31844	1.8287	67.0910631577	58.6803
0 2 20			0.11		0.75		68.88		0.31721	0.4494	86.0769303832	2.8517
2 4 8			0.08		0.83		63.81		0.3174	0.1687	51.4325245866	2.4593
5 1 7			0.03		0.85		62.02		0.31843	0.2609	54.1000446603	4.252
3 5 7			0.04		0.9		59.41		0.31922	0.2309	60.5203777188	5.6046
3 3 7			0.01		0.91		58.66		0.3204	0.1558	47.1418707618	3.5073
5 5 7			0.03		0.94		56.95		0.32147	0.6639	72.2860687267	4.3062
1 5 7			0.04		0.99		54.53		0.32246	0.6035	54.1236034243	4.2528
1 3 7			0.05		1.03		52.13		0.32368	0.1893	39.2755843192	5.3372
2 0 14			0.06		1.09		49.28		0.32409	0.2634	58.6945218607	7.3942
3 3 9			0.05		1.14		46.95		0.32334	0.3816	52.4524123761	12.0632
4 6 6			0.05		1.18		44.93		0.32308	1.1903	71.9781772466	41.9784
0 6 2			0.05		1.24		42.71		0.32306	0.2356	55.3895592761	6.1752
1 1 7			0.03		1.27		41.43		0.32524	0.2012	29.7561292971	6.5386
6 0 2			0.05		1.31		39.58		0.32525	0.2214	55.354768557	5.4487
6 0 8			1.1		2.42		18.82		0.35472	2.9234	64.163237895	5.3359
0 2 14			0.04		2.46		18.04		0.35462	0.2479	58.6982494177	6.3292
2 0 8			0.04		2.5		17.3		0.35466	0.1665	35.7565424018	1.5727
4 6 2			0.03		2.54		16.72		0.35466	0.2349	67.657370766	5.5969
3 1 7			0.04		2.57		16.14		0.35464	0.257	39.2655360855	5.205
4 2 8			0.04		2.61		15.54		0.35463	0.7605	51.4203212226	2.5419
1 5 13			0.02		2.63		15.2		0.35487	1.1973	71.2966048402	12.6128
0 6 18			0.04		2.67		14.69		0.35478	0.7949	98.0280769063	1.8601
2 4 14			0.03		2.7		14.22		0.35486	0.5221	70.6383718296	19.4111
4 2 14			0.03		2.73		13.79		0.35494	1.2576	70.6282605877	19.9713
3 1 13			0.02		2.75		13.52		0.35519	0.3869	59.4126405656	11.7895
6 0 6			0.03		2.78		13.12		0.35509	1.0815	60.1501886982	39.9969
0 6 10			0.02		2.81		12.83		0.35501	0.8527	69.1637693973	8.5049
0 6 6			0.03		2.83		12.47		0.35489	1.0147	60.183190367	40.9583
0 2 2			-0.03		2.81		12.85		0.35485	0.4614	19.2417464495	36.8131
1 1 13			0.02		2.82		12.64		0.35508	0.3722	52.9310122384	10.9703
6 0 10			0.02		2.84		12.39		0.355	1.0728	69.1331306246	8.9056
2 4 6			0.02		2.86		12.18		0.35471	0.785	46.7364348384	64.2552
2 0 16			0.01		2.87		12.05		0.35481	0.5935	67.2372591268	11.8907
0 4 12			-0.05		2.82		12.7		0.35301	1.4889	60.4300914167	161.7651
5 5 1			0.01		2.83		12.52		0.35298	0.5073	65.769247456	23.9531
0 6 14			0.02		2.85		12.3		0.35314	0.9096	81.7552219026	27.2955
2 4 10			0.01		2.87		12.13		0.3531	0.607	57.0555982332	12.0937
1 1 9			0.02		2.88		11.92		0.35348	0.2216	37.1193146943	1.1702
6 4 6			0.02		2.9		11.72		0.35368	0.9247	71.9614498967	41.9809
2 4 2			0.01		2.91		11.64		0.35368	0.3828	40.8766170199	13.2501
3 7 1			0.01		2.92		11.52		0.35365	1.2822	71.5694631273	22.2453
3 3 1			-0.0		2.92		11.54		0.35362	0.5106	38.1558496662	33.1617
1 5 9			0.02		2.94		11.31		0.35362	0.4394	58.984264935	17.7365
2 4 12			0.01		2.95		11.15		0.35416	0.2205	63.4791913795	4.8908
2 6 0			-0.31		2.64		16.24		0.35416	4.3567	58.0028534629	558.9791
0 6 16			0.01		2.65		16.01		0.35414	0.4825	89.3859051251	7.6515
1 1 15			0.0		2.65		15.97		0.35409	0.656	61.3839959686	20.6242
5 1 13			0.01		2.67		15.78		0.35422	0.4567	71.2764535317	11.3258
3 3 13			0.01		2.68		15.57		0.35435	0.5636	65.4922780779	9.1158
1 3 13			0.01		2.69		15.39		0.3545	0.3907	59.4200243294	11.5335
9 1 1			0.01		2.7		15.2		0.35448	0.8793	87.9915459652	19.6393
0 6 8			0.02		2.72		14.94		0.35451	0.7694	64.1950429677	5.6946
7 3 1			0.01		2.73		14.79		0.35449	0.5095	71.5359286583	22.1332
3 5 9			0.01		2.75		14.58		0.35426	0.4755	65.0802252419	19.5165
3 1 15			0.01		2.76		14.4		0.3541	0.2871	67.3554895111	7.7692
0 4 20			-0.03		2.73		14.81		0.35895	1.027	94.1654323607	18.6345
5 1 9			0.01		2.74		14.62		0.3587	0.4583	58.9619928854	19.0838
4 2 2			0.01		2.75		14.51		0.3587	0.457	40.8620305525	12.2524
0 2 12			0.01		2.76		14.34		0.35837	0.3827	50.6142203783	17.5707
1 3 15			0.01		2.77		14.19		0.35844	0.2862	67.3623786269	8.1809
0 2 8			0.01		2.79		13.98		0.35844	0.1155	35.7619852008	1.7384
2 0 10			0.0		2.79		13.95		0.35835	0.6169	42.9543880851	20.236
0 6 0			0.01		2.8		13.84		0.35835	1.4277	54.7714555341	59.4019
4 2 0			0.0		2.8		13.82		0.35835	0.9287	40.0811891304	86.5118
6 4 2			0.01		2.81		13.66		0.35835	0.2211	67.6401768609	4.8049
4 2 10			0.01		2.82		13.55		0.35826	1.1102	57.0442200735	11.3144
1 7 3			-0.01		2.81		13.73		0.35814	0.9932	66.8968211493	90.2271
0 0 18			0.01		2.81		13.61		0.35785	0.6609	73.530655613	37.988
1 7 1			0.0		2.82		13.57		0.35781	0.5219	65.7901743415	26.2984
0 2 10			0.0		2.82		13.56		0.35768	0.4317	42.9590557724	21.0204
1 1 3			-0.0		2.82		13.57		0.3576	0.4514	16.9416048235	36.8187
5 3 5			-0.04		2.78		14.07		0.35821	2.2247	56.9473208346	134.0256
6 2 10			-0.01		2.77		14.18		0.3585	0.7103	71.9901825081	43.9921