HKL Value		Reward		TotalReward	Chi Squared	Z Appr. 	Error	Two-Thetas	Sfs2
5 3 7			0.0		0.0		0.0		0.3	0.2523	60.5057581853	5.4388
1 7 7			0.0		0.0		0.08		0.33542	0.4353	72.3061031614	6.1143
4 6 0			0.29		0.29		0.06		0.33542	0.7863	67.1083315067	59.4729
4 2 6			0.43		0.72		0.04		0.33544	1.6049	46.7233273538	62.1975
7 1 7			0.26		0.98		0.03		0.33563	0.3505	72.2660298289	5.0526
6 4 0			0.14		1.12		0.03		0.33563	1.8287	67.0910631577	58.6803
2 4 8			-0.02		1.1		0.03		0.33597	0.1687	51.4325245866	2.4593
0 2 20			-0.08		1.01		0.03		0.33648	0.4494	86.0769303832	2.8517
5 1 7			0.04		1.05		0.03		0.33653	0.2609	54.1000446603	4.252
0 0 18			-0.97		0.08		1.12		0.35217	0.6609	73.530655613	37.988
3 5 7			-0.06		0.02		1.2		0.3521	0.2309	60.5203777188	5.6046
6 0 6			0.1		0.11		1.09		0.35206	1.0815	60.1501886982	39.9969
3 3 7			0.03		0.14		1.06		0.352	0.1558	47.1418707618	3.5073
5 5 7			0.01		0.15		1.05		0.35194	0.6639	72.2860687267	4.3062
4 4 10			-0.66		-0.51		3.09		0.35217	0.6886	66.23802526	47.6672
4 4 2			-0.65		-1.16		8.76		0.3529	1.2125	52.0311030722	128.6454
1 5 7			0.06		-1.1		8.3		0.35285	0.6035	54.1236034243	4.2528
0 0 6			-0.72		-1.82		29.33		0.3495	7.4326	23.0169618987	709.6598
1 3 7			0.06		-1.76		27.78		0.34944	0.1893	39.2755843192	5.3372
1 1 7			0.05		-1.71		26.39		0.34936	0.2012	29.7561292971	6.5386
2 0 14			0.05		-1.66		25.08		0.34953	0.2634	58.6945218607	7.3942
6 0 8			0.05		-1.61		23.94		0.34973	2.9234	64.163237895	5.3359
0 2 14			0.05		-1.56		22.86		0.34978	0.2479	58.6982494177	6.3292
0 6 2			0.04		-1.52		21.99		0.34981	0.2356	55.3895592761	6.1752
6 0 2			0.04		-1.48		21.17		0.34983	0.2214	55.354768557	5.4487
2 0 8			0.04		-1.44		20.34		0.3498	0.1665	35.7565424018	1.5727
3 1 7			0.04		-1.41		19.61		0.34975	0.257	39.2655360855	5.205
4 2 8			0.04		-1.37		18.91		0.34985	0.7605	51.4203212226	2.5419
4 6 2			0.03		-1.34		18.32		0.34983	0.2349	67.657370766	5.5969
0 2 10			0.01		-1.32		18.06		0.34983	0.4317	42.9590557724	21.0204
0 6 18			0.03		-1.29		17.53		0.35089	0.7949	98.0280769063	1.8601
1 5 13			0.02		-1.27		17.2		0.35096	1.1973	71.2966048402	12.6128
0 6 10			0.03		-1.25		16.74		0.35094	0.8527	69.1637693973	8.5049
6 0 12			-0.0		-1.25		16.82		0.3543	0.5892	74.995462768	0.9301
3 1 13			0.02		-1.23		16.49		0.35451	0.3869	59.4126405656	11.7895
2 4 14			0.03		-1.2		16.04		0.35459	0.5221	70.6383718296	19.4111
4 2 14			0.03		-1.18		15.62		0.35468	1.2576	70.6282605877	19.9713
0 0 10			-0.02		-1.19		15.87		0.35488	0.8316	38.8438017949	41.7013
0 6 6			0.03		-1.17		15.46		0.35477	1.0147	60.183190367	40.9583
1 1 9			0.02		-1.14		15.09		0.3551	0.2216	37.1193146943	1.1702
1 5 3			-0.01		-1.15		15.26		0.35496	0.9511	47.585042181	85.8034
2 4 6			0.02		-1.13		14.99		0.35469	0.785	46.7364348384	64.2552
4 6 6			0.02		-1.11		14.68		0.35493	1.1903	71.9781772466	41.9784
6 4 6			0.02		-1.09		14.39		0.35517	0.9247	71.9614498967	41.9809
2 4 12			0.02		-1.07		14.08		0.35557	0.2205	63.4791913795	4.8908
1 1 13			0.02		-1.06		13.87		0.35581	0.3722	52.9310122384	10.9703
2 2 4			-0.05		-1.11		14.62		0.35567	0.7551	29.4672289371	73.6026
6 0 10			0.02		-1.09		14.38		0.35559	1.0728	69.1331306246	8.9056
0 6 8			0.02		-1.07		14.08		0.3556	0.7694	64.1950429677	5.6946
0 6 14			0.02		-1.05		13.84		0.35566	0.9096	81.7552219026	27.2955
2 0 16			0.01		-1.04		13.69		0.35586	0.5935	67.2372591268	11.8907
0 0 20			-0.04		-1.08		14.24		0.3627	0.4542	83.3712939521	4.3689
1 5 9			0.01		-1.07		14.07		0.36256	0.4394	58.984264935	17.7365
3 3 13			0.02		-1.05		13.8		0.36254	0.5636	65.4922780779	9.1158
2 4 10			0.01		-1.04		13.68		0.36251	0.607	57.0555982332	12.0937
3 7 1			0.01		-1.03		13.55		0.36249	1.2822	71.5694631273	22.2453
5 5 1			0.01		-1.02		13.42		0.36248	0.5073	65.769247456	23.9531
1 3 13			0.02		-1.0		13.19		0.36253	0.3907	59.4200243294	11.5335
5 1 13			0.02		-0.98		12.96		0.36257	0.4567	71.2764535317	11.3258
5 3 9			0.0		-0.98		12.91		0.36245	0.4833	65.0662013285	20.8409
0 2 8			0.02		-0.96		12.7		0.36243	0.1155	35.7619852008	1.7384
0 6 16			0.02		-0.95		12.49		0.36242	0.4825	89.3859051251	7.6515
9 1 1			0.01		-0.94		12.37		0.36241	0.8793	87.9915459652	19.6393
2 6 0			-0.25		-1.19		16.55		0.36241	4.3567	58.0028534629	558.9791
6 4 2			0.01		-1.18		16.32		0.36241	0.2211	67.6401768609	4.8049
2 4 2			0.01		-1.17		16.19		0.36241	0.3828	40.8766170199	13.2501
1 5 5			-0.03		-1.2		16.67		0.36262	1.8923	50.2743192378	127.3636
3 3 9			0.01		-1.18		16.48		0.36254	0.3816	52.4524123761	12.0632
1 3 15			0.01		-1.17		16.29		0.36258	0.2862	67.3623786269	8.1809
0 2 12			0.01		-1.16		16.15		0.36246	0.3827	50.6142203783	17.5707
2 0 4			-0.05		-1.21		16.96		0.3625	1.3874	23.4143586184	109.347
5 1 9			0.01		-1.2		16.81		0.36238	0.4583	58.9619928854	19.0838
2 6 10			-0.0		-1.21		16.84		0.36254	0.7069	72.0169435829	44.7171
3 5 9			0.01		-1.2		16.74		0.36243	0.4755	65.0802252419	19.5165
0 6 0			0.01		-1.19		16.6		0.36243	1.4277	54.7714555341	59.4019
1 3 9			0.01		-1.18		16.4		0.36236	0.2622	45.3040218183	7.1674
0 4 20			0.01		-1.17		16.19		0.36252	1.027	94.1654323607	18.6345
3 1 5			-0.05		-1.22		17.04		0.36274	2.8985	34.1781376955	186.2389
0 2 6			-0.01		-1.23		17.29		0.36254	1.1672	29.1471999487	131.5155
4 2 10			0.01		-1.22		17.16		0.36252	1.1102	57.0442200735	11.3144
5 1 1			0.0		-1.22		17.09		0.36251	0.5346	46.1701152	26.7419
5 1 3			-0.01		-1.22		17.2		0.36246	0.9592	47.5591860667	88.1873
1 1 15			0.01		-1.22		17.11		0.36252	0.656	61.3839959686	20.6242
0 0 14			0.0		-1.22		17.11		0.36236	0.8389	55.4890953336	74.9432
3 1 15			0.01		-1.21		16.94		0.36239	0.2871	67.3554895111	7.7692
4 2 2			0.01		-1.2		16.82		0.36239	0.457	40.8620305525	12.2524
1 7 1			0.0		-1.2		16.75		0.36239	0.5219	65.7901743415	26.2984
0 2 16			0.01		-1.19		16.57		0.36248	1.8687	67.2407114996	13.8307
2 2 14			-0.01		-1.19		16.67		0.36231	1.0835	61.7979105177	101.9829
3 1 9			0.01		-1.18		16.52		0.36225	0.36	45.2950695798	8.7768
5 5 3			-0.0		-1.19		16.59		0.36222	0.8107	66.8760743485	64.1048
2 0 10			0.0		-1.19		16.55		0.36219	0.6169	42.9543880851	20.236
1 1 3			0.0		-1.19		16.54		0.36216	0.4514	16.9416048235	36.8187
5 3 3			-0.01		-1.2		16.76		0.36212	0.9351	54.4936931553	89.9375
6 2 10			-0.0		-1.2		16.79		0.36224	0.7103	71.9901825081	43.9921
2 2 2			-0.04		-1.24		17.51		0.36229	1.1162	26.2109248846	125.5642