HKL Value		Reward		TotalReward	Chi Squared	Z Appr. 	Error	Two-Thetas	Sfs2
5 3 7			0.0		0.0		0.0		0.3	0.2523	60.5057581853	5.4388
1 7 7			0.0		0.0		0.08		0.33542	0.4353	72.3061031614	6.1143
4 6 0			0.29		0.29		0.06		0.33542	0.7863	67.1083315067	59.4729
4 2 6			0.43		0.72		0.04		0.33544	1.6049	46.7233273538	62.1975
7 1 7			0.26		0.98		0.03		0.33563	0.3505	72.2660298289	5.0526
2 2 14			-0.99		-0.01		6.22		0.35524	1.0835	61.7979105177	101.9829
6 4 0			0.2		0.19		5.18		0.35524	1.8287	67.0910631577	58.6803
2 4 8			0.17		0.35		4.45		0.35505	0.1687	51.4325245866	2.4593
0 2 20			0.14		0.49		3.89		0.35502	0.4494	86.0769303832	2.8517
5 1 7			0.08		0.57		3.62		0.35499	0.2609	54.1000446603	4.252
3 5 7			0.05		0.62		3.46		0.35496	0.2309	60.5203777188	5.6046
3 3 7			0.08		0.69		3.21		0.35493	0.1558	47.1418707618	3.5073
5 5 7			0.06		0.75		3.04		0.35489	0.6639	72.2860687267	4.3062
1 5 7			0.04		0.79		2.91		0.35486	0.6035	54.1236034243	4.2528
1 3 7			0.03		0.82		2.83		0.35482	0.1893	39.2755843192	5.3372
1 1 7			0.03		0.85		2.75		0.35477	0.2012	29.7561292971	6.5386
2 0 14			0.06		0.91		2.6		0.35455	0.2634	58.6945218607	7.3942
3 3 9			0.06		0.97		2.45		0.35433	0.3816	52.4524123761	12.0632
6 0 8			0.06		1.03		2.32		0.35443	2.9234	64.163237895	5.3359
0 2 14			0.04		1.07		2.23		0.35415	0.2479	58.6982494177	6.3292
0 6 2			-0.01		1.06		2.25		0.35422	0.2356	55.3895592761	6.1752
1 7 5			-0.42		0.64		3.89		0.35622	1.0841	69.0835930101	99.7513
6 0 2			0.02		0.66		3.81		0.35631	0.2214	55.354768557	5.4487
4 4 4			-0.34		0.31		5.8		0.35577	0.8476	53.9354251327	76.9211
2 0 8			0.04		0.36		5.57		0.35591	0.1665	35.7565424018	1.5727
3 1 7			0.03		0.38		5.41		0.35589	0.257	39.2655360855	5.205
4 6 2			0.02		0.4		5.31		0.35589	0.2349	67.657370766	5.5969
4 2 8			0.04		0.44		5.12		0.35571	0.7605	51.4203212226	2.5419
0 6 18			0.03		0.48		4.95		0.35549	0.7949	98.0280769063	1.8601
1 5 13			-0.0		0.47		4.96		0.35654	1.1973	71.2966048402	12.6128
3 7 1			-0.01		0.47		5.0		0.35637	1.2822	71.5694631273	22.2453
0 6 10			0.01		0.48		4.94		0.35601	0.8527	69.1637693973	8.5049
3 1 13			0.0		0.48		4.92		0.35754	0.3869	59.4126405656	11.7895
6 0 12			0.03		0.51		4.79		0.35891	0.5892	74.995462768	0.9301
3 3 11			-0.33		0.18		7.16		0.36069	2.1204	58.6030846927	249.5822
2 4 14			0.03		0.2		6.98		0.36047	0.5221	70.6383718296	19.4111
6 0 6			0.02		0.22		6.85		0.36001	1.0815	60.1501886982	39.9969
4 2 14			0.02		0.25		6.69		0.35982	1.2576	70.6282605877	19.9713
0 6 6			0.02		0.26		6.57		0.3594	1.0147	60.183190367	40.9583
2 4 6			-0.0		0.26		6.59		0.35874	0.785	46.7364348384	64.2552
1 1 9			0.03		0.29		6.42		0.35872	0.2216	37.1193146943	1.1702
6 4 6			0.02		0.31		6.27		0.3589	0.9247	71.9614498967	41.9809
2 4 12			0.02		0.34		6.13		0.35876	0.2205	63.4791913795	4.8908
1 1 13			0.01		0.35		6.04		0.35923	0.3722	52.9310122384	10.9703
6 0 10			0.01		0.36		5.99		0.35909	1.0728	69.1331306246	8.9056
0 6 8			0.02		0.38		5.87		0.3589	0.7694	64.1950429677	5.6946
0 6 14			0.01		0.39		5.79		0.3588	0.9096	81.7552219026	27.2955
2 0 16			0.01		0.4		5.74		0.35945	0.5935	67.2372591268	11.8907
3 3 13			0.02		0.42		5.64		0.35976	0.5636	65.4922780779	9.1158
4 0 12			-0.16		0.26		6.74		0.35738	2.7435	60.4154589103	161.2613
2 4 10			0.0		0.26		6.72		0.35726	0.607	57.0555982332	12.0937
5 5 1			0.0		0.26		6.7		0.35722	0.5073	65.769247456	23.9531
0 0 6			-0.52		-0.26		13.99		0.35572	7.4326	23.0169618987	709.6598
1 3 13			0.01		-0.25		13.81		0.35591	0.3907	59.4200243294	11.5335
5 1 13			0.01		-0.23		13.64		0.35614	0.4567	71.2764535317	11.3258
5 3 9			0.01		-0.22		13.46		0.35582	0.4833	65.0662013285	20.8409
1 5 9			0.02		-0.2		13.23		0.35569	0.4394	58.984264935	17.7365
0 2 8			0.02		-0.19		13.0		0.35572	0.1155	35.7619852008	1.7384
0 6 16			0.01		-0.17		12.85		0.35583	0.4825	89.3859051251	7.6515
9 1 1			0.01		-0.16		12.71		0.3558	0.8793	87.9915459652	19.6393
6 4 2			0.01		-0.15		12.53		0.3558	0.2211	67.6401768609	4.8049
2 4 2			0.01		-0.14		12.46		0.3558	0.3828	40.8766170199	13.2501
1 3 15			0.01		-0.13		12.33		0.35574	0.2862	67.3623786269	8.1809
0 2 12			0.02		-0.12		12.14		0.35553	0.3827	50.6142203783	17.5707
5 1 9			0.01		-0.1		11.96		0.35539	0.4583	58.9619928854	19.0838
3 5 9			0.01		-0.09		11.82		0.35517	0.4755	65.0802252419	19.5165
0 6 0			0.01		-0.08		11.74		0.35517	1.4277	54.7714555341	59.4019
4 6 6			0.01		-0.07		11.59		0.35531	1.1903	71.9781772466	41.9784
2 2 8			-0.12		-0.19		13.17		0.3562	1.8488	40.1384116224	216.1995
0 4 20			-0.01		-0.2		13.35		0.35934	1.027	94.1654323607	18.6345
4 2 10			0.01		-0.2		13.24		0.35928	1.1102	57.0442200735	11.3144
1 1 5			-0.1		-0.3		14.72		0.35982	1.9661	22.8949597146	247.5537
1 1 15			0.0		-0.29		14.67		0.35997	0.656	61.3839959686	20.6242
2 4 4			-0.02		-0.32		15.01		0.36003	0.8182	43.1484985256	64.6996
0 2 16			0.01		-0.31		14.86		0.36031	1.8687	67.2407114996	13.8307
0 2 2			-0.01		-0.32		15.02		0.3603	0.4614	19.2417464495	36.8131
3 1 15			0.01		-0.31		14.87		0.36036	0.2871	67.3554895111	7.7692
7 3 1			0.01		-0.3		14.76		0.36035	0.5095	71.5359286583	22.1332
4 2 2			0.01		-0.29		14.66		0.36036	0.457	40.8620305525	12.2524
0 0 18			0.01		-0.28		14.55		0.36032	0.6609	73.530655613	37.988
1 5 5			-0.03		-0.31		15.0		0.36066	1.8923	50.2743192378	127.3636
1 7 1			0.0		-0.31		14.95		0.36065	0.5219	65.7901743415	26.2984
0 0 20			-0.01		-0.32		15.06		0.3624	0.4542	83.3712939521	4.3689
3 1 9			0.01		-0.31		14.91		0.36235	0.36	45.2950695798	8.7768
2 0 10			0.0		-0.31		14.89		0.36233	0.6169	42.9543880851	20.236
5 1 1			0.0		-0.3		14.85		0.36232	0.5346	46.1701152	26.7419
3 1 3			-0.01		-0.31		14.97		0.36228	1.2003	30.3814370344	67.5761
1 1 3			-0.0		-0.31		14.98		0.36226	0.4514	16.9416048235	36.8187
6 2 10			-0.0		-0.32		15.03		0.36238	0.7103	71.9901825081	43.9921