HKL Value		Reward		TotalReward	Chi Squared	Z Appr. 	Error	Two-Thetas	Sfs2
5 3 7			0.0		0.0		0.0		0.3	0.2523	60.5057581853	5.4388
1 7 7			0.0		0.0		0.08		0.33542	0.4353	72.3061031614	6.1143
4 6 0			0.29		0.29		0.06		0.33542	0.7863	67.1083315067	59.4729
4 2 6			0.43		0.72		0.04		0.33544	1.6049	46.7233273538	62.1975
1 1 17			-1.0		-0.28		17.39		0.35232	2.447	70.2810461715	248.4175
1 7 5			-0.2		-0.48		21.84		0.35397	1.0841	69.0835930101	99.7513
7 1 7			0.18		-0.3		18.5		0.35395	0.3505	72.2660298289	5.0526
6 4 0			0.17		-0.13		15.86		0.35394	1.8287	67.0910631577	58.6803
0 2 12			0.14		0.01		13.88		0.35391	0.3827	50.6142203783	17.5707
0 2 20			0.12		0.13		12.35		0.35406	0.4494	86.0769303832	2.8517
2 4 8			0.11		0.25		11.11		0.35406	0.1687	51.4325245866	2.4593
4 6 4			-0.03		0.22		11.44		0.35425	1.0731	69.291881243	33.3045
5 1 7			0.08		0.3		10.6		0.35424	0.2609	54.1000446603	4.252
3 5 7			0.07		0.36		9.94		0.35422	0.2309	60.5203777188	5.6046
3 3 7			0.07		0.43		9.29		0.3542	0.1558	47.1418707618	3.5073
5 5 7			0.06		0.5		8.74		0.35418	0.6639	72.2860687267	4.3062
0 4 16			-0.13		0.36		10.06		0.35729	1.5557	75.7704700384	94.8658
1 5 7			0.05		0.42		9.55		0.35729	0.6035	54.1236034243	4.2528
6 4 2			0.04		0.46		9.15		0.35729	0.2211	67.6401768609	4.8049
1 3 7			0.04		0.51		8.76		0.35729	0.1893	39.2755843192	5.3372
2 4 14			0.05		0.56		8.34		0.35728	0.5221	70.6383718296	19.4111
1 1 7			0.04		0.6		8.03		0.35728	0.2012	29.7561292971	6.5386
0 0 8			-0.35		0.24		12.4		0.35936	2.1948	30.8548203523	183.9052
2 0 14			0.04		0.29		11.87		0.35948	0.2634	58.6945218607	7.3942
6 0 8			0.04		0.33		11.41		0.3591	2.9234	64.163237895	5.3359
0 2 14			0.04		0.37		10.99		0.35927	0.2479	58.6982494177	6.3292
0 6 2			0.03		0.4		10.66		0.35934	0.2356	55.3895592761	6.1752
6 0 2			0.03		0.43		10.33		0.3594	0.2214	55.354768557	5.4487
2 0 8			0.04		0.47		9.96		0.35941	0.1665	35.7565424018	1.5727
4 0 14			-0.06		0.41		10.59		0.35881	1.986	67.7459682929	124.3248
3 1 7			0.03		0.44		10.29		0.35883	0.257	39.2655360855	5.205
4 6 2			0.02		0.46		10.05		0.35883	0.2349	67.657370766	5.5969
4 2 8			0.03		0.49		9.76		0.35856	0.7605	51.4203212226	2.5419
0 6 18			0.03		0.52		9.49		0.35854	0.7949	98.0280769063	1.8601
1 5 13			0.02		0.54		9.3		0.3591	1.1973	71.2966048402	12.6128
0 6 10			0.02		0.55		9.15		0.35895	0.8527	69.1637693973	8.5049
7 3 3			-0.03		0.52		9.45		0.35874	1.9283	72.601334037	69.5466
2 2 8			-0.22		0.3		12.14		0.36024	1.8488	40.1384116224	216.1995
6 0 12			0.03		0.33		11.82		0.36028	0.5892	74.995462768	0.9301
0 4 6			-0.37		-0.04		18.75		0.35863	3.7688	42.9189471786	481.9509
3 1 13			0.02		-0.02		18.35		0.35902	0.3869	59.4126405656	11.7895
5 3 3			-0.02		-0.04		18.76		0.35884	0.9351	54.4936931553	89.9375
6 0 6			0.02		-0.02		18.35		0.35864	1.0815	60.1501886982	39.9969
4 2 14			0.02		0.0		17.94		0.35859	1.2576	70.6282605877	19.9713
0 6 6			0.02		0.02		17.57		0.3584	1.0147	60.183190367	40.9583
2 4 6			0.01		0.04		17.33		0.35806	0.785	46.7364348384	64.2552
1 1 9			0.02		0.06		16.95		0.35808	0.2216	37.1193146943	1.1702
6 4 6			0.02		0.08		16.6		0.35821	0.9247	71.9614498967	41.9809
2 4 12			0.02		0.1		16.26		0.35816	0.2205	63.4791913795	4.8908
1 1 13			0.02		0.12		15.98		0.35844	0.3722	52.9310122384	10.9703
1 1 3			0.0		0.12		15.96		0.35835	0.4514	16.9416048235	36.8187
6 0 10			0.01		0.14		15.72		0.35827	1.0728	69.1331306246	8.9056
0 6 8			0.02		0.16		15.43		0.35819	0.7694	64.1950429677	5.6946
0 6 14			0.02		0.17		15.17		0.35815	0.9096	81.7552219026	27.2955
2 0 16			0.01		0.19		14.98		0.35852	0.5935	67.2372591268	11.8907
3 3 13			0.02		0.2		14.73		0.35875	0.5636	65.4922780779	9.1158
2 4 10			0.01		0.21		14.58		0.35866	0.607	57.0555982332	12.0937
3 7 1			0.01		0.22		14.43		0.35863	1.2822	71.5694631273	22.2453
5 5 1			0.01		0.23		14.28		0.35859	0.5073	65.769247456	23.9531
5 3 5			-0.04		0.19		14.91		0.35919	2.2247	56.9473208346	134.0256
5 3 9			0.01		0.2		14.77		0.35884	0.4833	65.0662013285	20.8409
1 3 13			0.01		0.21		14.57		0.35912	0.3907	59.4200243294	11.5335
5 1 13			0.01		0.23		14.37		0.35939	0.4567	71.2764535317	11.3258
0 0 16			-0.01		0.22		14.49		0.36077	1.3342	64.286058028	116.6634
1 5 9			0.01		0.23		14.32		0.36055	0.4394	58.984264935	17.7365
0 2 8			0.02		0.25		14.1		0.36055	0.1155	35.7619852008	1.7384
0 4 14			-0.01		0.23		14.31		0.36023	1.2337	67.7597167724	121.3788
0 6 16			0.01		0.25		14.1		0.3604	0.4825	89.3859051251	7.6515
9 1 1			0.01		0.26		13.97		0.36039	0.8793	87.9915459652	19.6393
2 4 2			0.01		0.26		13.88		0.36039	0.3828	40.8766170199	13.2501
4 4 0			-0.24		0.02		18.34		0.36039	4.9852	51.3853572345	648.027
3 3 9			0.01		0.03		18.13		0.36025	0.3816	52.4524123761	12.0632
1 3 15			0.01		0.04		17.93		0.36031	0.2862	67.3623786269	8.1809
5 1 9			0.01		0.05		17.74		0.36011	0.4583	58.9619928854	19.0838
3 5 9			0.01		0.06		17.59		0.35988	0.4755	65.0802252419	19.5165
0 6 0			0.01		0.07		17.44		0.35988	1.4277	54.7714555341	59.4019
0 4 20			0.01		0.08		17.3		0.36083	1.027	94.1654323607	18.6345
4 6 6			0.01		0.09		17.08		0.36085	1.1903	71.9781772466	41.9784
4 2 10			0.01		0.1		16.94		0.36081	1.1102	57.0442200735	11.3144
0 0 18			0.01		0.11		16.8		0.3608	0.6609	73.530655613	37.988
0 2 0			-0.02		0.09		17.18		0.3608	1.4407	17.6394681947	177.2483
1 1 15			0.0		0.09		17.1		0.3609	0.656	61.3839959686	20.6242
4 0 10			-0.0		0.09		17.16		0.36106	0.6243	53.7713327333	45.2096
3 1 15			0.01		0.1		16.99		0.36111	0.2871	67.3554895111	7.7692
4 2 2			0.01		0.1		16.87		0.36112	0.457	40.8620305525	12.2524
6 4 4			0.0		0.11		16.83		0.36115	0.6669	69.2748711385	33.991
1 7 1			0.0		0.11		16.77		0.36114	0.5219	65.7901743415	26.2984
0 0 20			-0.0		0.11		16.82		0.36243	0.4542	83.3712939521	4.3689
0 2 16			0.01		0.12		16.64		0.36251	1.8687	67.2407114996	13.8307
2 0 10			0.0		0.12		16.6		0.36249	0.6169	42.9543880851	20.236
3 1 9			0.01		0.13		16.44		0.36245	0.36	45.2950695798	8.7768
5 1 1			0.0		0.13		16.39		0.36244	0.5346	46.1701152	26.7419
6 2 10			-0.0		0.13		16.42		0.36254	0.7103	71.9901825081	43.9921
6 0 4			-0.0		0.13		16.49		0.36256	0.7069	57.1830782131	42.6751
1 3 1			-0.0		0.13		16.53		0.36254	0.5324	28.3265170018	42.1271