HKL Value		Reward		TotalReward	Chi Squared	Z Appr. 	Error	Two-Thetas	Sfs2
5 3 7			0.0		0.0		0.0		0.3	0.2523	60.5057581853	5.4388
4 0 6			0.0		0.0		238.9		0.33438	5.3963	42.900258124	488.2208
1 1 7			1.0		1.0		119.64		0.33528	0.2012	29.7561292971	6.5386
1 7 7			0.5		1.5		79.77		0.33512	0.4353	72.3061031614	6.1143
4 6 0			0.33		1.83		59.84		0.33512	0.7863	67.1083315067	59.4729
4 2 6			0.25		2.08		47.87		0.33512	1.6049	46.7233273538	62.1975
7 1 7			0.2		2.28		39.9		0.33525	0.3505	72.2660298289	5.0526
6 4 0			0.17		2.45		34.2		0.33525	1.8287	67.0910631577	58.6803
6 4 6			0.08		2.52		31.73		0.33571	0.9247	71.9614498967	41.9809
2 4 8			0.12		2.65		28.21		0.3359	0.1687	51.4325245866	2.4593
5 1 7			0.11		2.76		25.4		0.33608	0.2609	54.1000446603	4.252
0 2 20			0.1		2.86		23.09		0.33643	0.4494	86.0769303832	2.8517
2 0 2			0.0		2.86		23.05		0.33629	0.6502	19.2320929378	35.9547
0 2 4			-0.17		2.69		27.82		0.33669	1.326	23.4223631322	110.0283
3 5 7			0.08		2.77		25.83		0.33666	0.2309	60.5203777188	5.6046
1 1 11			-0.32		2.45		37.93		0.35608	2.144	44.8525636461	378.5934
2 4 6			0.06		2.51		35.84		0.35534	0.785	46.7364348384	64.2552
5 5 7			0.06		2.57		33.8		0.35533	0.6639	72.2860687267	4.3062
4 6 2			0.05		2.62		32.08		0.35533	0.2349	67.657370766	5.5969
1 5 7			0.05		2.67		30.46		0.3553	0.6035	54.1236034243	4.2528
3 1 13			0.04		2.72		29.19		0.35598	0.3869	59.4126405656	11.7895
1 3 7			0.05		2.76		27.88		0.35595	0.1893	39.2755843192	5.3372
6 0 2			0.04		2.81		26.71		0.35603	0.2214	55.354768557	5.4487
2 0 14			0.04		2.85		25.57		0.35595	0.2634	58.6945218607	7.3942
6 0 8			0.04		2.9		24.5		0.35588	2.9234	64.163237895	5.3359
3 1 3			0.0		2.9		24.45		0.35552	1.2003	30.3814370344	67.5761
0 6 2			0.04		2.93		23.61		0.3556	0.2356	55.3895592761	6.1752
1 5 13			0.03		2.96		22.93		0.35643	1.1973	71.2966048402	12.6128
1 1 13			0.03		2.99		22.24		0.35752	0.3722	52.9310122384	10.9703
2 4 14			0.03		3.03		21.49		0.3575	0.5221	70.6383718296	19.4111
2 4 12			0.03		3.06		20.78		0.35757	0.2205	63.4791913795	4.8908
4 2 14			0.03		3.1		20.13		0.35754	1.2576	70.6282605877	19.9713
1 7 1			0.01		3.11		19.84		0.35744	0.5219	65.7901743415	26.2984
0 2 14			0.03		3.14		19.27		0.35748	0.2479	58.6982494177	6.3292
0 6 10			0.02		3.16		18.8		0.35724	0.8527	69.1637693973	8.5049
1 1 15			0.01		3.17		18.64		0.35793	0.656	61.3839959686	20.6242
4 4 2			-0.09		3.08		20.49		0.35868	1.2125	52.0311030722	128.6454
4 6 6			0.03		3.11		19.94		0.35902	1.1903	71.9781772466	41.9784
4 2 4			-0.03		3.08		20.46		0.35936	0.7624	43.1345383828	64.2766
3 1 7			0.02		3.11		19.98		0.35938	0.257	39.2655360855	5.205
4 2 12			0.03		3.13		19.48		0.35909	0.2244	63.468523569	4.7972
4 2 8			0.02		3.16		19.03		0.35863	0.7605	51.4203212226	2.5419
3 3 13			0.02		3.18		18.61		0.35921	0.5636	65.4922780779	9.1158
5 5 1			0.02		3.2		18.32		0.35913	0.5073	65.769247456	23.9531
0 6 6			0.02		3.22		17.94		0.35872	1.0147	60.183190367	40.9583
4 0 12			-0.04		3.18		18.7		0.35546	2.7435	60.4154589103	161.2613
2 0 16			0.01		3.19		18.45		0.35571	0.5935	67.2372591268	11.8907
3 5 9			0.02		3.21		18.11		0.35522	0.4755	65.0802252419	19.5165
0 6 0			0.01		3.22		17.87		0.35522	1.4277	54.7714555341	59.4019
4 2 10			0.02		3.24		17.6		0.3551	1.1102	57.0442200735	11.3144
7 3 1			0.01		3.25		17.36		0.35505	0.5095	71.5359286583	22.1332
2 4 10			0.01		3.27		17.13		0.35495	0.607	57.0555982332	12.0937
6 0 4			-0.01		3.26		17.28		0.35508	0.7069	57.1830782131	42.6751
0 4 12			-0.02		3.23		17.69		0.35311	1.4889	60.4300914167	161.7651
1 3 11			-0.11		3.12		19.91		0.35457	2.4293	52.0561920156	298.4303