HKL Value		Reward		TotalReward	Chi Squared	Z Appr. 	Error	Two-Thetas	Sfs2
5 3 7			0.0		0.0		0.0		0.3	0.2523	60.5057581853	5.4388
2 2 10			0.0		0.0		10.58		0.32778	0.6429	46.7739448495	44.8949
1 3 1			-0.16		-0.16		12.66		0.32742	0.5324	28.3265170018	42.1271
1 7 7			0.39		0.22		9.14		0.32926	0.4353	72.3061031614	6.1143
4 6 0			0.33		0.55		6.87		0.32925	0.7863	67.1083315067	59.4729
4 2 6			0.25		0.8		5.49		0.32925	1.6049	46.7233273538	62.1975
7 1 7			0.12		0.92		4.9		0.33073	0.3505	72.2660298289	5.0526
6 4 0			0.17		1.09		4.2		0.33073	1.8287	67.0910631577	58.6803
0 2 20			-0.02		1.07		4.3		0.33523	0.4494	86.0769303832	2.8517
2 4 8			0.12		1.19		3.83		0.33533	0.1687	51.4325245866	2.4593
5 1 7			0.11		1.29		3.46		0.33542	0.2609	54.1000446603	4.252
4 4 2			-0.71		0.59		11.82		0.33565	1.2125	52.0311030722	128.6454
3 5 7			0.09		0.68		10.84		0.33567	0.2309	60.5203777188	5.6046
3 3 7			0.08		0.76		10.06		0.33592	0.1558	47.1418707618	3.5073
0 0 8			-0.5		0.25		20.16		0.33708	2.1948	30.8548203523	183.9052
5 5 7			0.07		0.33		18.83		0.33733	0.6639	72.2860687267	4.3062
1 5 7			0.07		0.39		17.65		0.33733	0.6035	54.1236034243	4.2528
1 3 7			0.06		0.45		16.61		0.33734	0.1893	39.2755843192	5.3372
6 0 8			0.05		0.51		15.8		0.33702	2.9234	64.163237895	5.3359
4 2 14			0.01		0.52		15.65		0.33654	1.2576	70.6282605877	19.9713
2 0 14			0.05		0.56		14.96		0.33597	0.2634	58.6945218607	7.3942
0 4 18			0.27		0.83		11.82		0.36401	0.8369	84.5238780681	17.4513
0 6 2			0.04		0.87		11.38		0.36407	0.2356	55.3895592761	6.1752
1 1 7			0.04		0.91		10.94		0.36413	0.2012	29.7561292971	6.5386
6 0 2			0.04		0.94		10.55		0.36419	0.2214	55.354768557	5.4487
0 2 14			0.04		0.98		10.13		0.36417	0.2479	58.6982494177	6.3292
0 4 4			-0.13		0.85		11.71		0.36405	0.8482	39.0545896029	78.0016
2 0 8			0.04		0.89		11.29		0.36391	0.1665	35.7565424018	1.5727
3 5 9			0.0		0.89		11.24		0.36332	0.4755	65.0802252419	19.5165
4 6 2			0.03		0.92		10.94		0.36333	0.2349	67.657370766	5.5969
3 1 7			0.03		0.95		10.62		0.3634	0.257	39.2655360855	5.205
4 2 8			0.02		0.97		10.4		0.36238	0.7605	51.4203212226	2.5419
6 2 4			-0.11		0.86		11.64		0.36187	0.8727	60.3342977717	77.9073
1 5 13			0.03		0.89		11.3		0.36267	1.1973	71.2966048402	12.6128
0 6 18			0.03		0.92		10.99		0.36267	0.7949	98.0280769063	1.8601
2 4 14			0.03		0.95		10.72		0.36216	0.5221	70.6383718296	19.4111
3 1 13			0.03		0.98		10.43		0.36254	0.3869	59.4126405656	11.7895
6 0 6			0.02		0.99		10.24		0.36202	1.0815	60.1501886982	39.9969
6 0 12			0.03		1.02		9.97		0.36195	0.5892	74.995462768	0.9301
0 6 10			0.01		1.04		9.83		0.36177	0.8527	69.1637693973	8.5049
0 6 6			0.02		1.05		9.66		0.36092	1.0147	60.183190367	40.9583
1 1 13			0.02		1.08		9.44		0.36162	0.3722	52.9310122384	10.9703
6 0 10			0.01		1.09		9.33		0.36144	1.0728	69.1331306246	8.9056
2 4 6			0.0		1.09		9.31		0.36009	0.785	46.7364348384	64.2552
2 0 16			0.02		1.11		9.14		0.36139	0.5935	67.2372591268	11.8907
5 5 1			0.01		1.12		9.07		0.36133	0.5073	65.769247456	23.9531
9 1 1			0.01		1.13		8.99		0.36127	0.8793	87.9915459652	19.6393
0 2 22			-0.03		1.1		9.22		0.36209	1.8317	96.7387030121	97.213
1 1 9			0.02		1.12		9.03		0.36207	0.2216	37.1193146943	1.1702
6 4 6			0.02		1.14		8.85		0.36206	0.9247	71.9614498967	41.9809
0 6 14			0.01		1.15		8.73		0.36183	0.9096	81.7552219026	27.2955
6 2 10			-0.02		1.13		8.95		0.36226	0.7103	71.9901825081	43.9921
2 4 10			0.0		1.14		8.91		0.36219	0.607	57.0555982332	12.0937
1 5 9			0.01		1.14		8.83		0.36185	0.4394	58.984264935	17.7365
2 4 12			0.02		1.16		8.69		0.3617	0.2205	63.4791913795	4.8908
3 7 1			0.0		1.16		8.65		0.36166	1.2822	71.5694631273	22.2453
0 6 16			0.02		1.18		8.5		0.36176	0.4825	89.3859051251	7.6515
5 1 13			0.02		1.2		8.36		0.36191	0.4567	71.2764535317	11.3258
3 3 13			0.02		1.22		8.21		0.36194	0.5636	65.4922780779	9.1158
0 6 8			0.01		1.23		8.1		0.36178	0.7694	64.1950429677	5.6946
1 3 13			0.02		1.25		7.97		0.36192	0.3907	59.4200243294	11.5335
2 4 2			0.0		1.25		7.97		0.36193	0.3828	40.8766170199	13.2501
0 0 20			-0.01		1.24		8.05		0.36327	0.4542	83.3712939521	4.3689
2 6 0			-0.35		0.89		12.29		0.36327	4.3567	58.0028534629	558.9791
0 4 20			0.02		0.91		12.1		0.36329	1.027	94.1654323607	18.6345
4 4 8			-0.09		0.81		13.35		0.36348	3.9407	61.1479986878	218.5721
0 2 18			0.01		0.83		13.17		0.36349	0.3755	76.3208597895	3.7538
3 3 9			0.01		0.84		13.04		0.36344	0.3816	52.4524123761	12.0632
2 4 4			-0.03		0.81		13.43		0.36346	0.8182	43.1484985256	64.6996
5 1 9			0.01		0.82		13.33		0.36337	0.4583	58.9619928854	19.0838
4 6 6			0.01		0.83		13.15		0.36335	1.1903	71.9781772466	41.9784
2 6 2			-0.07		0.76		14.11		0.36341	1.2892	58.5985395934	134.3564
3 7 3			-0.01		0.75		14.24		0.36337	0.8954	72.6346668965	71.6226
4 2 2			0.01		0.76		14.14		0.36337	0.457	40.8620305525	12.2524
1 3 15			0.01		0.77		13.99		0.36341	0.2862	67.3623786269	8.1809
3 1 15			0.01		0.78		13.84		0.36343	0.2871	67.3554895111	7.7692
0 2 12			0.01		0.79		13.76		0.36335	0.3827	50.6142203783	17.5707
0 2 8			0.01		0.8		13.58		0.36333	0.1155	35.7619852008	1.7384
6 4 2			0.01		0.81		13.44		0.36333	0.2211	67.6401768609	4.8049
4 0 12			-0.06		0.75		14.26		0.36299	2.7435	60.4154589103	161.2613
3 3 5			-0.03		0.72		14.77		0.36316	1.3995	42.8396693434	151.0913
3 5 11			-0.03		0.69		15.24		0.36318	1.8915	70.5555824797	206.4699