HKL Value		Reward		TotalReward	Chi Squared	Z Appr. 	Error	Two-Thetas	Sfs2
5 3 7			0.0		0.0		0.0		0.3	0.2523	60.5057581853	5.4388
1 7 7			0.0		0.0		0.08		0.33542	0.4353	72.3061031614	6.1143
4 6 0			0.29		0.29		0.06		0.33542	0.7863	67.1083315067	59.4729
4 2 6			0.43		0.72		0.04		0.33544	1.6049	46.7233273538	62.1975
0 0 8			-1.0		-0.28		26.34		0.36904	2.1948	30.8548203523	183.9052
7 1 7			0.24		-0.04		21.28		0.36995	0.3505	72.2660298289	5.0526
2 4 8			0.12		0.08		18.96		0.36348	0.1687	51.4325245866	2.4593
5 1 7			0.15		0.24		16.43		0.36381	0.2609	54.1000446603	4.252
6 4 0			0.14		0.38		14.38		0.36381	1.8287	67.0910631577	58.6803
2 0 14			0.12		0.5		12.79		0.3634	0.2634	58.6945218607	7.3942
5 5 7			0.1		0.61		11.6		0.36362	0.6639	72.2860687267	4.3062
0 6 8			0.08		0.69		10.75		0.36168	0.7694	64.1950429677	5.6946
6 4 6			0.09		0.78		9.85		0.36171	0.9247	71.9614498967	41.9809
4 6 6			0.08		0.86		9.09		0.36173	1.1903	71.9781772466	41.9784
4 6 2			0.05		0.91		8.64		0.36176	0.2349	67.657370766	5.5969
6 0 8			0.06		0.97		8.18		0.36069	2.9234	64.163237895	5.3359
3 3 13			0.06		1.03		7.68		0.36119	0.5636	65.4922780779	9.1158
5 1 13			0.06		1.09		7.26		0.36174	0.4567	71.2764535317	11.3258
3 5 7			0.04		1.14		6.96		0.36179	0.2309	60.5203777188	5.6046
1 1 15			-0.02		1.11		7.13		0.36225	0.656	61.3839959686	20.6242
0 6 6			0.03		1.14		6.95		0.36176	1.0147	60.183190367	40.9583
0 6 16			0.05		1.19		6.62		0.3619	0.4825	89.3859051251	7.6515
0 2 14			0.05		1.23		6.33		0.36201	0.2479	58.6982494177	6.3292
2 0 8			0.04		1.28		6.06		0.36195	0.1665	35.7565424018	1.5727
0 4 4			-0.23		1.04		7.92		0.36182	0.8482	39.0545896029	78.0016
3 1 13			0.04		1.08		7.62		0.36208	0.3869	59.4126405656	11.7895
3 1 5			-0.27		0.81		10.45		0.36286	2.8985	34.1781376955	186.2389
1 1 13			0.04		0.85		10.07		0.36291	0.3722	52.9310122384	10.9703
3 1 11			-0.27		0.58		13.75		0.36299	2.3814	52.0481274199	292.2152
5 5 1			0.02		0.6		13.49		0.36297	0.5073	65.769247456	23.9531
0 6 2			0.03		0.63		13.11		0.36299	0.2356	55.3895592761	6.1752
0 6 10			0.02		0.65		12.83		0.36295	0.8527	69.1637693973	8.5049
1 5 13			0.03		0.68		12.44		0.36304	1.1973	71.2966048402	12.6128
2 6 0			-0.39		0.29		20.41		0.36304	4.3567	58.0028534629	558.9791
3 1 1			0.0		0.29		20.38		0.36301	0.5239	28.3131072915	41.7464
1 5 7			0.03		0.32		19.84		0.36302	0.6035	54.1236034243	4.2528
4 6 4			0.01		0.33		19.64		0.36307	1.0731	69.291881243	33.3045
2 4 14			0.03		0.36		19.16		0.36293	0.5221	70.6383718296	19.4111
3 5 9			0.01		0.37		18.89		0.36272	0.4755	65.0802252419	19.5165
3 7 1			0.02		0.39		18.58		0.36269	1.2822	71.5694631273	22.2453
6 0 10			0.02		0.41		18.23		0.36265	1.0728	69.1331306246	8.9056
6 0 2			0.02		0.43		17.83		0.36267	0.2214	55.354768557	5.4487
2 4 6			0.01		0.44		17.65		0.36237	0.785	46.7364348384	64.2552
2 4 2			0.01		0.45		17.43		0.36239	0.3828	40.8766170199	13.2501
3 3 11			-0.08		0.37		18.92		0.36251	2.1204	58.6030846927	249.5822
4 2 2			0.01		0.39		18.66		0.36253	0.457	40.8620305525	12.2524
1 3 7			0.02		0.41		18.28		0.36255	0.1893	39.2755843192	5.3372
6 0 4			-0.01		0.4		18.39		0.36259	0.7069	57.1830782131	42.6751
6 0 6			0.02		0.42		18.08		0.36243	1.0815	60.1501886982	39.9969
0 2 16			0.02		0.44		17.73		0.36263	1.8687	67.2407114996	13.8307
1 3 15			0.02		0.46		17.43		0.3627	0.2862	67.3623786269	8.1809
3 3 7			0.02		0.48		17.1		0.36271	0.1558	47.1418707618	3.5073
4 2 14			0.02		0.49		16.81		0.36259	1.2576	70.6282605877	19.9713
1 1 7			0.02		0.51		16.52		0.36261	0.2012	29.7561292971	6.5386
2 4 10			0.01		0.52		16.35		0.36257	0.607	57.0555982332	12.0937
9 1 1			0.01		0.53		16.14		0.36255	0.8793	87.9915459652	19.6393
4 2 10			0.01		0.54		15.97		0.36251	1.1102	57.0442200735	11.3144
1 7 3			-0.01		0.53		16.19		0.36241	0.9932	66.8968211493	90.2271
5 1 1			0.0		0.54		16.12		0.36239	0.5346	46.1701152	26.7419
0 2 2			-0.01		0.52		16.3		0.36238	0.4614	19.2417464495	36.8131
4 2 4			-0.02		0.5		16.67		0.36243	0.7624	43.1345383828	64.2766
5 3 9			0.01		0.51		16.56		0.36222	0.4833	65.0662013285	20.8409
1 5 1			0.0		0.51		16.49		0.3622	0.4978	46.196563203	27.3004
0 6 0			0.01		0.52		16.33		0.3622	1.4277	54.7714555341	59.4019
0 2 10			0.0		0.53		16.29		0.36213	0.4317	42.9590557724	21.0204
0 6 14			0.01		0.54		16.09		0.36197	0.9096	81.7552219026	27.2955
1 7 1			0.0		0.54		16.01		0.36195	0.5219	65.7901743415	26.2984
3 1 7			0.01		0.56		15.79		0.36196	0.257	39.2655360855	5.205
4 4 0			-0.22		0.33		20.36		0.36196	4.9852	51.3853572345	648.027
7 3 1			0.01		0.34		20.16		0.36194	0.5095	71.5359286583	22.1332
2 0 16			0.01		0.36		19.88		0.36212	0.5935	67.2372591268	11.8907
5 3 1			0.0		0.36		19.8		0.3621	0.5252	53.2386121167	32.835
3 5 1			0.0		0.36		19.71		0.36207	0.5283	53.2544885252	31.9012
5 1 9			0.01		0.37		19.52		0.36186	0.4583	58.9619928854	19.0838
6 0 0			0.01		0.38		19.32		0.36186	0.7256	54.7363985401	55.434
6 2 10			-0.0		0.38		19.32		0.36213	0.7103	71.9901825081	43.9921
2 2 16			0.01		0.39		19.19		0.36279	1.1693	70.1293332912	108.6018
3 3 9			0.01		0.4		19.0		0.36268	0.3816	52.4524123761	12.0632
4 0 10			-0.0		0.4		19.01		0.36291	0.6243	53.7713327333	45.2096
2 0 0			-0.02		0.38		19.36		0.36291	2.02	17.6289686615	175.6782
6 2 8			-0.04		0.34		20.2		0.36327	3.3751	67.1207225085	222.106