HKL Value		Reward		TotalReward	Chi Squared	Z Appr. 	Error	Two-Thetas	Sfs2
5 3 7			0.0		0.0		0.0		0.3	0.2523	60.5057581853	5.4388
1 7 7			0.0		0.0		0.08		0.33542	0.4353	72.3061031614	6.1143
4 6 0			0.29		0.29		0.06		0.33542	0.7863	67.1083315067	59.4729
4 2 6			0.43		0.72		0.04		0.33544	1.6049	46.7233273538	62.1975
7 1 7			0.26		0.98		0.03		0.33563	0.3505	72.2660298289	5.0526
2 4 8			0.0		0.98		0.03		0.33597	0.1687	51.4325245866	2.4593
4 0 12			-0.75		0.23		0.13		0.33555	2.7435	60.4154589103	161.2613
5 1 7			0.04		0.28		0.12		0.33583	0.2609	54.1000446603	4.252
6 4 0			0.13		0.4		0.11		0.33583	1.8287	67.0910631577	58.6803
0 2 14			-0.41		-0.01		0.19		0.33485	0.2479	58.6982494177	6.3292
6 0 12			-0.97		-0.97		6.14		0.35398	0.5892	74.995462768	0.9301
2 0 14			0.1		-0.88		5.6		0.35391	0.2634	58.6945218607	7.3942
1 1 17			-0.46		-1.34		10.42		0.35362	2.447	70.2810461715	248.4175
5 5 7			0.07		-1.27		9.7		0.3536	0.6639	72.2860687267	4.3062
0 6 8			0.08		-1.19		9.02		0.35367	0.7694	64.1950429677	5.6946
4 6 6			0.05		-1.14		8.6		0.35388	1.1903	71.9781772466	41.9784
4 6 2			0.04		-1.1		8.23		0.35388	0.2349	67.657370766	5.5969
6 0 8			0.06		-1.04		7.75		0.35391	2.9234	64.163237895	5.3359
5 1 13			0.02		-1.02		7.63		0.35406	0.4567	71.2764535317	11.3258
4 4 6			-0.54		-1.56		16.55		0.35318	4.3817	57.0116572758	400.3855
1 3 7			0.05		-1.51		15.8		0.35317	0.1893	39.2755843192	5.3372
3 3 13			0.04		-1.48		15.25		0.35326	0.5636	65.4922780779	9.1158
0 4 8			-0.25		-1.72		20.25		0.35434	4.1351	47.9021960727	235.0989
3 5 7			0.04		-1.68		19.46		0.35434	0.2309	60.5203777188	5.6046
2 0 8			0.04		-1.64		18.66		0.35436	0.1665	35.7565424018	1.5727
3 1 13			0.03		-1.61		18.14		0.35453	0.3869	59.4126405656	11.7895
1 1 13			0.03		-1.58		17.64		0.35472	0.3722	52.9310122384	10.9703
5 5 1			0.03		-1.56		17.19		0.35467	0.5073	65.769247456	23.9531
4 0 14			-0.02		-1.58		17.6		0.35502	1.986	67.7459682929	124.3248
0 6 10			0.03		-1.55		17.09		0.35496	0.8527	69.1637693973	8.5049
0 6 2			0.03		-1.52		16.61		0.35498	0.2356	55.3895592761	6.1752
6 0 4			-0.02		-1.54		16.88		0.35509	0.7069	57.1830782131	42.6751
1 5 13			0.02		-1.51		16.53		0.35529	1.1973	71.2966048402	12.6128
1 3 13			0.02		-1.49		16.18		0.35553	0.3907	59.4200243294	11.5335
1 5 7			0.03		-1.47		15.75		0.35551	0.6035	54.1236034243	4.2528
6 0 0			0.02		-1.45		15.43		0.35551	0.7256	54.7363985401	55.434
2 4 14			0.03		-1.42		15.02		0.35557	0.5221	70.6383718296	19.4111
3 5 9			0.02		-1.39		14.68		0.35524	0.4755	65.0802252419	19.5165
3 7 1			0.02		-1.38		14.45		0.35521	1.2822	71.5694631273	22.2453
0 6 16			0.02		-1.36		14.19		0.35528	0.4825	89.3859051251	7.6515
4 0 4			-0.06		-1.42		15.07		0.35511	1.2165	39.0343929222	79.1487
2 4 2			0.01		-1.41		14.9		0.35512	0.3828	40.8766170199	13.2501
0 4 10			-0.02		-1.42		15.15		0.35533	0.9893	53.7871001638	44.1425
0 2 4			-0.08		-1.51		16.55		0.35554	1.326	23.4223631322	110.0283
2 4 6			0.02		-1.49		16.28		0.35524	0.785	46.7364348384	64.2552
6 0 2			0.02		-1.47		15.96		0.35526	0.2214	55.354768557	5.4487
4 2 2			0.01		-1.46		15.78		0.35527	0.457	40.8620305525	12.2524
6 0 10			0.02		-1.44		15.51		0.35519	1.0728	69.1331306246	8.9056
6 0 6			0.02		-1.42		15.19		0.35511	1.0815	60.1501886982	39.9969
0 2 16			0.01		-1.41		15.06		0.35526	1.8687	67.2407114996	13.8307
1 3 15			0.01		-1.4		14.84		0.3551	0.2862	67.3623786269	8.1809
4 2 14			0.02		-1.38		14.56		0.35518	1.2576	70.6282605877	19.9713
1 1 7			0.02		-1.36		14.32		0.35516	0.2012	29.7561292971	6.5386
0 6 6			0.02		-1.34		14.06		0.35504	1.0147	60.183190367	40.9583
2 4 10			0.01		-1.33		13.89		0.35495	0.607	57.0555982332	12.0937
9 1 1			0.01		-1.32		13.72		0.35491	0.8793	87.9915459652	19.6393
1 1 15			-0.0		-1.32		13.73		0.35493	0.656	61.3839959686	20.6242
4 2 10			0.01		-1.31		13.57		0.35484	1.1102	57.0442200735	11.3144
5 1 1			0.0		-1.3		13.52		0.35479	0.5346	46.1701152	26.7419
1 5 1			0.0		-1.3		13.49		0.35473	0.4978	46.196563203	27.3004
4 4 10			-0.02		-1.32		13.74		0.35496	0.6886	66.23802526	47.6672
3 3 9			0.02		-1.3		13.52		0.35485	0.3816	52.4524123761	12.0632
2 4 0			-0.0		-1.3		13.52		0.35485	1.4359	40.0960076051	88.2765
5 3 9			0.01		-1.29		13.35		0.35449	0.4833	65.0662013285	20.8409
0 6 0			0.01		-1.28		13.24		0.35449	1.4277	54.7714555341	59.4019
1 7 1			0.0		-1.28		13.2		0.35444	0.5219	65.7901743415	26.2984
0 6 14			0.01		-1.27		13.03		0.35457	0.9096	81.7552219026	27.2955
0 0 4			-0.03		-1.3		13.43		0.35445	0.8482	15.2869714585	59.1035
7 3 1			0.01		-1.29		13.32		0.35442	0.5095	71.5359286583	22.1332
2 0 16			0.01		-1.28		13.23		0.35445	0.5935	67.2372591268	11.8907
3 1 7			0.01		-1.27		13.06		0.35445	0.257	39.2655360855	5.205
6 2 10			-0.01		-1.28		13.24		0.35465	0.7103	71.9901825081	43.9921
0 4 14			-0.01		-1.3		13.42		0.35508	1.2337	67.7597167724	121.3788
2 2 6			-0.26		-1.55		18.02		0.35376	8.3224	34.2684003079	615.2447