HKL Value		Reward		TotalReward	Chi Squared	Z Appr. 	Error	Two-Thetas	Sfs2
5 3 7			0.0		0.0		0.0		0.3	0.2523	60.5057581853	5.4388
1 7 7			0.0		0.0		0.08		0.33542	0.4353	72.3061031614	6.1143
4 6 0			0.29		0.29		0.06		0.33542	0.7863	67.1083315067	59.4729
4 2 6			0.43		0.72		0.04		0.33544	1.6049	46.7233273538	62.1975
7 1 7			0.26		0.98		0.03		0.33563	0.3505	72.2660298289	5.0526
6 4 0			0.14		1.12		0.03		0.33563	1.8287	67.0910631577	58.6803
3 5 11			-1.0		0.12		11.41		0.36115	1.8915	70.5555824797	206.4699
2 4 8			0.14		0.26		10.04		0.35954	0.1687	51.4325245866	2.4593
5 5 7			0.13		0.38		8.92		0.3596	0.6639	72.2860687267	4.3062
5 1 7			0.1		0.49		8.09		0.35964	0.2609	54.1000446603	4.252
0 2 20			0.09		0.58		7.39		0.35972	0.4494	86.0769303832	2.8517
4 4 12			-0.14		0.44		8.63		0.35318	1.9475	72.2035773977	130.2426
0 4 4			-0.27		0.16		11.87		0.35248	0.8482	39.0545896029	78.0016
3 5 7			0.07		0.23		11.1		0.35238	0.2309	60.5203777188	5.6046
1 5 7			0.07		0.3		10.4		0.3523	0.6035	54.1236034243	4.2528
0 6 16			0.05		0.35		9.94		0.35128	0.4825	89.3859051251	7.6515
1 3 7			0.06		0.4		9.41		0.35107	0.1893	39.2755843192	5.3372
2 0 14			0.06		0.46		8.86		0.35117	0.2634	58.6945218607	7.3942
6 0 2			0.04		0.51		8.5		0.35128	0.2214	55.354768557	5.4487
1 7 5			-0.16		0.34		10.16		0.35429	1.0841	69.0835930101	99.7513
0 0 18			0.05		0.39		9.68		0.35327	0.6609	73.530655613	37.988
1 1 17			-0.21		0.18		12.23		0.35311	2.447	70.2810461715	248.4175
6 0 8			0.05		0.23		11.68		0.3532	2.9234	64.163237895	5.3359
0 6 2			0.03		0.27		11.29		0.35323	0.2356	55.3895592761	6.1752
4 6 2			0.03		0.3		10.93		0.35323	0.2349	67.657370766	5.5969
1 1 7			0.03		0.33		10.57		0.3532	0.2012	29.7561292971	6.5386
2 6 6			-0.33		0.0		15.82		0.35205	5.383	63.2392339525	346.2148
1 1 13			0.02		0.02		15.46		0.35214	0.3722	52.9310122384	10.9703
1 5 13			0.02		0.04		15.15		0.35226	1.1973	71.2966048402	12.6128
2 2 4			-0.07		-0.02		16.26		0.35207	0.7551	29.4672289371	73.6026
0 2 14			0.03		0.01		15.72		0.35199	0.2479	58.6982494177	6.3292
1 3 3			-0.01		-0.0		15.9		0.35188	0.7045	30.3940112777	66.1614
2 4 14			0.03		0.03		15.45		0.35208	0.5221	70.6383718296	19.4111
4 2 14			0.03		0.06		15.03		0.35228	1.2576	70.6282605877	19.9713
0 6 10			0.02		0.08		14.66		0.35225	0.8527	69.1637693973	8.5049
3 1 7			0.03		0.11		14.29		0.35223	0.257	39.2655360855	5.205
4 2 8			0.03		0.14		13.89		0.35227	0.7605	51.4203212226	2.5419
3 1 13			0.01		0.15		13.69		0.35238	0.3869	59.4126405656	11.7895
6 0 10			0.02		0.17		13.41		0.35234	1.0728	69.1331306246	8.9056
3 3 13			0.02		0.19		13.18		0.35245	0.5636	65.4922780779	9.1158
0 6 6			0.03		0.22		12.85		0.35242	1.0147	60.183190367	40.9583
5 5 1			0.01		0.23		12.67		0.35237	0.5073	65.769247456	23.9531
6 0 6			0.02		0.25		12.37		0.35235	1.0815	60.1501886982	39.9969
2 4 6			0.02		0.27		12.14		0.35217	0.785	46.7364348384	64.2552
2 0 16			0.01		0.28		12.02		0.35201	0.5935	67.2372591268	11.8907
2 4 10			0.01		0.3		11.86		0.35198	0.607	57.0555982332	12.0937
2 0 0			-0.06		0.24		12.61		0.35198	2.02	17.6289686615	175.6782
9 1 1			0.01		0.25		12.43		0.35194	0.8793	87.9915459652	19.6393
4 6 6			0.01		0.27		12.25		0.35224	1.1903	71.9781772466	41.9784
2 2 2			-0.11		0.15		13.83		0.35241	1.1162	26.2109248846	125.5642
3 5 9			0.02		0.17		13.57		0.35223	0.4755	65.0802252419	19.5165
3 7 1			0.01		0.18		13.42		0.3522	1.2822	71.5694631273	22.2453
0 6 14			0.01		0.2		13.22		0.35243	0.9096	81.7552219026	27.2955
4 2 2			0.01		0.21		13.11		0.35243	0.457	40.8620305525	12.2524
2 4 12			0.01		0.22		12.97		0.35344	0.2205	63.4791913795	4.8908
2 0 8			0.02		0.23		12.74		0.35346	0.1665	35.7565424018	1.5727
3 3 7			0.02		0.25		12.53		0.35344	0.1558	47.1418707618	3.5073
0 6 18			0.02		0.27		12.31		0.35341	0.7949	98.0280769063	1.8601
3 5 5			-0.06		0.21		13.13		0.35398	1.2751	56.9624934876	133.7285
3 3 9			0.02		0.22		12.9		0.35396	0.3816	52.4524123761	12.0632
5 3 1			-0.0		0.22		12.91		0.35392	0.5252	53.2386121167	32.835
1 3 13			0.01		0.23		12.79		0.35406	0.3907	59.4200243294	11.5335
2 4 2			0.01		0.24		12.72		0.35406	0.3828	40.8766170199	13.2501
4 2 10			0.01		0.25		12.58		0.35401	1.1102	57.0442200735	11.3144
2 4 0			-0.0		0.25		12.6		0.35401	1.4359	40.0960076051	88.2765
7 3 1			0.01		0.26		12.5		0.35398	0.5095	71.5359286583	22.1332
1 1 9			0.01		0.27		12.34		0.35429	0.2216	37.1193146943	1.1702
1 5 9			0.02		0.28		12.15		0.35425	0.4394	58.984264935	17.7365
0 0 16			-0.04		0.24		12.66		0.3561	1.3342	64.286058028	116.6634
2 0 2			-0.01		0.23		12.84		0.35605	0.6502	19.2320929378	35.9547
0 2 12			0.01		0.24		12.67		0.35575	0.3827	50.6142203783	17.5707
5 1 13			0.01		0.25		12.55		0.356	0.4567	71.2764535317	11.3258
5 5 3			-0.01		0.24		12.68		0.35589	0.8107	66.8760743485	64.1048
1 1 15			-0.0		0.24		12.69		0.35602	0.656	61.3839959686	20.6242
5 1 9			0.01		0.25		12.53		0.35578	0.4583	58.9619928854	19.0838
0 4 20			-0.01		0.24		12.7		0.35954	1.027	94.1654323607	18.6345
1 3 15			0.01		0.25		12.58		0.35962	0.2862	67.3623786269	8.1809
1 7 1			0.0		0.25		12.56		0.35961	0.5219	65.7901743415	26.2984
3 1 15			0.01		0.26		12.45		0.35967	0.2871	67.3554895111	7.7692
2 0 10			0.0		0.26		12.44		0.3596	0.6169	42.9543880851	20.236
6 4 6			0.01		0.27		12.29		0.35963	0.9247	71.9614498967	41.9809
5 1 1			0.0		0.28		12.28		0.35963	0.5346	46.1701152	26.7419
0 6 8			0.01		0.29		12.14		0.35954	0.7694	64.1950429677	5.6946
0 6 0			0.01		0.29		12.07		0.35954	1.4277	54.7714555341	59.4019
3 5 3			-0.02		0.27		12.33		0.35944	0.9259	54.5093201099	87.7589
4 0 0			-0.31		-0.04		17.79		0.35944	8.3901	35.6934066618	787.9925
0 2 10			0.0		-0.03		17.73		0.35936	0.4317	42.9590557724	21.0204
3 7 5			-0.0		-0.03		17.73		0.35964	1.0548	74.7470539899	89.5814
4 4 10			-0.0		-0.04		17.82		0.35986	0.6886	66.23802526	47.6672
6 2 10			-0.0		-0.04		17.86		0.36008	0.7103	71.9901825081	43.9921