HKL Value		Reward		TotalReward	Chi Squared	Z Appr. 	Error	Two-Thetas	Sfs2
5 3 7			0.0		0.0		0.0		0.3	0.2523	60.5057581853	5.4388
1 7 7			0.0		0.0		0.08		0.33542	0.4353	72.3061031614	6.1143
4 6 0			0.29		0.29		0.06		0.33542	0.7863	67.1083315067	59.4729
4 2 6			0.43		0.72		0.04		0.33544	1.6049	46.7233273538	62.1975
7 1 7			0.26		0.98		0.03		0.33563	0.3505	72.2660298289	5.0526
6 4 0			0.14		1.12		0.03		0.33563	1.8287	67.0910631577	58.6803
2 4 8			-0.02		1.1		0.03		0.33597	0.1687	51.4325245866	2.4593
5 1 7			-0.09		1.01		0.03		0.33624	0.2609	54.1000446603	4.252
3 3 3			-0.99		0.02		2.44		0.33613	0.8081	39.7679129272	70.9373
6 0 10			-0.1		-0.08		2.72		0.33638	1.0728	69.1331306246	8.9056
0 2 20			0.11		0.03		2.45		0.33658	0.4494	86.0769303832	2.8517
3 5 7			0.1		0.13		2.22		0.33656	0.2309	60.5203777188	5.6046
0 6 18			-0.27		-0.14		3.05		0.35191	0.7949	98.0280769063	1.8601
0 6 2			0.01		-0.14		3.03		0.35198	0.2356	55.3895592761	6.1752
6 0 8			0.07		-0.07		2.84		0.35233	2.9234	64.163237895	5.3359
5 5 7			0.05		-0.03		2.72		0.35226	0.6639	72.2860687267	4.3062
0 0 12			-0.6		-0.62		6.72		0.34878	3.2426	47.0346015839	274.3783
1 1 13			0.0		-0.62		6.7		0.3488	0.3722	52.9310122384	10.9703
4 6 2			0.04		-0.58		6.47		0.3488	0.2349	67.657370766	5.5969
1 5 7			0.05		-0.54		6.19		0.34876	0.6035	54.1236034243	4.2528
4 2 2			-0.01		-0.55		6.25		0.34876	0.457	40.8620305525	12.2524
6 0 2			0.03		-0.52		6.07		0.34876	0.2214	55.354768557	5.4487
0 6 16			0.03		-0.49		5.89		0.34865	0.4825	89.3859051251	7.6515
5 5 1			0.01		-0.48		5.85		0.34862	0.5073	65.769247456	23.9531
2 4 0			-0.05		-0.53		6.18		0.34862	1.4359	40.0960076051	88.2765
1 5 13			-0.01		-0.54		6.23		0.34864	1.1973	71.2966048402	12.6128
1 3 7			0.03		-0.51		6.04		0.34861	0.1893	39.2755843192	5.3372
2 0 4			-0.31		-0.82		8.71		0.34876	1.3874	23.4143586184	109.347
2 0 14			0.04		-0.78		8.42		0.34887	0.2634	58.6945218607	7.3942
0 6 10			0.02		-0.76		8.21		0.34888	0.8527	69.1637693973	8.5049
2 4 14			0.02		-0.74		8.06		0.34917	0.5221	70.6383718296	19.4111
4 2 14			0.02		-0.72		7.91		0.34946	1.2576	70.6282605877	19.9713
1 3 9			0.01		-0.71		7.83		0.35006	0.2622	45.3040218183	7.1674
2 4 2			-0.0		-0.71		7.84		0.35006	0.3828	40.8766170199	13.2501
1 3 13			0.0		-0.7		7.8		0.3501	0.3907	59.4200243294	11.5335
1 5 5			-0.18		-0.88		9.49		0.35082	1.8923	50.2743192378	127.3636
3 1 13			0.01		-0.87		9.42		0.3509	0.3869	59.4126405656	11.7895
4 6 6			0.01		-0.86		9.28		0.35136	1.1903	71.9781772466	41.9784
1 3 15			0.02		-0.84		9.08		0.35088	0.2862	67.3623786269	8.1809
2 0 8			0.02		-0.81		8.86		0.35087	0.1665	35.7565424018	1.5727
1 1 7			0.02		-0.79		8.68		0.35082	0.2012	29.7561292971	6.5386
0 4 10			-0.05		-0.84		9.11		0.35085	0.9893	53.7871001638	44.1425
0 6 6			0.02		-0.82		8.89		0.35085	1.0147	60.183190367	40.9583
3 5 9			0.02		-0.79		8.69		0.35073	0.4755	65.0802252419	19.5165
3 7 1			0.01		-0.78		8.62		0.35069	1.2822	71.5694631273	22.2453
3 1 7			0.02		-0.76		8.46		0.35065	0.257	39.2655360855	5.205
1 5 3			-0.03		-0.8		8.73		0.35055	0.9511	47.585042181	85.8034
2 4 6			0.02		-0.78		8.58		0.35039	0.785	46.7364348384	64.2552
3 3 13			0.01		-0.77		8.5		0.35043	0.5636	65.4922780779	9.1158
2 0 16			0.01		-0.76		8.45		0.35023	0.5935	67.2372591268	11.8907
9 1 1			0.01		-0.75		8.37		0.3502	0.8793	87.9915459652	19.6393
0 2 14			0.02		-0.73		8.2		0.3502	0.2479	58.6982494177	6.3292
4 0 6			-0.37		-1.1		13.04		0.34945	5.3963	42.900258124	488.2208
4 2 10			0.01		-1.09		12.87		0.34945	1.1102	57.0442200735	11.3144
1 1 5			-0.16		-1.25		15.24		0.35014	1.9661	22.8949597146	247.5537
0 6 14			0.01		-1.23		15.05		0.35048	0.9096	81.7552219026	27.2955
4 2 8			0.02		-1.22		14.79		0.35054	0.7605	51.4203212226	2.5419
0 4 20			-0.03		-1.25		15.3		0.36048	1.027	94.1654323607	18.6345
3 1 1			-0.0		-1.25		15.37		0.36045	0.5239	28.3131072915	41.7464
2 4 10			0.01		-1.24		15.22		0.36037	0.607	57.0555982332	12.0937
1 1 15			0.0		-1.24		15.15		0.36058	0.656	61.3839959686	20.6242
0 6 0			0.01		-1.23		15.01		0.36058	1.4277	54.7714555341	59.4019
3 3 15			0.02		-1.21		14.79		0.36064	0.3402	73.0835579415	3.8877
6 0 6			0.01		-1.2		14.59		0.36049	1.0815	60.1501886982	39.9969
0 4 16			0.01		-1.2		14.5		0.36132	1.5557	75.7704700384	94.8658
1 1 3			-0.0		-1.2		14.52		0.36126	0.4514	16.9416048235	36.8187
1 7 1			0.0		-1.19		14.46		0.36124	0.5219	65.7901743415	26.2984
6 2 10			-0.01		-1.2		14.55		0.36148	0.7103	71.9901825081	43.9921
2 6 4			-0.03		-1.23		15.07		0.36143	0.8772	60.3635846112	78.02
1 5 1			0.0		-1.23		15.03		0.36141	0.4978	46.196563203	27.3004
3 1 15			0.01		-1.22		14.86		0.36148	0.2871	67.3554895111	7.7692
5 5 3			-0.01		-1.23		14.98		0.36141	0.8107	66.8760743485	64.1048
4 2 0			0.0		-1.22		14.95		0.36141	0.9287	40.0811891304	86.5118
2 0 10			0.0		-1.22		14.92		0.36134	0.6169	42.9543880851	20.236
5 1 13			0.01		-1.21		14.72		0.36146	0.4567	71.2764535317	11.3258
5 3 1			0.0		-1.21		14.71		0.36144	0.5252	53.2386121167	32.835
4 0 10			-0.01		-1.21		14.8		0.36167	0.6243	53.7713327333	45.2096
0 2 10			0.0		-1.21		14.78		0.36161	0.4317	42.9590557724	21.0204
3 7 5			-0.0		-1.21		14.79		0.36184	1.0548	74.7470539899	89.5814
2 2 16			0.0		-1.21		14.74		0.36244	1.1693	70.1293332912	108.6018
2 4 12			0.01		-1.2		14.57		0.36239	0.2205	63.4791913795	4.8908
3 3 9			0.01		-1.19		14.44		0.36229	0.3816	52.4524123761	12.0632
2 0 0			-0.03		-1.22		14.83		0.36229	2.02	17.6289686615	175.6782
2 2 10			-0.0		-1.22		14.9		0.36248	0.6429	46.7739448495	44.8949
1 5 9			0.01		-1.21		14.79		0.36234	0.4394	58.984264935	17.7365
4 2 12			0.01		-1.2		14.63		0.36228	0.2244	63.468523569	4.7972
0 0 16			0.0		-1.2		14.59		0.36284	1.3342	64.286058028	116.6634
5 1 1			0.0		-1.2		14.56		0.36283	0.5346	46.1701152	26.7419
4 4 10			-0.01		-1.2		14.64		0.36301	0.6886	66.23802526	47.6672
3 3 7			0.01		-1.19		14.49		0.36302	0.1558	47.1418707618	3.5073
7 3 5			0.0		-1.19		14.47		0.36316	1.0496	74.7140851895	88.0788
7 1 5			-0.01		-1.2		14.59		0.36334	1.5264	69.0427278305	98.726
1 1 11			-0.1		-1.3		16.17		0.36336	2.144	44.8525636461	378.5934
0 6 4			-0.0		-1.3		16.25		0.36338	0.6675	57.2171401797	42.9768