HKL Value		Reward		TotalReward	Chi Squared	Z Appr. 	Error	Two-Thetas	Sfs2
5 3 7			0.0		0.0		0.0		0.3	0.2523	60.5057581853	5.4388
1 7 7			0.0		0.0		0.08		0.33542	0.4353	72.3061031614	6.1143
4 6 0			0.29		0.29		0.06		0.33542	0.7863	67.1083315067	59.4729
4 2 6			0.43		0.72		0.04		0.33544	1.6049	46.7233273538	62.1975
0 4 2			-1.0		-0.28		24.62		0.35264	3.2657	36.5744795411	137.7475
7 1 7			0.24		-0.04		19.92		0.33906	0.3505	72.2660298289	5.0526
6 4 0			0.2		0.16		16.6		0.33906	1.8287	67.0910631577	58.6803
2 4 8			0.17		0.33		14.25		0.33788	0.1687	51.4325245866	2.4593
0 2 20			0.14		0.47		12.48		0.33696	0.4494	86.0769303832	2.8517
5 1 7			0.12		0.59		11.09		0.33698	0.2609	54.1000446603	4.252
4 4 2			-0.43		0.16		19.46		0.33761	1.2125	52.0311030722	128.6454
3 5 7			0.1		0.26		17.69		0.33747	0.2309	60.5203777188	5.6046
5 5 7			0.09		0.35		16.23		0.33768	0.6639	72.2860687267	4.3062
4 0 10			-0.01		0.34		16.46		0.33624	0.6243	53.7713327333	45.2096
3 3 7			0.07		0.41		15.32		0.33649	0.1558	47.1418707618	3.5073
1 5 5			-0.24		0.18		20.03		0.33817	1.8923	50.2743192378	127.3636
1 5 7			0.07		0.24		18.78		0.33807	0.6035	54.1236034243	4.2528
1 3 7			0.06		0.31		17.67		0.33797	0.1893	39.2755843192	5.3372
1 1 7			0.06		0.37		16.69		0.33797	0.2012	29.7561292971	6.5386
2 0 14			0.05		0.41		15.96		0.33707	0.2634	58.6945218607	7.3942
6 0 8			0.05		0.46		15.25		0.33682	2.9234	64.163237895	5.3359
0 2 14			0.04		0.5		14.6		0.33634	0.2479	58.6982494177	6.3292
0 6 2			0.04		0.54		14.08		0.33634	0.2356	55.3895592761	6.1752
6 0 2			0.04		0.58		13.58		0.33634	0.2214	55.354768557	5.4487
1 3 1			-0.01		0.57		13.68		0.33624	0.5324	28.3265170018	42.1271
1 5 11			-0.02		0.55		13.93		0.36469	1.8219	64.7342781598	204.7444
2 0 8			0.04		0.59		13.41		0.36457	0.1665	35.7565424018	1.5727
4 2 8			0.02		0.61		13.1		0.36405	0.7605	51.4203212226	2.5419
7 3 3			-0.02		0.59		13.42		0.36382	1.9283	72.601334037	69.5466
4 4 8			-0.17		0.42		16.11		0.36481	3.9407	61.1479986878	218.5721
3 1 7			0.03		0.45		15.61		0.36485	0.257	39.2655360855	5.205
5 5 1			0.02		0.47		15.32		0.36481	0.5073	65.769247456	23.9531
0 6 18			0.03		0.5		14.86		0.36484	0.7949	98.0280769063	1.8601
4 6 2			0.03		0.53		14.49		0.36485	0.2349	67.657370766	5.5969
1 5 13			0.03		0.56		14.07		0.36467	1.1973	71.2966048402	12.6128
0 6 10			0.02		0.58		13.8		0.36466	0.8527	69.1637693973	8.5049
6 0 6			0.02		0.6		13.55		0.36436	1.0815	60.1501886982	39.9969
4 2 14			0.02		0.62		13.27		0.36404	1.2576	70.6282605877	19.9713
4 2 2			0.01		0.63		13.1		0.36406	0.457	40.8620305525	12.2524
2 0 4			-0.1		0.53		14.61		0.36417	1.3874	23.4143586184	109.347
3 1 13			0.03		0.55		14.25		0.36407	0.3869	59.4126405656	11.7895
0 6 6			0.02		0.57		14.02		0.3638	1.0147	60.183190367	40.9583
6 2 8			-0.11		0.46		15.71		0.36444	3.3751	67.1207225085	222.106
6 0 12			0.02		0.49		15.35		0.36444	0.5892	74.995462768	0.9301
1 1 9			0.02		0.51		15.01		0.36444	0.2216	37.1193146943	1.1702
6 4 6			0.02		0.53		14.68		0.36437	0.9247	71.9614498967	41.9809
2 4 6			0.0		0.53		14.63		0.36401	0.785	46.7364348384	64.2552
2 4 12			0.02		0.55		14.36		0.36394	0.2205	63.4791913795	4.8908
7 1 3			-0.02		0.53		14.68		0.36379	1.4031	66.8553232335	91.2915
2 4 14			0.02		0.55		14.43		0.36356	0.5221	70.6383718296	19.4111
0 6 8			0.02		0.57		14.2		0.36332	0.7694	64.1950429677	5.6946
2 4 4			-0.03		0.53		14.68		0.3634	0.8182	43.1484985256	64.6996
6 0 10			0.01		0.54		14.5		0.36337	1.0728	69.1331306246	8.9056
0 6 14			0.01		0.56		14.3		0.36306	0.9096	81.7552219026	27.2955
1 1 13			0.02		0.58		14.03		0.36308	0.3722	52.9310122384	10.9703
4 0 4			-0.05		0.53		14.72		0.36302	1.2165	39.0343929222	79.1487
3 3 13			0.02		0.55		14.46		0.3629	0.5636	65.4922780779	9.1158
2 0 16			0.02		0.57		14.21		0.363	0.5935	67.2372591268	11.8907
4 0 8			-0.1		0.47		15.81		0.3635	2.9483	47.8850437629	244.3799
3 7 1			0.01		0.48		15.65		0.36349	1.2822	71.5694631273	22.2453
2 2 4			-0.04		0.44		16.23		0.36345	0.7551	29.4672289371	73.6026
5 3 9			0.01		0.45		16.14		0.36327	0.4833	65.0662013285	20.8409
1 3 13			0.02		0.46		15.88		0.36328	0.3907	59.4200243294	11.5335
2 4 10			0.01		0.47		15.74		0.36325	0.607	57.0555982332	12.0937
5 1 13			0.02		0.49		15.5		0.36325	0.4567	71.2764535317	11.3258
1 1 17			-0.08		0.41		16.8		0.36161	2.447	70.2810461715	248.4175
5 3 1			0.0		0.41		16.75		0.36158	0.5252	53.2386121167	32.835
0 2 8			0.02		0.43		16.51		0.36156	0.1155	35.7619852008	1.7384
1 5 9			0.01		0.44		16.33		0.36132	0.4394	58.984264935	17.7365
6 4 2			0.01		0.45		16.12		0.36132	0.2211	67.6401768609	4.8049
0 6 16			0.01		0.46		15.9		0.36143	0.4825	89.3859051251	7.6515
0 2 18			0.01		0.48		15.69		0.36143	0.3755	76.3208597895	3.7538
9 1 1			0.01		0.49		15.54		0.36141	0.8793	87.9915459652	19.6393
2 4 2			0.01		0.49		15.44		0.36141	0.3828	40.8766170199	13.2501
3 3 9			0.01		0.5		15.28		0.36126	0.3816	52.4524123761	12.0632
1 3 15			0.01		0.51		15.12		0.36133	0.2862	67.3623786269	8.1809
5 1 9			0.01		0.52		14.99		0.3611	0.4583	58.9619928854	19.0838
0 2 12			0.01		0.53		14.87		0.36081	0.3827	50.6142203783	17.5707
3 5 9			0.01		0.54		14.77		0.36053	0.4755	65.0802252419	19.5165
7 3 1			0.01		0.55		14.66		0.3605	0.5095	71.5359286583	22.1332
0 4 20			0.01		0.55		14.53		0.36139	1.027	94.1654323607	18.6345
0 6 0			0.01		0.56		14.43		0.36139	1.4277	54.7714555341	59.4019
4 6 6			0.01		0.57		14.26		0.36139	1.1903	71.9781772466	41.9784
4 2 10			0.01		0.58		14.16		0.36136	1.1102	57.0442200735	11.3144
0 2 22			-0.01		0.58		14.23		0.36163	1.8317	96.7387030121	97.213
3 1 15			0.01		0.58		14.1		0.36168	0.2871	67.3554895111	7.7692
1 1 15			0.0		0.59		14.06		0.36176	0.656	61.3839959686	20.6242
0 2 16			0.01		0.6		13.91		0.36192	1.8687	67.2407114996	13.8307
2 6 0			-0.18		0.42		16.89		0.36192	4.3567	58.0028534629	558.9791
1 7 1			0.0		0.43		16.82		0.3619	0.5219	65.7901743415	26.2984
3 1 9			0.01		0.44		16.66		0.36183	0.36	45.2950695798	8.7768
7 3 5			0.0		0.44		16.64		0.36198	1.0496	74.7140851895	88.0788
2 6 2			-0.04		0.4		17.36		0.36206	1.2892	58.5985395934	134.3564
4 0 6			-0.15		0.25		20.35		0.36158	5.3963	42.900258124	488.2208
0 0 20			0.0		0.25		20.32		0.3627	0.4542	83.3712939521	4.3689
0 0 18			0.01		0.26		20.17		0.36274	0.6609	73.530655613	37.988
1 1 3			0.0		0.26		20.12		0.36271	0.4514	16.9416048235	36.8187
5 1 1			0.0		0.26		20.04		0.36271	0.5346	46.1701152	26.7419
6 2 10			0.0		0.26		20.02		0.36282	0.7103	71.9901825081	43.9921
1 5 1			0.0		0.27		19.94		0.36281	0.4978	46.196563203	27.3004
3 3 15			0.01		0.28		19.75		0.36282	0.3402	73.0835579415	3.8877
4 4 12			-0.01		0.27		20.01		0.36253	1.9475	72.2035773977	130.2426