HKL Value		Reward		TotalReward	Chi Squared	Z Appr. 	Error	Two-Thetas	Sfs2
5 3 7			0.0		0.0		0.0		0.3	0.2523	60.5057581853	5.4388
1 7 7			0.0		0.0		0.08		0.33542	0.4353	72.3061031614	6.1143
4 6 0			0.29		0.29		0.06		0.33542	0.7863	67.1083315067	59.4729
7 3 3			-0.99		-0.7		5.43		0.33525	1.9283	72.601334037	69.5466
4 2 6			0.33		-0.37		4.07		0.33527	1.6049	46.7233273538	62.1975
0 2 0			-0.68		-1.05		12.76		0.33527	1.4407	17.6394681947	177.2483
7 1 7			0.2		-0.85		10.63		0.3355	0.3505	72.2660298289	5.0526
6 4 0			0.17		-0.68		9.11		0.3355	1.8287	67.0910631577	58.6803
2 4 8			0.14		-0.54		7.98		0.33586	0.1687	51.4325245866	2.4593
5 3 3			-0.24		-0.78		10.47		0.33574	0.9351	54.4936931553	89.9375
0 2 20			0.11		-0.67		9.44		0.33639	0.4494	86.0769303832	2.8517
5 1 7			0.1		-0.57		8.58		0.33645	0.2609	54.1000446603	4.252
6 2 10			-0.08		-0.64		9.28		0.33547	0.7103	71.9901825081	43.9921
3 5 7			0.08		-0.56		8.57		0.3355	0.2309	60.5203777188	5.6046
5 5 7			0.07		-0.49		7.99		0.33568	0.6639	72.2860687267	4.3062
1 5 7			0.07		-0.42		7.46		0.33575	0.6035	54.1236034243	4.2528
1 3 7			0.07		-0.35		7.0		0.33582	0.1893	39.2755843192	5.3372
2 0 14			0.05		-0.3		6.68		0.33547	0.2634	58.6945218607	7.3942
0 6 2			0.03		-0.27		6.48		0.33546	0.2356	55.3895592761	6.1752
4 4 2			-0.42		-0.69		11.16		0.33564	1.2125	52.0311030722	128.6454
2 2 0			-0.74		-1.43		43.09		0.33564	11.1953	25.0390113278	1035.9387
4 6 2			0.05		-1.39		41.13		0.33561	0.2349	67.657370766	5.5969
6 0 2			0.04		-1.34		39.38		0.3356	0.2214	55.354768557	5.4487
6 0 8			0.04		-1.3		37.73		0.33547	2.9234	64.163237895	5.3359
2 4 6			0.04		-1.25		36.16		0.33546	0.785	46.7364348384	64.2552
0 0 10			0.02		-1.23		35.35		0.33487	0.8316	38.8438017949	41.7013
1 1 7			0.04		-1.19		34.0		0.33497	0.2012	29.7561292971	6.5386
0 2 14			0.04		-1.15		32.76		0.33479	0.2479	58.6982494177	6.3292
1 3 9			-0.0		-1.16		32.88		0.33505	0.2622	45.3040218183	7.1674
1 1 13			0.03		-1.13		31.86		0.33475	0.3722	52.9310122384	10.9703
1 5 13			0.03		-1.1		30.94		0.33443	1.1973	71.2966048402	12.6128
2 4 14			0.02		-1.07		30.28		0.33409	0.5221	70.6383718296	19.4111
3 1 7			0.03		-1.04		29.35		0.3342	0.257	39.2655360855	5.205
2 6 6			-0.09		-1.13		32.2		0.33416	5.383	63.2392339525	346.2148
1 1 3			0.02		-1.11		31.61		0.33416	0.4514	16.9416048235	36.8187
0 0 20			0.03		-1.08		30.72		0.33395	0.4542	83.3712939521	4.3689
4 2 14			0.02		-1.07		30.16		0.33371	1.2576	70.6282605877	19.9713
0 4 18			-0.21		-1.27		38.12		0.34324	0.8369	84.5238780681	17.4513
3 1 11			-0.09		-1.36		41.84		0.34454	2.3814	52.0481274199	292.2152
4 0 6			-0.11		-1.47		47.13		0.34409	5.3963	42.900258124	488.2208