HKL Value		Reward		TotalReward	Chi Squared	Z Appr. 	Error	Two-Thetas	Sfs2
5 3 7			0.0		0.0		0.0		0.3	0.2523	60.5057581853	5.4388
1 7 7			0.0		0.0		0.08		0.33542	0.4353	72.3061031614	6.1143
4 6 0			0.29		0.29		0.06		0.33542	0.7863	67.1083315067	59.4729
4 2 6			0.43		0.72		0.04		0.33544	1.6049	46.7233273538	62.1975
7 1 7			0.26		0.98		0.03		0.33563	0.3505	72.2660298289	5.0526
6 4 0			0.14		1.12		0.03		0.33563	1.8287	67.0910631577	58.6803
2 0 12			-0.98		0.14		1.47		0.353	0.8079	50.6101057273	16.6151
0 2 20			0.13		0.27		1.3		0.35354	0.4494	86.0769303832	2.8517
2 4 8			0.14		0.41		1.14		0.35361	0.1687	51.4325245866	2.4593
6 2 6			-0.93		-0.52		17.0		0.34978	3.9921	63.2107357729	344.5633
5 1 7			0.1		-0.42		15.42		0.34965	0.2609	54.1000446603	4.252
0 4 10			-0.06		-0.48		16.43		0.3496	0.9893	53.7871001638	44.1425
3 5 7			0.08		-0.4		15.2		0.34939	0.2309	60.5203777188	5.6046
5 5 7			0.08		-0.32		14.09		0.34922	0.6639	72.2860687267	4.3062
3 3 7			0.07		-0.25		13.13		0.34908	0.1558	47.1418707618	3.5073
1 5 7			0.06		-0.18		12.33		0.3489	0.6035	54.1236034243	4.2528
1 3 7			0.06		-0.13		11.64		0.34869	0.1893	39.2755843192	5.3372
0 6 2			0.05		-0.08		11.13		0.34876	0.2356	55.3895592761	6.1752
2 0 14			0.06		-0.02		10.53		0.34938	0.2634	58.6945218607	7.3942
4 6 2			0.04		0.02		10.11		0.34934	0.2349	67.657370766	5.5969
2 0 8			0.05		0.07		9.63		0.3492	0.1665	35.7565424018	1.5727
6 0 2			0.04		0.11		9.29		0.34926	0.2214	55.354768557	5.4487
6 0 12			-0.03		0.08		9.57		0.35526	0.5892	74.995462768	0.9301
9 1 1			0.02		0.1		9.35		0.35522	0.8793	87.9915459652	19.6393
1 1 7			0.03		0.13		9.04		0.3552	0.2012	29.7561292971	6.5386
6 0 8			0.04		0.18		8.67		0.35521	2.9234	64.163237895	5.3359
0 2 14			0.04		0.21		8.37		0.35512	0.2479	58.6982494177	6.3292
1 5 13			0.01		0.22		8.28		0.35543	1.1973	71.2966048402	12.6128
4 2 8			0.04		0.26		7.98		0.35538	0.7605	51.4203212226	2.5419
0 6 18			0.03		0.29		7.72		0.35528	0.7949	98.0280769063	1.8601
3 1 7			0.03		0.32		7.52		0.35527	0.257	39.2655360855	5.205
2 4 14			0.03		0.35		7.29		0.35533	0.5221	70.6383718296	19.4111
4 2 14			0.03		0.38		7.09		0.3554	1.2576	70.6282605877	19.9713
1 1 13			0.01		0.39		7.01		0.35571	0.3722	52.9310122384	10.9703
0 6 10			0.02		0.41		6.9		0.3556	0.8527	69.1637693973	8.5049
3 3 3			-0.06		0.35		7.34		0.35544	0.8081	39.7679129272	70.9373
3 1 13			0.01		0.36		7.28		0.35578	0.3869	59.4126405656	11.7895
6 0 6			0.03		0.38		7.1		0.35564	1.0815	60.1501886982	39.9969
0 6 6			0.02		0.41		6.93		0.35548	1.0147	60.183190367	40.9583
3 3 13			0.01		0.42		6.83		0.35579	0.5636	65.4922780779	9.1158
6 0 10			0.01		0.43		6.75		0.35568	1.0728	69.1331306246	8.9056
2 4 6			0.01		0.44		6.69		0.3553	0.785	46.7364348384	64.2552
5 5 1			0.0		0.45		6.66		0.35525	0.5073	65.769247456	23.9531
4 4 12			-0.03		0.41		6.91		0.35386	1.9475	72.2035773977	130.2426
1 5 3			-0.05		0.37		7.24		0.35376	0.9511	47.585042181	85.8034
2 0 16			0.0		0.37		7.24		0.35374	0.5935	67.2372591268	11.8907
2 4 10			0.01		0.37		7.19		0.35369	0.607	57.0555982332	12.0937
3 5 9			0.02		0.39		7.06		0.3535	0.4755	65.0802252419	19.5165
4 0 10			-0.06		0.33		7.48		0.35359	0.6243	53.7713327333	45.2096
0 2 2			-0.05		0.29		7.85		0.35355	0.4614	19.2417464495	36.8131
0 6 14			0.01		0.3		7.74		0.35369	0.9096	81.7552219026	27.2955
0 2 6			-0.04		0.26		8.04		0.3533	1.1672	29.1471999487	131.5155
1 1 3			-0.01		0.25		8.16		0.35324	0.4514	16.9416048235	36.8187
1 5 9			0.02		0.27		8.0		0.35324	0.4394	58.984264935	17.7365
3 7 1			0.01		0.27		7.96		0.35323	1.2822	71.5694631273	22.2453
0 4 18			0.01		0.29		7.87		0.35375	0.8369	84.5238780681	17.4513
1 1 9			0.01		0.3		7.76		0.354	0.2216	37.1193146943	1.1702
2 4 12			0.01		0.31		7.67		0.3544	0.2205	63.4791913795	4.8908
6 4 6			0.01		0.32		7.58		0.35452	0.9247	71.9614498967	41.9809
5 1 13			0.01		0.33		7.54		0.35463	0.4567	71.2764535317	11.3258
0 6 16			0.01		0.34		7.48		0.35463	0.4825	89.3859051251	7.6515
2 4 2			-0.0		0.34		7.49		0.35464	0.3828	40.8766170199	13.2501
1 3 13			0.0		0.34		7.46		0.35477	0.3907	59.4200243294	11.5335
1 3 1			-0.02		0.32		7.63		0.35474	0.5324	28.3265170018	42.1271
2 0 4			-0.12		0.2		8.69		0.35485	1.3874	23.4143586184	109.347
0 6 8			0.02		0.21		8.56		0.35487	0.7694	64.1950429677	5.6946
3 1 15			0.01		0.22		8.49		0.35478	0.2871	67.3554895111	7.7692
0 4 20			-0.05		0.17		8.91		0.35901	1.027	94.1654323607	18.6345
0 0 6			-0.39		-0.22		14.56		0.35763	7.4326	23.0169618987	709.6598
3 3 9			0.01		-0.2		14.36		0.35745	0.3816	52.4524123761	12.0632
4 4 10			-0.01		-0.22		14.54		0.35768	0.6886	66.23802526	47.6672
5 1 9			0.01		-0.2		14.37		0.35745	0.4583	58.9619928854	19.0838
3 3 1			0.0		-0.2		14.35		0.35741	0.5106	38.1558496662	33.1617
4 2 10			0.01		-0.19		14.22		0.35733	1.1102	57.0442200735	11.3144
4 2 2			0.01		-0.19		14.13		0.35733	0.457	40.8620305525	12.2524
4 6 6			0.01		-0.17		13.95		0.35744	1.1903	71.9781772466	41.9784
2 0 10			0.0		-0.17		13.92		0.35736	0.6169	42.9543880851	20.236
6 4 4			-0.0		-0.17		13.93		0.35742	0.6669	69.2748711385	33.991
1 3 15			0.01		-0.16		13.8		0.35746	0.2862	67.3623786269	8.1809
5 1 5			-0.04		-0.2		14.33		0.358	1.1901	50.2495039981	127.1383
0 4 0			-0.3		-0.5		20.45		0.358	6.137	35.7152072575	818.959
0 6 0			0.01		-0.49		20.28		0.358	1.4277	54.7714555341	59.4019
0 2 12			0.01		-0.48		20.06		0.3577	0.3827	50.6142203783	17.5707
1 1 15			0.0		-0.48		19.98		0.35787	0.656	61.3839959686	20.6242
0 0 16			-0.01		-0.48		20.08		0.35941	1.3342	64.286058028	116.6634
2 2 14			-0.0		-0.48		20.1		0.35923	1.0835	61.7979105177	101.9829
0 2 8			0.01		-0.47		19.86		0.35923	0.1155	35.7619852008	1.7384
6 2 8			-0.04		-0.51		20.73		0.35987	3.3751	67.1207225085	222.106
1 7 1			0.01		-0.51		20.62		0.35986	0.5219	65.7901743415	26.2984
0 0 18			0.01		-0.5		20.46		0.35977	0.6609	73.530655613	37.988
6 4 2			0.01		-0.49		20.25		0.35977	0.2211	67.6401768609	4.8049
1 5 5			-0.02		-0.5		20.6		0.36017	1.8923	50.2743192378	127.3636
1 3 11			-0.05		-0.55		21.68		0.36047	2.4293	52.0561920156	298.4303
1 3 5			-0.03		-0.59		22.4		0.36089	3.1323	34.189462707	190.138