HKL Value		Reward		TotalReward	Chi Squared	Z Appr. 	Error	Two-Thetas	Sfs2
5 3 7			0.0		0.0		0.0		0.3	0.2523	60.5057581853	5.4388
1 7 7			0.0		0.0		0.08		0.33542	0.4353	72.3061031614	6.1143
2 4 6			0.52		0.52		0.05		0.33538	0.785	46.7364348384	64.2552
4 6 0			0.06		0.57		0.05		0.33538	0.7863	67.1083315067	59.4729
6 2 2			-1.0		-0.42		23.93		0.35035	3.3001	58.5687226088	135.1206
4 2 6			0.25		-0.18		19.21		0.34228	1.6049	46.7233273538	62.1975
7 1 7			0.2		0.02		16.07		0.33877	0.3505	72.2660298289	5.0526
6 4 0			0.17		0.18		13.77		0.33877	1.8287	67.0910631577	58.6803
0 2 20			0.14		0.32		12.08		0.33699	0.4494	86.0769303832	2.8517
2 4 8			0.12		0.45		10.73		0.33695	0.1687	51.4325245866	2.4593
5 1 7			0.11		0.56		9.66		0.33698	0.2609	54.1000446603	4.252
3 5 7			0.1		0.66		8.78		0.33692	0.2309	60.5203777188	5.6046
5 5 7			0.09		0.75		8.07		0.33711	0.6639	72.2860687267	4.3062
2 0 8			0.05		0.8		7.67		0.34212	0.1665	35.7565424018	1.5727
3 3 7			0.08		0.88		7.12		0.34183	0.1558	47.1418707618	3.5073
1 1 15			0.07		0.95		6.65		0.34063	0.656	61.3839959686	20.6242
1 5 7			0.06		1.01		6.25		0.34035	0.6035	54.1236034243	4.2528
1 1 7			0.06		1.07		5.89		0.34011	0.2012	29.7561292971	6.5386
1 3 7			0.06		1.13		5.57		0.33987	0.1893	39.2755843192	5.3372
6 0 8			0.03		1.16		5.4		0.33955	2.9234	64.163237895	5.3359
2 0 14			0.02		1.18		5.31		0.33881	0.2634	58.6945218607	7.3942
5 3 9			0.02		1.2		5.22		0.34089	0.4833	65.0662013285	20.8409
0 6 2			0.02		1.22		5.12		0.34098	0.2356	55.3895592761	6.1752
0 6 18			-0.07		1.15		5.51		0.35082	0.7949	98.0280769063	1.8601
0 2 14			0.04		1.19		5.28		0.35077	0.2479	58.6982494177	6.3292
6 0 2			0.02		1.21		5.17		0.35081	0.2214	55.354768557	5.4487
4 6 2			0.02		1.23		5.07		0.35079	0.2349	67.657370766	5.5969
1 5 1			-0.04		1.19		5.29		0.35071	0.4978	46.196563203	27.3004
1 3 1			-0.08		1.11		5.75		0.35061	0.5324	28.3265170018	42.1271
3 1 7			0.03		1.14		5.6		0.35055	0.257	39.2655360855	5.205
4 2 8			0.03		1.17		5.42		0.35066	0.7605	51.4203212226	2.5419
1 5 13			-0.01		1.16		5.48		0.35078	1.1973	71.2966048402	12.6128
2 4 14			0.02		1.18		5.37		0.35132	0.5221	70.6383718296	19.4111
4 2 14			0.02		1.2		5.27		0.35189	1.2576	70.6282605877	19.9713
0 6 10			0.01		1.21		5.19		0.35182	0.8527	69.1637693973	8.5049
2 4 10			0.0		1.22		5.18		0.35175	0.607	57.0555982332	12.0937
0 2 2			-0.1		1.12		5.75		0.35162	0.4614	19.2417464495	36.8131
6 0 6			0.03		1.14		5.59		0.35161	1.0815	60.1501886982	39.9969
3 1 13			-0.0		1.14		5.62		0.3518	0.3869	59.4126405656	11.7895
2 2 10			-0.09		1.05		6.18		0.35199	0.6429	46.7739448495	44.8949
6 0 12			-0.0		1.05		6.19		0.35731	0.5892	74.995462768	0.9301