HKL Value		Reward		TotalReward	Chi Squared	Z Appr. 	Error	Two-Thetas	Sfs2
5 3 7			0.0		0.0		0.0		0.3	0.2523	60.5057581853	5.4388
1 7 7			0.0		0.0		0.08		0.33542	0.4353	72.3061031614	6.1143
4 6 0			0.29		0.29		0.06		0.33542	0.7863	67.1083315067	59.4729
2 2 4			-1.0		-0.71		11.97		0.3316	0.7551	29.4672289371	73.6026
4 2 6			0.33		-0.37		8.98		0.3316	1.6049	46.7233273538	62.1975
9 1 1			0.16		-0.21		7.71		0.33133	0.8793	87.9915459652	19.6393
7 1 7			0.18		-0.03		6.55		0.33257	0.3505	72.2660298289	5.0526
6 4 0			0.17		0.13		5.61		0.33257	1.8287	67.0910631577	58.6803
2 4 8			0.12		0.26		5.0		0.33365	0.1687	51.4325245866	2.4593
0 2 20			0.09		0.35		4.58		0.33579	0.4494	86.0769303832	2.8517
5 1 7			0.11		0.46		4.13		0.33586	0.2609	54.1000446603	4.252
0 2 10			-0.18		0.28		5.03		0.33598	0.4317	42.9590557724	21.0204
3 5 7			0.09		0.37		4.61		0.33599	0.2309	60.5203777188	5.6046
5 5 7			0.08		0.45		4.29		0.33618	0.6639	72.2860687267	4.3062
0 6 2			0.02		0.47		4.2		0.33617	0.2356	55.3895592761	6.1752
6 0 8			0.04		0.51		4.03		0.33597	2.9234	64.163237895	5.3359
1 5 7			0.07		0.57		3.78		0.33603	0.6035	54.1236034243	4.2528
6 0 2			0.02		0.59		3.71		0.33603	0.2214	55.354768557	5.4487
2 0 14			0.03		0.62		3.6		0.33562	0.2634	58.6945218607	7.3942
0 6 18			-0.17		0.45		4.33		0.35182	0.7949	98.0280769063	1.8601
6 0 6			0.05		0.51		4.12		0.35179	1.0815	60.1501886982	39.9969
1 3 7			0.03		0.54		3.99		0.35172	0.1893	39.2755843192	5.3372
4 6 2			0.02		0.55		3.93		0.3517	0.2349	67.657370766	5.5969
1 5 13			-0.03		0.52		4.07		0.35197	1.1973	71.2966048402	12.6128
6 2 0			-0.74		-0.22		15.66		0.35197	4.3933	57.9728440251	566.5186
0 6 8			0.04		-0.18		15.05		0.35235	0.7694	64.1950429677	5.6946
1 1 13			0.02		-0.16		14.7		0.3528	0.3722	52.9310122384	10.9703
2 4 14			0.04		-0.12		14.19		0.35346	0.5221	70.6383718296	19.4111
4 2 14			0.03		-0.09		13.72		0.35401	1.2576	70.6282605877	19.9713
2 0 8			0.03		-0.05		13.26		0.35417	0.1665	35.7565424018	1.5727
0 6 10			0.03		-0.02		12.92		0.3539	0.8527	69.1637693973	8.5049
4 6 6			0.03		0.0		12.57		0.35502	1.1903	71.9781772466	41.9784
5 5 1			0.02		0.02		12.35		0.35484	0.5073	65.769247456	23.9531
1 3 13			0.02		0.04		12.13		0.35616	0.3907	59.4200243294	11.5335
3 1 13			0.02		0.06		11.88		0.35923	0.3869	59.4126405656	11.7895
0 6 16			0.03		0.09		11.57		0.36056	0.4825	89.3859051251	7.6515
4 2 8			0.02		0.11		11.3		0.35988	0.7605	51.4203212226	2.5419
2 4 10			0.01		0.12		11.16		0.35945	0.607	57.0555982332	12.0937
0 2 14			0.03		0.15		10.89		0.35979	0.2479	58.6982494177	6.3292
1 1 7			0.02		0.17		10.66		0.35985	0.2012	29.7561292971	6.5386
0 6 6			0.02		0.19		10.44		0.35878	1.0147	60.183190367	40.9583
3 3 13			0.02		0.21		10.21		0.35989	0.5636	65.4922780779	9.1158
3 1 7			0.02		0.23		10.01		0.35993	0.257	39.2655360855	5.205
2 0 16			0.02		0.25		9.83		0.36084	0.5935	67.2372591268	11.8907
6 0 10			0.01		0.26		9.7		0.36073	1.0728	69.1331306246	8.9056
2 4 2			0.0		0.27		9.66		0.36074	0.3828	40.8766170199	13.2501
3 7 1			0.01		0.28		9.59		0.3607	1.2822	71.5694631273	22.2453
4 4 0			-0.41		-0.14		16.33		0.3607	4.9852	51.3853572345	648.027
3 5 9			0.01		-0.12		16.14		0.35992	0.4755	65.0802252419	19.5165
0 4 10			-0.01		-0.13		16.25		0.36077	0.9893	53.7871001638	44.1425
2 4 6			0.01		-0.12		16.09		0.35998	0.785	46.7364348384	64.2552
2 4 12			0.02		-0.1		15.78		0.35952	0.2205	63.4791913795	4.8908
0 6 14			0.02		-0.09		15.52		0.35911	0.9096	81.7552219026	27.2955
4 2 2			0.01		-0.07		15.36		0.35913	0.457	40.8620305525	12.2524
4 2 10			0.01		-0.06		15.18		0.35863	1.1102	57.0442200735	11.3144
3 1 15			0.01		-0.05		14.97		0.35916	0.2871	67.3554895111	7.7692
3 3 3			-0.01		-0.06		15.13		0.35829	0.8081	39.7679129272	70.9373
3 3 7			0.02		-0.04		14.87		0.35829	0.1558	47.1418707618	3.5073
5 3 9			0.01		-0.03		14.68		0.35455	0.4833	65.0662013285	20.8409
5 1 13			0.01		-0.02		14.51		0.35567	0.4567	71.2764535317	11.3258
4 2 12			0.02		-0.0		14.27		0.35732	0.2244	63.468523569	4.7972
0 2 12			0.02		0.01		14.06		0.35599	0.3827	50.6142203783	17.5707
7 3 3			-0.01		0.01		14.15		0.35568	1.9283	72.601334037	69.5466
4 0 10			-0.01		-0.0		14.33		0.3563	0.6243	53.7713327333	45.2096
3 3 9			0.02		0.01		14.11		0.35587	0.3816	52.4524123761	12.0632
4 2 0			0.0		0.01		14.09		0.35587	0.9287	40.0811891304	86.5118
3 1 11			-0.1		-0.09		15.71		0.35907	2.3814	52.0481274199	292.2152
1 5 9			0.01		-0.08		15.5		0.35831	0.4394	58.984264935	17.7365
1 1 15			0.0		-0.07		15.46		0.35896	0.656	61.3839959686	20.6242
1 7 1			0.0		-0.07		15.39		0.35891	0.5219	65.7901743415	26.2984
1 5 1			0.0		-0.07		15.34		0.35881	0.4978	46.196563203	27.3004
0 4 20			0.01		-0.06		15.23		0.36111	1.027	94.1654323607	18.6345
0 2 8			0.01		-0.05		15.02		0.36111	0.1155	35.7619852008	1.7384
1 3 3			-0.01		-0.05		15.14		0.36104	0.7045	30.3940112777	66.1614
2 0 10			0.0		-0.05		15.1		0.36096	0.6169	42.9543880851	20.236
1 1 9			0.01		-0.04		14.9		0.36094	0.2216	37.1193146943	1.1702
5 1 1			0.0		-0.03		14.86		0.36092	0.5346	46.1701152	26.7419
2 2 16			0.0		-0.03		14.84		0.36171	1.1693	70.1293332912	108.6018
0 0 16			0.0		-0.03		14.83		0.36236	1.3342	64.286058028	116.6634
7 3 5			0.0		-0.03		14.82		0.36253	1.0496	74.7140851895	88.0788
0 4 16			0.01		-0.02		14.68		0.36284	1.5557	75.7704700384	94.8658
1 3 15			0.01		-0.01		14.54		0.36288	0.2862	67.3623786269	8.1809
4 4 10			-0.01		-0.02		14.62		0.36305	0.6886	66.23802526	47.6672
1 3 1			-0.0		-0.02		14.68		0.36304	0.5324	28.3265170018	42.1271
2 2 2			-0.05		-0.08		15.52		0.3631	1.1162	26.2109248846	125.5642