HKL Value		Reward		TotalReward	Chi Squared	Z Appr. 	Error	Two-Thetas	Sfs2
1 7 7			0.0		0.0		0.0		0.3	0.4353	72.3061031614	6.1143
5 3 7			0.0		0.0		0.08		0.33542	0.2523	60.5057581853	5.4388
4 6 0			0.29		0.29		0.06		0.33542	0.7863	67.1083315067	59.4729
0 0 22			-0.99		-0.71		10.56		0.32476	2.2765	94.0325860765	137.6091
7 1 7			0.05		-0.66		10.06		0.32592	0.3505	72.2660298289	5.0526
4 2 6			0.25		-0.41		8.06		0.32592	1.6049	46.7233273538	62.1975
5 1 5			-0.65		-1.05		22.73		0.32629	1.1901	50.2495039981	127.1383
1 1 13			0.15		-0.9		19.7		0.32694	0.3722	52.9310122384	10.9703
2 4 8			0.09		-0.81		18.03		0.32758	0.1687	51.4325245866	2.4593
5 1 7			0.08		-0.72		16.66		0.32831	0.2609	54.1000446603	4.252
0 6 8			0.11		-0.61		14.99		0.32829	0.7694	64.1950429677	5.6946
5 5 7			0.05		-0.56		14.28		0.32913	0.6639	72.2860687267	4.3062
2 0 14			0.08		-0.48		13.18		0.32949	0.2634	58.6945218607	7.3942
2 0 16			0.05		-0.43		12.53		0.32902	0.5935	67.2372591268	11.8907
5 1 13			0.08		-0.35		11.64		0.32902	0.4567	71.2764535317	11.3258
2 4 6			0.07		-0.28		10.87		0.32903	0.785	46.7364348384	64.2552
2 0 8			-0.09		-0.37		12.0		0.33141	0.1665	35.7565424018	1.5727
0 2 14			0.06		-0.31		11.31		0.33165	0.2479	58.6982494177	6.3292
4 6 2			0.05		-0.26		10.77		0.33163	0.2349	67.657370766	5.5969
3 3 13			0.05		-0.21		10.22		0.33142	0.5636	65.4922780779	9.1158
0 6 16			0.03		-0.18		9.9		0.33122	0.4825	89.3859051251	7.6515
6 4 0			0.05		-0.13		9.43		0.33122	1.8287	67.0910631577	58.6803
4 2 14			0.01		-0.12		9.35		0.33074	1.2576	70.6282605877	19.9713
5 5 5			-0.2		-0.32		11.69		0.33122	1.5862	69.0631626084	104.8873
4 0 2			-0.24		-0.56		15.48		0.33141	1.7854	36.5531212028	138.5255
0 6 10			0.03		-0.53		15.02		0.33124	0.8527	69.1637693973	8.5049
3 1 13			0.04		-0.5		14.48		0.33092	0.3869	59.4126405656	11.7895
1 1 9			-0.11		-0.6		16.22		0.33005	0.2216	37.1193146943	1.1702
0 0 20			0.03		-0.57		15.68		0.33019	0.4542	83.3712939521	4.3689
6 0 8			0.04		-0.53		15.15		0.33016	2.9234	64.163237895	5.3359
1 5 5			-0.15		-0.68		17.74		0.33056	1.8923	50.2743192378	127.3636
5 5 1			0.03		-0.65		17.27		0.33054	0.5073	65.769247456	23.9531
3 5 7			0.03		-0.62		16.78		0.33088	0.2309	60.5203777188	5.6046
1 5 13			0.03		-0.59		16.3		0.33056	1.1973	71.2966048402	12.6128
0 6 2			0.02		-0.57		15.91		0.33055	0.2356	55.3895592761	6.1752
4 2 2			0.02		-0.55		15.64		0.33052	0.457	40.8620305525	12.2524
3 7 1			0.02		-0.53		15.31		0.33048	1.2822	71.5694631273	22.2453
3 5 9			0.02		-0.51		15.06		0.33034	0.4755	65.0802252419	19.5165
1 5 7			0.02		-0.49		14.73		0.3307	0.6035	54.1236034243	4.2528
2 4 14			0.01		-0.48		14.53		0.33031	0.5221	70.6383718296	19.4111
0 2 16			0.01		-0.46		14.34		0.32998	1.8687	67.2407114996	13.8307
2 6 8			-0.21		-0.68		18.22		0.33059	4.3291	67.1483383839	218.3417
0 0 6			-0.29		-0.97		25.82		0.33085	7.4326	23.0169618987	709.6598
3 1 7			0.02		-0.95		25.27		0.33131	0.257	39.2655360855	5.205
6 2 10			0.01		-0.94		24.91		0.33058	0.7103	71.9901825081	43.9921
4 4 8			-0.12		-1.06		28.31		0.33126	3.9407	61.1479986878	218.5721
4 6 6			0.01		-1.05		28.01		0.33117	1.1903	71.9781772466	41.9784
5 1 1			0.02		-1.03		27.59		0.3311	0.5346	46.1701152	26.7419
1 5 1			0.01		-1.02		27.2		0.33104	0.4978	46.196563203	27.3004
0 6 6			0.02		-1.0		26.68		0.331	1.0147	60.183190367	40.9583
1 7 5			-0.03		-1.03		27.49		0.33158	1.0841	69.0835930101	99.7513
6 0 10			0.02		-1.01		27.04		0.33136	1.0728	69.1331306246	8.9056
1 3 7			0.02		-0.99		26.55		0.33197	0.1893	39.2755843192	5.3372
2 6 10			0.01		-0.98		26.25		0.33087	0.7069	72.0169435829	44.7171
0 6 14			0.01		-0.97		26.03		0.33041	0.9096	81.7552219026	27.2955
5 3 1			0.01		-0.96		25.75		0.33036	0.5252	53.2386121167	32.835
2 2 2			-0.05		-1.01		27.03		0.33045	1.1162	26.2109248846	125.5642
4 2 10			0.01		-0.99		26.66		0.3303	1.1102	57.0442200735	11.3144
2 2 14			-0.04		-1.03		27.63		0.33058	1.0835	61.7979105177	101.9829
1 1 15			0.02		-1.01		27.18		0.33044	0.656	61.3839959686	20.6242
0 4 10			0.01		-1.0		26.87		0.32986	0.9893	53.7871001638	44.1425
0 6 0			0.01		-0.99		26.53		0.32986	1.4277	54.7714555341	59.4019
0 4 18			-0.14		-1.12		30.72		0.32506	0.8369	84.5238780681	17.4513
4 0 10			0.02		-1.11		30.27		0.32499	0.6243	53.7713327333	45.2096
5 1 9			0.01		-1.1		29.94		0.32489	0.4583	58.9619928854	19.0838
2 4 2			0.01		-1.09		29.58		0.32489	0.3828	40.8766170199	13.2501
5 3 9			0.01		-1.07		29.17		0.32485	0.4833	65.0662013285	20.8409
1 7 1			0.01		-1.06		28.84		0.32484	0.5219	65.7901743415	26.2984
9 1 1			0.01		-1.05		28.45		0.32483	0.8793	87.9915459652	19.6393
7 3 1			0.01		-1.03		28.08		0.32483	0.5095	71.5359286583	22.1332
2 4 10			0.01		-1.02		27.72		0.32477	0.607	57.0555982332	12.0937
3 5 1			0.01		-1.01		27.45		0.32477	0.5283	53.2544885252	31.9012
0 4 20			0.01		-1.0		27.22		0.32477	1.027	94.1654323607	18.6345
3 3 1			0.01		-0.99		26.97		0.32475	0.5106	38.1558496662	33.1617
2 2 16			0.01		-0.98		26.72		0.32454	1.1693	70.1293332912	108.6018
4 4 10			0.01		-0.97		26.4		0.32447	0.6886	66.23802526	47.6672
1 3 3			0.0		-0.97		26.3		0.32447	0.7045	30.3940112777	66.1614
0 0 4			0.0		-0.97		26.26		0.32443	0.8482	15.2869714585	59.1035
7 3 5			-0.02		-0.98		26.67		0.32447	1.0496	74.7140851895	88.0788
6 0 2			0.01		-0.97		26.36		0.32447	0.2214	55.354768557	5.4487
1 3 15			0.01		-0.96		26.18		0.3242	0.2862	67.3623786269	8.1809
7 1 1			0.01		-0.95		25.94		0.3242	0.5207	65.7483230412	25.2044
4 2 0			0.01		-0.95		25.78		0.3242	0.9287	40.0811891304	86.5118
6 0 0			0.01		-0.94		25.52		0.3242	0.7256	54.7363985401	55.434
2 2 10			0.01		-0.93		25.24		0.32415	0.6429	46.7739448495	44.8949
2 0 10			0.01		-0.92		25.03		0.32409	0.6169	42.9543880851	20.236
1 3 1			0.01		-0.91		24.91		0.32408	0.5324	28.3265170018	42.1271
3 1 15			0.01		-0.91		24.75		0.32384	0.2871	67.3554895111	7.7692
6 0 6			0.01		-0.9		24.48		0.32382	1.0815	60.1501886982	39.9969
3 3 9			0.01		-0.89		24.31		0.32375	0.3816	52.4524123761	12.0632
3 3 3			0.0		-0.89		24.26		0.32375	0.8081	39.7679129272	70.9373
0 4 16			0.01		-0.88		24.02		0.32367	1.5557	75.7704700384	94.8658
3 3 15			-0.0		-0.88		24.08		0.32322	0.3402	73.0835579415	3.8877
2 4 0			0.0		-0.87		23.97		0.32322	1.4359	40.0960076051	88.2765
5 5 3			0.0		-0.87		23.92		0.32322	0.8107	66.8760743485	64.1048
4 2 8			0.0		-0.87		23.8		0.32331	0.7605	51.4203212226	2.5419
6 0 4			-0.0		-0.87		23.89		0.32331	0.7069	57.1830782131	42.6751
0 2 10			0.01		-0.86		23.72		0.32326	0.4317	42.9590557724	21.0204
3 7 3			0.0		-0.86		23.66		0.32326	0.8954	72.6346668965	71.6226
0 2 4			-0.03		-0.89		24.33		0.32328	1.326	23.4223631322	110.0283
1 1 3			0.0		-0.88		24.22		0.32328	0.4514	16.9416048235	36.8187
3 1 3			0.0		-0.88		24.18		0.32328	1.2003	30.3814370344	67.5761