HKL Value		Reward		TotalReward	Chi Squared	Z Appr. 	Error	Two-Thetas	Sfs2
5 3 7			0.0		0.0		0.0		0.3	0.2523	60.5057581853	5.4388
1 7 7			0.0		0.0		0.08		0.33542	0.4353	72.3061031614	6.1143
4 6 0			0.29		0.29		0.06		0.33542	0.7863	67.1083315067	59.4729
4 2 6			0.43		0.72		0.04		0.33544	1.6049	46.7233273538	62.1975
2 2 6			-1.0		-0.28		77.98		0.3343	8.3224	34.2684003079	615.2447
7 1 7			0.25		-0.03		62.4		0.33462	0.3505	72.2660298289	5.0526
6 4 0			0.2		0.17		52.0		0.33462	1.8287	67.0910631577	58.6803
0 2 20			0.16		0.34		44.65		0.336	0.4494	86.0769303832	2.8517
2 4 8			0.14		0.48		39.07		0.33605	0.1687	51.4325245866	2.4593
3 3 9			0.06		0.54		36.74		0.33671	0.3816	52.4524123761	12.0632
5 1 7			0.11		0.65		33.07		0.33675	0.2609	54.1000446603	4.252
3 5 7			0.1		0.75		30.06		0.33671	0.2309	60.5203777188	5.6046
5 5 7			0.09		0.84		27.58		0.33691	0.6639	72.2860687267	4.3062
0 6 10			0.07		0.91		25.81		0.33704	0.8527	69.1637693973	8.5049
3 3 7			0.08		0.99		23.99		0.33735	0.1558	47.1418707618	3.5073
1 5 7			0.07		1.06		22.39		0.33735	0.6035	54.1236034243	4.2528
1 3 7			0.07		1.13		20.99		0.33735	0.1893	39.2755843192	5.3372
1 1 7			0.06		1.19		19.76		0.33739	0.2012	29.7561292971	6.5386
4 2 10			0.04		1.23		19.02		0.33762	1.1102	57.0442200735	11.3144
6 0 8			0.05		1.28		18.12		0.33731	2.9234	64.163237895	5.3359
6 2 4			-0.05		1.23		19.06		0.33658	0.8727	60.3342977717	77.9073
2 0 14			0.04		1.27		18.25		0.33611	0.2634	58.6945218607	7.3942
0 6 2			0.04		1.31		17.56		0.3361	0.2356	55.3895592761	6.1752
0 2 0			-0.07		1.24		18.86		0.3361	1.4407	17.6394681947	177.2483
0 2 14			0.04		1.28		18.13		0.33577	0.2479	58.6982494177	6.3292
6 0 2			0.04		1.32		17.51		0.33577	0.2214	55.354768557	5.4487
0 6 18			-0.02		1.3		17.81		0.35002	0.7949	98.0280769063	1.8601
2 0 8			0.04		1.34		17.17		0.35	0.1665	35.7565424018	1.5727
4 6 2			0.03		1.37		16.65		0.34999	0.2349	67.657370766	5.5969
6 4 4			0.0		1.37		16.64		0.35013	0.6669	69.2748711385	33.991
3 1 7			0.03		1.4		16.13		0.3501	0.257	39.2655360855	5.205
4 2 8			0.03		1.43		15.63		0.35018	0.7605	51.4203212226	2.5419
1 5 13			0.02		1.45		15.37		0.35023	1.1973	71.2966048402	12.6128
2 4 14			0.03		1.48		14.98		0.35058	0.5221	70.6383718296	19.4111
4 2 14			0.03		1.5		14.61		0.35092	1.2576	70.6282605877	19.9713
6 0 6			0.03		1.53		14.19		0.35093	1.0815	60.1501886982	39.9969
0 0 14			-0.01		1.53		14.28		0.35181	0.8389	55.4890953336	74.9432
0 2 8			0.03		1.55		13.91		0.35182	0.1155	35.7619852008	1.7384
3 1 13			0.01		1.57		13.71		0.35196	0.3869	59.4126405656	11.7895
0 0 16			-0.07		1.5		14.68		0.35704	1.3342	64.286058028	116.6634
3 1 3			-0.01		1.49		14.9		0.35652	1.2003	30.3814370344	67.5761
6 0 12			0.02		1.51		14.57		0.35796	0.5892	74.995462768	0.9301
5 3 5			-0.06		1.45		15.45		0.35947	2.2247	56.9473208346	134.0256
5 1 3			-0.01		1.44		15.67		0.35914	0.9592	47.5591860667	88.1873
0 6 6			0.02		1.46		15.36		0.35874	1.0147	60.183190367	40.9583
1 1 13			0.02		1.48		15.07		0.35938	0.3722	52.9310122384	10.9703
2 4 6			0.01		1.49		14.89		0.35868	0.785	46.7364348384	64.2552
0 0 12			-0.11		1.37		16.83		0.3547	3.2426	47.0346015839	274.3783
6 0 10			0.02		1.39		16.54		0.35462	1.0728	69.1331306246	8.9056
3 7 1			0.01		1.41		16.33		0.35458	1.2822	71.5694631273	22.2453
5 1 13			0.01		1.42		16.1		0.3548	0.4567	71.2764535317	11.3258
6 4 6			0.02		1.44		15.83		0.35507	0.9247	71.9614498967	41.9809
0 2 6			-0.01		1.43		16.0		0.35447	1.1672	29.1471999487	131.5155
1 1 9			0.02		1.44		15.72		0.35478	0.2216	37.1193146943	1.1702
2 4 12			0.02		1.46		15.45		0.35522	0.2205	63.4791913795	4.8908
3 5 1			0.0		1.46		15.4		0.35519	0.5283	53.2544885252	31.9012
2 4 10			0.01		1.48		15.22		0.35512	0.607	57.0555982332	12.0937
1 5 9			0.02		1.49		14.96		0.35503	0.4394	58.984264935	17.7365
0 6 16			0.01		1.51		14.77		0.35507	0.4825	89.3859051251	7.6515
4 2 2			0.01		1.51		14.64		0.35507	0.457	40.8620305525	12.2524
3 5 9			0.01		1.53		14.44		0.35484	0.4755	65.0802252419	19.5165
0 6 14			0.01		1.54		14.23		0.35491	0.9096	81.7552219026	27.2955
4 0 10			-0.01		1.53		14.43		0.35506	0.6243	53.7713327333	45.2096
3 3 13			0.01		1.54		14.26		0.35521	0.5636	65.4922780779	9.1158
2 0 16			0.01		1.55		14.14		0.35535	0.5935	67.2372591268	11.8907
5 3 11			-0.05		1.5		14.87		0.35639	1.8677	70.5420870211	204.0714
5 5 1			0.01		1.51		14.73		0.35637	0.5073	65.769247456	23.9531
1 7 1			0.0		1.51		14.67		0.35632	0.5219	65.7901743415	26.2984
0 0 18			0.01		1.53		14.49		0.35586	0.6609	73.530655613	37.988
0 6 8			0.01		1.54		14.28		0.35586	0.7694	64.1950429677	5.6946
9 1 1			0.01		1.55		14.15		0.35583	0.8793	87.9915459652	19.6393
1 3 13			0.01		1.56		14.01		0.35607	0.3907	59.4200243294	11.5335
2 4 2			0.01		1.57		13.93		0.35607	0.3828	40.8766170199	13.2501
6 2 6			-0.12		1.45		15.84		0.35511	3.9921	63.2107357729	344.5633
6 4 2			0.01		1.46		15.66		0.35511	0.2211	67.6401768609	4.8049
4 6 6			0.01		1.47		15.47		0.35527	1.1903	71.9781772466	41.9784
1 3 15			0.01		1.48		15.32		0.35518	0.2862	67.3623786269	8.1809
3 1 15			0.01		1.49		15.18		0.35507	0.2871	67.3554895111	7.7692
0 2 12			0.01		1.5		14.99		0.35494	0.3827	50.6142203783	17.5707
5 1 9			0.01		1.51		14.8		0.35482	0.4583	58.9619928854	19.0838
0 4 20			-0.02		1.5		15.08		0.3587	1.027	94.1654323607	18.6345
0 6 0			0.01		1.5		14.98		0.3587	1.4277	54.7714555341	59.4019
0 0 20			-0.02		1.48		15.3		0.36163	0.4542	83.3712939521	4.3689
2 0 10			0.0		1.48		15.27		0.36161	0.6169	42.9543880851	20.236
1 1 15			0.0		1.49		15.21		0.36167	0.656	61.3839959686	20.6242
5 1 1			0.0		1.49		15.17		0.36167	0.5346	46.1701152	26.7419
1 5 1			0.0		1.49		15.14		0.36166	0.4978	46.196563203	27.3004
1 1 3			-0.0		1.49		15.14		0.36163	0.4514	16.9416048235	36.8187
3 7 5			-0.0		1.49		15.15		0.36174	1.0548	74.7470539899	89.5814
6 2 2			-0.05		1.44		15.92		0.36181	3.3001	58.5687226088	135.1206