HKL Value		Reward		TotalReward	Chi Squared	Z Appr. 	Error	Two-Thetas	Sfs2
5 3 7			0.0		0.0		0.0		0.3	0.2523	60.5057581853	5.4388
1 7 7			0.0		0.0		0.08		0.33542	0.4353	72.3061031614	6.1143
4 6 0			0.29		0.29		0.06		0.33542	0.7863	67.1083315067	59.4729
4 2 6			0.43		0.72		0.04		0.33544	1.6049	46.7233273538	62.1975
7 1 7			0.26		0.98		0.03		0.33563	0.3505	72.2660298289	5.0526
6 4 0			0.14		1.12		0.03		0.33563	1.8287	67.0910631577	58.6803
2 4 8			-0.02		1.1		0.03		0.33597	0.1687	51.4325245866	2.4593
5 1 7			-0.09		1.01		0.03		0.33624	0.2609	54.1000446603	4.252
0 2 20			0.05		1.05		0.03		0.33653	0.4494	86.0769303832	2.8517
2 4 4			-0.99		0.06		5.35		0.33688	0.8182	43.1484985256	64.6996
0 2 2			-0.25		-0.19		7.15		0.33668	0.4614	19.2417464495	36.8131
4 4 8			-0.56		-0.76		16.4		0.36382	3.9407	61.1479986878	218.5721
3 5 7			0.08		-0.68		15.18		0.36388	0.2309	60.5203777188	5.6046
5 5 7			0.08		-0.6		14.08		0.36394	0.6639	72.2860687267	4.3062
1 5 7			0.07		-0.53		13.17		0.36399	0.6035	54.1236034243	4.2528
1 3 7			0.06		-0.47		12.38		0.36407	0.1893	39.2755843192	5.3372
3 1 13			0.07		-0.4		11.61		0.36392	0.3869	59.4126405656	11.7895
6 0 2			0.05		-0.35		11.02		0.36397	0.2214	55.354768557	5.4487
0 0 16			0.03		-0.32		10.73		0.36506	1.3342	64.286058028	116.6634
2 0 14			0.05		-0.27		10.18		0.36497	0.2634	58.6945218607	7.3942
6 0 8			0.03		-0.24		9.89		0.36469	2.9234	64.163237895	5.3359
0 6 2			0.04		-0.2		9.51		0.36472	0.2356	55.3895592761	6.1752
4 6 2			0.03		-0.16		9.2		0.36472	0.2349	67.657370766	5.5969
1 1 7			0.04		-0.12		8.86		0.36477	0.2012	29.7561292971	6.5386
2 4 12			0.03		-0.09		8.57		0.3647	0.2205	63.4791913795	4.8908
1 5 13			0.04		-0.05		8.24		0.36458	1.1973	71.2966048402	12.6128
1 1 13			0.04		-0.01		7.93		0.3644	0.3722	52.9310122384	10.9703
2 4 14			0.03		0.01		7.74		0.36419	0.5221	70.6383718296	19.4111
4 2 14			0.02		0.04		7.56		0.36398	1.2576	70.6282605877	19.9713
0 2 14			0.04		0.07		7.3		0.36398	0.2479	58.6982494177	6.3292
0 6 0			0.0		0.08		7.28		0.36398	1.4277	54.7714555341	59.4019
0 6 10			0.01		0.09		7.19		0.36396	0.8527	69.1637693973	8.5049
4 6 6			0.03		0.12		6.97		0.36391	1.1903	71.9781772466	41.9784
3 1 7			0.02		0.14		6.8		0.36393	0.257	39.2655360855	5.205
0 4 6			-0.56		-0.41		15.3		0.36282	3.7688	42.9189471786	481.9509
4 2 8			0.02		-0.39		14.96		0.3625	0.7605	51.4203212226	2.5419
3 3 13			0.03		-0.36		14.54		0.36245	0.5636	65.4922780779	9.1158
0 6 6			0.02		-0.34		14.25		0.3622	1.0147	60.183190367	40.9583
0 4 8			-0.14		-0.48		16.53		0.36293	4.1351	47.9021960727	235.0989
5 5 1			0.02		-0.46		16.27		0.3629	0.5073	65.769247456	23.9531
2 4 6			0.01		-0.45		16.13		0.36259	0.785	46.7364348384	64.2552
2 0 16			0.02		-0.43		15.74		0.36273	0.5935	67.2372591268	11.8907
2 4 10			0.01		-0.42		15.53		0.36269	0.607	57.0555982332	12.0937
1 7 1			0.01		-0.41		15.43		0.36266	0.5219	65.7901743415	26.2984
9 1 1			0.02		-0.39		15.2		0.36264	0.8793	87.9915459652	19.6393
6 0 10			0.02		-0.38		14.97		0.3626	1.0728	69.1331306246	8.9056
3 5 9			0.01		-0.37		14.84		0.36236	0.4755	65.0802252419	19.5165
6 0 0			0.01		-0.35		14.62		0.36236	0.7256	54.7363985401	55.434
2 2 16			0.01		-0.35		14.49		0.36314	1.1693	70.1293332912	108.6018
3 7 1			0.01		-0.33		14.33		0.36312	1.2822	71.5694631273	22.2453
0 6 14			0.01		-0.32		14.13		0.36295	0.9096	81.7552219026	27.2955
6 0 6			0.01		-0.3		13.92		0.36281	1.0815	60.1501886982	39.9969
2 6 8			-0.09		-0.39		15.27		0.36324	4.3291	67.1483383839	218.3417
4 2 2			0.01		-0.38		15.12		0.36325	0.457	40.8620305525	12.2524
0 6 18			0.02		-0.36		14.85		0.36325	0.7949	98.0280769063	1.8601
1 3 13			0.02		-0.35		14.58		0.36326	0.3907	59.4200243294	11.5335
4 0 2			-0.08		-0.43		15.87		0.36337	1.7854	36.5531212028	138.5255
4 2 10			0.01		-0.42		15.71		0.36335	1.1102	57.0442200735	11.3144
2 4 2			0.01		-0.41		15.57		0.36335	0.3828	40.8766170199	13.2501
2 0 8			0.02		-0.39		15.31		0.36332	0.1665	35.7565424018	1.5727
3 3 7			0.02		-0.38		15.07		0.36333	0.1558	47.1418707618	3.5073
3 3 9			0.01		-0.36		14.9		0.36322	0.3816	52.4524123761	12.0632
5 3 1			0.0		-0.36		14.89		0.36321	0.5252	53.2386121167	32.835
1 5 9			0.01		-0.35		14.74		0.36304	0.4394	58.984264935	17.7365
0 0 18			0.01		-0.34		14.6		0.36315	0.6609	73.530655613	37.988
5 1 13			0.02		-0.33		14.38		0.36315	0.4567	71.2764535317	11.3258
0 2 12			0.01		-0.32		14.27		0.363	0.3827	50.6142203783	17.5707
1 1 9			0.01		-0.31		14.06		0.36299	0.2216	37.1193146943	1.1702
0 6 16			0.01		-0.29		13.86		0.36292	0.4825	89.3859051251	7.6515
3 1 15			0.01		-0.28		13.7		0.36296	0.2871	67.3554895111	7.7692
1 1 15			0.0		-0.28		13.64		0.36304	0.656	61.3839959686	20.6242
0 4 20			0.01		-0.26		13.45		0.36311	1.027	94.1654323607	18.6345
1 3 15			0.01		-0.25		13.3		0.36314	0.2862	67.3623786269	8.1809
0 0 10			-0.0		-0.25		13.36		0.36331	0.8316	38.8438017949	41.7013
3 5 3			-0.02		-0.28		13.66		0.36325	0.9259	54.5093201099	87.7589
0 2 16			0.01		-0.26		13.49		0.36332	1.8687	67.2407114996	13.8307
2 0 10			0.0		-0.26		13.48		0.3633	0.6169	42.9543880851	20.236
6 4 6			0.01		-0.25		13.31		0.36328	0.9247	71.9614498967	41.9809
5 1 1			0.0		-0.25		13.29		0.36327	0.5346	46.1701152	26.7419
1 3 1			-0.01		-0.25		13.37		0.36325	0.5324	28.3265170018	42.1271
0 2 10			-0.0		-0.26		13.38		0.36323	0.4317	42.9590557724	21.0204
5 1 9			0.01		-0.25		13.3		0.36311	0.4583	58.9619928854	19.0838
0 6 8			0.01		-0.24		13.16		0.36303	0.7694	64.1950429677	5.6946
4 4 10			-0.01		-0.25		13.26		0.3632	0.6886	66.23802526	47.6672
4 4 4			-0.03		-0.28		13.72		0.36317	0.8476	53.9354251327	76.9211
3 7 5			-0.0		-0.28		13.72		0.36331	1.0548	74.7470539899	89.5814