HKL Value		Reward		TotalReward	Chi Squared	Z Appr. 	Error	Two-Thetas	Sfs2
0 2 18			0.0		0.0		0.0		0.3	0.3755	76.3208597895	3.7538
5 3 7			0.0		0.0		49.38		0.31795	0.2523	60.5057581853	5.4388
4 0 12			0.49		0.49		33.24		0.31875	2.7435	60.4154589103	161.2613
1 7 7			0.1		0.59		30.13		0.31963	0.4353	72.3061031614	6.1143
4 6 0			0.33		0.92		22.61		0.31963	0.7863	67.1083315067	59.4729
4 2 6			0.24		1.16		18.2		0.31966	1.6049	46.7233273538	62.1975
7 1 7			-0.07		1.09		19.59		0.32045	0.3505	72.2660298289	5.0526
6 4 0			0.17		1.26		16.79		0.32045	1.8287	67.0910631577	58.6803
2 4 8			-0.01		1.25		16.96		0.32072	0.1687	51.4325245866	2.4593
4 2 2			0.08		1.33		15.71		0.3207	0.457	40.8620305525	12.2524
0 4 0			-0.76		0.57		64.59		0.3207	6.137	35.7152072575	818.959
7 3 3			0.07		0.64		60.28		0.32073	1.9283	72.601334037	69.5466
0 2 20			0.04		0.68		57.99		0.31923	0.4494	86.0769303832	2.8517
5 1 7			0.03		0.72		56.2		0.32005	0.2609	54.1000446603	4.252
3 5 7			0.04		0.76		54.01		0.32067	0.2309	60.5203777188	5.6046
1 3 7			0.03		0.79		52.22		0.32133	0.1893	39.2755843192	5.3372
5 5 7			0.02		0.81		50.96		0.32206	0.6639	72.2860687267	4.3062
3 3 7			0.02		0.84		49.88		0.32285	0.1558	47.1418707618	3.5073
1 5 7			0.04		0.87		48.11		0.32339	0.6035	54.1236034243	4.2528
1 1 7			0.03		0.91		46.52		0.32394	0.2012	29.7561292971	6.5386
2 0 14			0.04		0.95		44.52		0.32408	0.2634	58.6945218607	7.3942
6 0 8			0.05		1.0		42.42		0.32412	2.9234	64.163237895	5.3359
0 2 14			0.04		1.04		40.89		0.32432	0.2479	58.6982494177	6.3292
0 6 18			-0.04		1.0		42.76		0.32133	0.7949	98.0280769063	1.8601
6 0 2			0.04		1.04		41.07		0.32132	0.2214	55.354768557	5.4487
0 4 16			0.04		1.08		39.43		0.32132	1.5557	75.7704700384	94.8658
0 6 2			0.04		1.12		38.02		0.32132	0.2356	55.3895592761	6.1752
2 0 8			-0.04		1.07		39.63		0.3217	0.1665	35.7565424018	1.5727
3 1 7			0.01		1.09		39.08		0.32199	0.257	39.2655360855	5.205
4 2 8			0.02		1.11		38.24		0.3221	0.7605	51.4203212226	2.5419
4 6 2			0.03		1.14		37.0		0.32209	0.2349	67.657370766	5.5969
2 0 12			0.01		1.15		36.64		0.32175	0.8079	50.6101057273	16.6151
1 5 13			0.02		1.17		35.95		0.32206	1.1973	71.2966048402	12.6128
5 1 13			0.02		1.19		35.36		0.32238	0.4567	71.2764535317	11.3258
0 2 8			-0.03		1.16		36.37		0.32272	0.1155	35.7619852008	1.7384
4 2 14			0.03		1.19		35.4		0.32271	1.2576	70.6282605877	19.9713
0 6 10			0.03		1.22		34.42		0.3227	0.8527	69.1637693973	8.5049
6 0 6			0.03		1.25		33.51		0.32269	1.0815	60.1501886982	39.9969
0 6 6			0.03		1.27		32.65		0.32269	1.0147	60.183190367	40.9583
3 3 5			-0.06		1.21		34.75		0.32272	1.3995	42.8396693434	151.0913
2 6 0			-0.15		1.06		40.77		0.32272	4.3567	58.0028534629	558.9791
3 1 13			0.02		1.08		40.05		0.32298	0.3869	59.4126405656	11.7895
6 4 6			0.02		1.1		39.35		0.32294	0.9247	71.9614498967	41.9809
4 2 12			-0.02		1.08		40.21		0.32227	0.2244	63.468523569	4.7972
1 1 9			0.01		1.08		39.96		0.32204	0.2216	37.1193146943	1.1702
2 4 6			0.02		1.11		39.08		0.32205	0.785	46.7364348384	64.2552
6 0 12			-0.06		1.05		41.46		0.3208	0.5892	74.995462768	0.9301
4 4 8			-0.07		0.98		44.55		0.32082	3.9407	61.1479986878	218.5721
6 0 10			0.02		1.0		43.63		0.32083	1.0728	69.1331306246	8.9056
2 4 14			0.02		1.02		42.78		0.32083	0.5221	70.6383718296	19.4111
0 6 14			0.02		1.04		42.1		0.32084	0.9096	81.7552219026	27.2955
3 1 15			0.02		1.06		41.31		0.32077	0.2871	67.3554895111	7.7692
2 4 12			-0.0		1.05		41.5		0.32034	0.2205	63.4791913795	4.8908
1 1 13			0.01		1.06		41.24		0.32063	0.3722	52.9310122384	10.9703
3 3 13			0.0		1.06		41.13		0.32096	0.5636	65.4922780779	9.1158
2 0 16			0.02		1.08		40.43		0.32101	0.5935	67.2372591268	11.8907
0 4 18			-0.02		1.06		41.12		0.32027	0.8369	84.5238780681	17.4513
0 6 8			0.02		1.08		40.43		0.32027	0.7694	64.1950429677	5.6946
2 2 4			0.01		1.09		40.14		0.32024	0.7551	29.4672289371	73.6026
1 3 13			0.01		1.09		39.92		0.32046	0.3907	59.4200243294	11.5335
0 6 0			0.01		1.1		39.36		0.32046	1.4277	54.7714555341	59.4019
3 1 11			-0.08		1.02		42.79		0.32047	2.3814	52.0481274199	292.2152
3 7 1			0.02		1.04		42.14		0.32047	1.2822	71.5694631273	22.2453
2 4 10			0.02		1.06		41.48		0.32046	0.607	57.0555982332	12.0937
1 5 9			0.01		1.07		40.9		0.32042	0.4394	58.984264935	17.7365
2 2 16			0.02		1.09		40.28		0.3204	1.1693	70.1293332912	108.6018
3 5 5			-0.02		1.06		41.21		0.32042	1.2751	56.9624934876	133.7285
0 6 16			0.01		1.08		40.72		0.32052	0.4825	89.3859051251	7.6515
5 3 9			0.01		1.09		40.12		0.32051	0.4833	65.0662013285	20.8409
0 0 10			0.01		1.1		39.54		0.32051	0.8316	38.8438017949	41.7013
9 1 1			0.01		1.12		39.0		0.32052	0.8793	87.9915459652	19.6393
3 3 9			0.01		1.13		38.52		0.32048	0.3816	52.4524123761	12.0632
2 4 2			0.01		1.14		38.08		0.32048	0.3828	40.8766170199	13.2501
1 3 15			0.01		1.16		37.57		0.32044	0.2862	67.3623786269	8.1809
5 5 1			0.01		1.17		37.1		0.32044	0.5073	65.769247456	23.9531
5 1 9			0.01		1.18		36.65		0.32041	0.4583	58.9619928854	19.0838
0 2 12			0.01		1.19		36.37		0.3203	0.3827	50.6142203783	17.5707
3 5 9			0.01		1.2		35.9		0.32029	0.4755	65.0802252419	19.5165
6 4 2			0.01		1.21		35.45		0.32029	0.2211	67.6401768609	4.8049
1 7 5			-0.01		1.2		35.95		0.3203	1.0841	69.0835930101	99.7513
0 4 20			0.01		1.21		35.61		0.32027	1.027	94.1654323607	18.6345
4 2 10			0.01		1.22		35.17		0.32027	1.1102	57.0442200735	11.3144
0 2 16			0.01		1.23		34.76		0.3203	1.8687	67.2407114996	13.8307
4 6 6			0.01		1.24		34.44		0.32028	1.1903	71.9781772466	41.9784
1 1 15			0.01		1.25		34.09		0.32032	0.656	61.3839959686	20.6242
1 7 1			0.01		1.26		33.77		0.32032	0.5219	65.7901743415	26.2984
0 0 20			0.01		1.27		33.4		0.32031	0.4542	83.3712939521	4.3689
0 0 18			0.0		1.28		33.27		0.32006	0.6609	73.530655613	37.988
5 1 1			0.01		1.29		32.98		0.32006	0.5346	46.1701152	26.7419
1 1 3			0.01		1.29		32.75		0.32006	0.4514	16.9416048235	36.8187
2 2 6			-0.09		1.2		36.02		0.32012	8.3224	34.2684003079	615.2447
0 4 10			0.01		1.21		35.63		0.32014	0.9893	53.7871001638	44.1425
3 1 3			0.0		1.22		35.47		0.32014	1.2003	30.3814370344	67.5761
3 1 9			0.01		1.23		35.17		0.32009	0.36	45.2950695798	8.7768
1 5 1			0.01		1.24		34.88		0.32009	0.4978	46.196563203	27.3004
2 0 4			-0.02		1.22		35.46		0.32009	1.3874	23.4143586184	109.347
6 2 10			0.01		1.23		35.1		0.32011	0.7103	71.9901825081	43.9921
1 3 1			0.01		1.24		34.88		0.32011	0.5324	28.3265170018	42.1271
7 1 1			0.01		1.24		34.58		0.3201	0.5207	65.7483230412	25.2044
0 2 4			-0.02		1.23		35.15		0.3201	1.326	23.4223631322	110.0283
1 1 11			-0.07		1.15		37.99		0.32011	2.144	44.8525636461	378.5934
2 0 10			0.01		1.16		37.65		0.32009	0.6169	42.9543880851	20.236