HKL Value		Reward		TotalReward	Chi Squared	Z Appr. 	Error	Two-Thetas	Sfs2
5 3 1			0.0		0.0		0.0		0.3	0.5252	53.2386121167	32.835
5 3 7			0.0		0.0		10.98		0.33479	0.2523	60.5057581853	5.4388
1 7 7			1.0		1.0		5.49		0.33459	0.4353	72.3061031614	6.1143
0 4 10			-0.24		0.76		7.18		0.32944	0.9893	53.7871001638	44.1425
4 6 0			0.33		1.09		5.4		0.32944	0.7863	67.1083315067	59.4729
4 2 6			0.25		1.34		4.32		0.32944	1.6049	46.7233273538	62.1975
3 3 11			-0.8		0.55		21.52		0.36464	2.1204	58.6030846927	249.5822
7 1 7			0.15		0.7		18.67		0.3649	0.3505	72.2660298289	5.0526
2 0 14			0.14		0.84		16.36		0.36428	0.2634	58.6945218607	7.3942
6 4 0			0.12		0.96		14.55		0.36428	1.8287	67.0910631577	58.6803
0 2 20			0.11		1.07		13.1		0.36367	0.4494	86.0769303832	2.8517
2 4 8			0.07		1.14		12.29		0.36283	0.1687	51.4325245866	2.4593
5 1 7			0.08		1.22		11.38		0.36289	0.2609	54.1000446603	4.252
1 1 13			0.08		1.3		10.5		0.363	0.3722	52.9310122384	10.9703
3 5 7			0.06		1.37		9.88		0.36305	0.2309	60.5203777188	5.6046
5 5 7			0.06		1.43		9.29		0.36309	0.6639	72.2860687267	4.3062
3 3 7			0.06		1.49		8.75		0.36313	0.1558	47.1418707618	3.5073
0 4 14			-0.13		1.36		10.03		0.36134	1.2337	67.7597167724	121.3788
1 5 7			0.05		1.41		9.55		0.36138	0.6035	54.1236034243	4.2528
1 3 7			0.05		1.46		9.13		0.36144	0.1893	39.2755843192	5.3372
3 1 9			0.04		1.5		8.78		0.36071	0.36	45.2950695798	8.7768
1 1 7			0.04		1.54		8.44		0.36079	0.2012	29.7561292971	6.5386
6 0 8			0.04		1.58		8.12		0.35992	2.9234	64.163237895	5.3359
0 6 2			0.03		1.61		7.87		0.36004	0.2356	55.3895592761	6.1752
1 3 9			0.04		1.65		7.57		0.35942	0.2622	45.3040218183	7.1674
4 4 6			-0.49		1.16		14.8		0.35604	4.3817	57.0116572758	400.3855
0 2 14			0.04		1.2		14.27		0.35594	0.2479	58.6982494177	6.3292
2 2 12			-0.1		1.1		15.94		0.35192	1.9766	54.0147953295	208.0279
6 0 2			0.03		1.13		15.45		0.35194	0.2214	55.354768557	5.4487
2 0 8			0.03		1.16		14.94		0.35195	0.1665	35.7565424018	1.5727
0 6 18			0.03		1.2		14.44		0.35222	0.7949	98.0280769063	1.8601
4 6 2			0.03		1.22		14.06		0.35222	0.2349	67.657370766	5.5969
3 1 7			0.03		1.25		13.67		0.35218	0.257	39.2655360855	5.205
0 4 6			-0.35		0.9		21.09		0.35098	3.7688	42.9189471786	481.9509
4 2 12			0.02		0.92		20.75		0.35251	0.2244	63.468523569	4.7972
4 2 8			0.03		0.95		20.16		0.35255	0.7605	51.4203212226	2.5419
1 5 13			0.02		0.96		19.79		0.35265	1.1973	71.2966048402	12.6128
2 4 14			0.03		0.99		19.29		0.35279	0.5221	70.6383718296	19.4111
4 2 14			0.03		1.02		18.82		0.3529	1.2576	70.6282605877	19.9713
0 6 10			0.02		1.04		18.4		0.35287	0.8527	69.1637693973	8.5049
6 0 12			0.01		1.05		18.26		0.35454	0.5892	74.995462768	0.9301
6 0 6			0.02		1.07		17.82		0.35449	1.0815	60.1501886982	39.9969
3 1 13			0.02		1.09		17.53		0.35461	0.3869	59.4126405656	11.7895
5 3 9			0.02		1.11		17.18		0.35441	0.4833	65.0662013285	20.8409
0 6 6			0.02		1.13		16.8		0.35436	1.0147	60.183190367	40.9583
2 4 6			0.02		1.15		16.51		0.35423	0.785	46.7364348384	64.2552
6 0 10			0.02		1.17		16.21		0.35419	1.0728	69.1331306246	8.9056
1 1 9			0.02		1.19		15.9		0.3544	0.2216	37.1193146943	1.1702
6 4 6			0.02		1.2		15.62		0.35452	0.9247	71.9614498967	41.9809
0 0 4			-0.03		1.17		16.11		0.35447	0.8482	15.2869714585	59.1035
2 4 12			0.02		1.19		15.83		0.35478	0.2205	63.4791913795	4.8908
5 1 13			0.01		1.2		15.62		0.35489	0.4567	71.2764535317	11.3258
4 4 12			-0.0		1.2		15.65		0.35423	1.9475	72.2035773977	130.2426
2 0 16			0.01		1.21		15.49		0.35425	0.5935	67.2372591268	11.8907
1 5 9			0.02		1.23		15.2		0.35422	0.4394	58.984264935	17.7365
2 4 10			0.01		1.24		15.02		0.35419	0.607	57.0555982332	12.0937
0 6 16			0.01		1.26		14.82		0.35417	0.4825	89.3859051251	7.6515
1 3 5			-0.09		1.16		16.33		0.35457	3.1323	34.189462707	190.138
3 7 1			0.01		1.18		16.15		0.35455	1.2822	71.5694631273	22.2453
3 3 13			0.01		1.19		15.94		0.35464	0.5636	65.4922780779	9.1158
0 6 14			0.01		1.2		15.71		0.3547	0.9096	81.7552219026	27.2955
5 5 1			0.01		1.21		15.55		0.35468	0.5073	65.769247456	23.9531
0 6 8			0.02		1.23		15.3		0.3547	0.7694	64.1950429677	5.6946
0 4 18			0.02		1.25		15.07		0.35488	0.8369	84.5238780681	17.4513
2 6 8			-0.09		1.16		16.47		0.3555	4.3291	67.1483383839	218.3417
2 0 10			0.01		1.17		16.38		0.35543	0.6169	42.9543880851	20.236
9 1 1			0.01		1.18		16.2		0.35542	0.8793	87.9915459652	19.6393
1 3 13			0.01		1.19		16.03		0.35554	0.3907	59.4200243294	11.5335
3 5 9			0.01		1.2		15.84		0.35537	0.4755	65.0802252419	19.5165
3 3 9			0.01		1.21		15.61		0.35532	0.3816	52.4524123761	12.0632
2 4 2			0.01		1.22		15.5		0.35532	0.3828	40.8766170199	13.2501
0 2 8			0.01		1.24		15.29		0.35533	0.1155	35.7619852008	1.7384
6 4 2			0.01		1.25		15.11		0.35533	0.2211	67.6401768609	4.8049
4 6 6			0.01		1.26		14.93		0.35544	1.1903	71.9781772466	41.9784
1 3 15			0.01		1.27		14.78		0.35539	0.2862	67.3623786269	8.1809
4 2 2			0.01		1.28		14.68		0.35539	0.457	40.8620305525	12.2524
3 1 15			0.01		1.29		14.54		0.35534	0.2871	67.3554895111	7.7692
3 7 5			-0.01		1.28		14.66		0.35563	1.0548	74.7470539899	89.5814
5 1 9			0.01		1.29		14.48		0.35553	0.4583	58.9619928854	19.0838
0 0 22			-0.0		1.29		14.53		0.35676	2.2765	94.0325860765	137.6091
0 2 12			0.01		1.3		14.36		0.35657	0.3827	50.6142203783	17.5707
2 2 0			-0.35		0.94		22.21		0.35657	11.1953	25.0390113278	1035.9387
0 6 0			0.01		0.95		22.01		0.35657	1.4277	54.7714555341	59.4019
0 4 20			-0.0		0.95		22.08		0.35878	1.027	94.1654323607	18.6345
0 0 18			0.01		0.96		21.88		0.35865	0.6609	73.530655613	37.988
0 0 20			-0.01		0.95		22.16		0.36143	0.4542	83.3712939521	4.3689
7 3 1			0.01		0.96		21.98		0.36143	0.5095	71.5359286583	22.1332
1 1 15			0.01		0.96		21.85		0.36149	0.656	61.3839959686	20.6242
0 2 4			-0.03		0.94		22.43		0.36152	1.326	23.4223631322	110.0283
4 2 10			0.01		0.94		22.25		0.36149	1.1102	57.0442200735	11.3144
5 1 1			0.01		0.95		22.13		0.36149	0.5346	46.1701152	26.7419
1 7 1			0.01		0.95		22.01		0.36148	0.5219	65.7901743415	26.2984
1 1 3			0.0		0.96		21.94		0.36145	0.4514	16.9416048235	36.8187
0 2 16			0.01		0.97		21.73		0.36156	1.8687	67.2407114996	13.8307
6 2 6			-0.07		0.9		23.31		0.36127	3.9921	63.2107357729	344.5633
2 2 2			-0.03		0.87		23.96		0.36132	1.1162	26.2109248846	125.5642
6 2 10			0.0		0.87		23.92		0.36143	0.7103	71.9901825081	43.9921
1 3 1			0.0		0.88		23.88		0.36142	0.5324	28.3265170018	42.1271
0 2 10			0.0		0.88		23.77		0.36138	0.4317	42.9590557724	21.0204
1 5 1			0.01		0.89		23.65		0.36138	0.4978	46.196563203	27.3004
3 5 3			-0.0		0.88		23.76		0.36134	0.9259	54.5093201099	87.7589
1 3 3			-0.0		0.88		23.76		0.36131	0.7045	30.3940112777	66.1614