HKL Value		Reward		TotalReward	Chi Squared	Z Appr. 	Error	Two-Thetas	Sfs2
5 3 7			0.0		0.0		0.0		0.3	0.2523	60.5057581853	5.4388
0 0 4			0.0		0.0		29.57		0.33065	0.8482	15.2869714585	59.1035
1 7 7			0.97		0.97		14.99		0.33201	0.4353	72.3061031614	6.1143
4 6 0			0.5		1.47		10.0		0.33201	0.7863	67.1083315067	59.4729
3 1 1			-0.11		1.36		11.28		0.33149	0.5239	28.3131072915	41.7464
3 5 9			0.1		1.45		10.29		0.33042	0.4755	65.0802252419	19.5165
1 5 3			-0.12		1.33		11.68		0.33057	0.9511	47.585042181	85.8034
4 2 6			0.17		1.5		10.01		0.33057	1.6049	46.7233273538	62.1975
0 4 2			-0.53		0.97		21.48		0.33265	3.2657	36.5744795411	137.7475
7 1 7			0.12		1.09		19.12		0.3344	0.3505	72.2660298289	5.0526
1 1 1			-0.0		1.09		19.19		0.33332	0.5749	13.0194761966	56.7652
6 4 0			0.1		1.19		17.45		0.33332	1.8287	67.0910631577	58.6803
0 2 20			0.09		1.27		16.05		0.33623	0.4494	86.0769303832	2.8517
2 4 8			0.08		1.36		14.82		0.33627	0.1687	51.4325245866	2.4593
5 1 7			0.08		1.43		13.76		0.33634	0.2609	54.1000446603	4.252
3 5 7			0.07		1.51		12.84		0.33633	0.2309	60.5203777188	5.6046
2 4 0			-0.0		1.5		12.9		0.33633	1.4359	40.0960076051	88.2765
3 3 7			0.06		1.56		12.18		0.33661	0.1558	47.1418707618	3.5073
5 5 7			0.06		1.62		11.51		0.33679	0.6639	72.2860687267	4.3062
4 0 0			-0.68		0.94		35.96		0.33679	8.3901	35.6934066618	787.9925
3 1 3			0.02		0.96		35.16		0.33675	1.2003	30.3814370344	67.5761
1 5 7			0.05		1.01		33.49		0.33678	0.6035	54.1236034243	4.2528
1 3 7			0.05		1.06		31.96		0.33681	0.1893	39.2755843192	5.3372
6 0 8			0.04		1.1		30.65		0.3366	2.9234	64.163237895	5.3359
2 0 14			0.04		1.14		29.46		0.33612	0.2634	58.6945218607	7.3942
0 6 2			0.04		1.18		28.4		0.33612	0.2356	55.3895592761	6.1752
1 1 7			0.04		1.22		27.31		0.3362	0.2012	29.7561292971	6.5386
3 1 15			0.02		1.24		26.75		0.34672	0.2871	67.3554895111	7.7692
6 0 2			0.03		1.27		25.89		0.34676	0.2214	55.354768557	5.4487
0 2 14			0.03		1.31		25.02		0.34729	0.2479	58.6982494177	6.3292
2 0 8			0.03		1.34		24.2		0.34717	0.1665	35.7565424018	1.5727
1 1 15			0.03		1.37		23.59		0.34572	0.656	61.3839959686	20.6242
4 6 2			0.03		1.4		22.93		0.34568	0.2349	67.657370766	5.5969
3 1 7			0.03		1.43		22.26		0.34558	0.257	39.2655360855	5.205
4 0 2			-0.09		1.34		24.43		0.34598	1.7854	36.5531212028	138.5255
4 2 8			0.03		1.37		23.76		0.34601	0.7605	51.4203212226	2.5419
1 5 13			0.02		1.39		23.31		0.34601	1.1973	71.2966048402	12.6128
0 6 18			0.02		1.4		22.93		0.35035	0.7949	98.0280769063	1.8601
2 4 14			0.02		1.43		22.39		0.35078	0.5221	70.6383718296	19.4111
4 2 14			0.02		1.45		21.87		0.35126	1.2576	70.6282605877	19.9713
3 1 13			0.02		1.47		21.49		0.35143	0.3869	59.4126405656	11.7895
6 0 6			0.02		1.49		20.97		0.35143	1.0815	60.1501886982	39.9969
6 0 12			0.02		1.51		20.63		0.35814	0.5892	74.995462768	0.9301
0 6 10			0.02		1.53		20.23		0.35769	0.8527	69.1637693973	8.5049
0 6 6			0.02		1.55		19.8		0.35707	1.0147	60.183190367	40.9583
1 1 13			0.02		1.57		19.43		0.35839	0.3722	52.9310122384	10.9703
6 0 10			0.02		1.59		19.1		0.35793	1.0728	69.1331306246	8.9056
2 4 6			0.02		1.6		18.81		0.35671	0.785	46.7364348384	64.2552
2 0 16			0.01		1.62		18.53		0.35847	0.5935	67.2372591268	11.8907
5 5 1			0.01		1.63		18.28		0.35831	0.5073	65.769247456	23.9531
5 1 11			-0.05		1.59		19.15		0.36039	3.2753	64.7131722767	203.727
1 1 9			0.02		1.61		18.78		0.36032	0.2216	37.1193146943	1.1702
6 4 6			0.02		1.62		18.42		0.36042	0.9247	71.9614498967	41.9809
0 6 14			0.02		1.64		18.12		0.36013	0.9096	81.7552219026	27.2955
2 4 10			0.01		1.65		17.9		0.35992	0.607	57.0555982332	12.0937
1 1 3			0.0		1.66		17.85		0.35973	0.4514	16.9416048235	36.8187
1 5 9			0.02		1.67		17.58		0.35901	0.4394	58.984264935	17.7365
2 4 12			0.02		1.69		17.27		0.3588	0.2205	63.4791913795	4.8908
3 7 1			0.01		1.7		17.09		0.35872	1.2822	71.5694631273	22.2453
0 6 16			0.02		1.72		16.83		0.3594	0.4825	89.3859051251	7.6515
4 2 0			0.0		1.72		16.76		0.3594	0.9287	40.0811891304	86.5118
5 1 13			0.01		1.73		16.51		0.35996	0.4567	71.2764535317	11.3258
3 3 13			0.02		1.75		16.26		0.36026	0.5636	65.4922780779	9.1158
2 4 2			0.01		1.76		16.12		0.36028	0.3828	40.8766170199	13.2501
0 6 0			0.01		1.77		15.97		0.36028	1.4277	54.7714555341	59.4019
5 5 5			-0.01		1.76		16.07		0.36089	1.5862	69.0631626084	104.8873
1 3 13			0.01		1.78		15.84		0.36115	0.3907	59.4200243294	11.5335
0 6 8			0.01		1.79		15.62		0.36098	0.7694	64.1950429677	5.6946
0 0 20			-0.0		1.79		15.65		0.36293	0.4542	83.3712939521	4.3689
9 1 1			0.01		1.8		15.5		0.36292	0.8793	87.9915459652	19.6393
2 2 16			0.01		1.81		15.39		0.36324	1.1693	70.1293332912	108.6018
0 2 12			0.01		1.81		15.28		0.36316	0.3827	50.6142203783	17.5707
0 4 20			0.01		1.83		15.07		0.36319	1.027	94.1654323607	18.6345
3 3 9			0.01		1.84		14.92		0.36312	0.3816	52.4524123761	12.0632
5 1 9			0.01		1.84		14.81		0.36304	0.4583	58.9619928854	19.0838
2 2 14			-0.01		1.83		14.97		0.36286	1.0835	61.7979105177	101.9829
4 6 6			0.01		1.85		14.77		0.36285	1.1903	71.9781772466	41.9784
6 2 10			-0.0		1.84		14.82		0.36296	0.7103	71.9901825081	43.9921
4 2 2			0.01		1.85		14.72		0.36297	0.457	40.8620305525	12.2524
1 3 15			0.01		1.86		14.57		0.36299	0.2862	67.3623786269	8.1809
0 2 8			0.01		1.87		14.39		0.36298	0.1155	35.7619852008	1.7384
6 4 2			0.01		1.88		14.24		0.36298	0.2211	67.6401768609	4.8049
2 0 10			0.0		1.88		14.23		0.36296	0.6169	42.9543880851	20.236
0 0 18			0.01		1.89		14.12		0.36301	0.6609	73.530655613	37.988
4 2 10			0.01		1.9		14.03		0.363	1.1102	57.0442200735	11.3144
1 7 1			0.0		1.9		14.0		0.36299	0.5219	65.7901743415	26.2984
2 6 6			-0.12		1.78		15.88		0.36269	5.383	63.2392339525	346.2148
0 2 10			0.0		1.78		15.86		0.36267	0.4317	42.9590557724	21.0204
5 1 1			0.0		1.79		15.81		0.36266	0.5346	46.1701152	26.7419
5 3 9			0.0		1.79		15.75		0.36258	0.4833	65.0662013285	20.8409
1 1 5			-0.06		1.73		16.81		0.36279	1.9661	22.8949597146	247.5537
3 7 5			0.0		1.73		16.78		0.3629	1.0548	74.7470539899	89.5814
0 0 16			0.0		1.73		16.71		0.36321	1.3342	64.286058028	116.6634
3 5 3			-0.01		1.72		16.91		0.36317	0.9259	54.5093201099	87.7589
1 5 11			-0.03		1.7		17.37		0.36318	1.8219	64.7342781598	204.7444
1 3 1			-0.0		1.69		17.39		0.36317	0.5324	28.3265170018	42.1271