HKL Value		Reward		TotalReward	Chi Squared	Z Appr. 	Error	Two-Thetas	Sfs2
5 3 7			0.0		0.0		0.0		0.3	0.2523	60.5057581853	5.4388
1 7 7			0.0		0.0		0.08		0.33542	0.4353	72.3061031614	6.1143
4 6 0			0.29		0.29		0.06		0.33542	0.7863	67.1083315067	59.4729
4 2 6			0.43		0.72		0.04		0.33544	1.6049	46.7233273538	62.1975
7 1 7			0.26		0.98		0.03		0.33563	0.3505	72.2660298289	5.0526
2 4 4			-1.0		-0.01		9.61		0.338	0.8182	43.1484985256	64.6996
6 4 0			0.2		0.18		8.01		0.33801	1.8287	67.0910631577	58.6803
0 2 20			0.16		0.35		6.88		0.33687	0.4494	86.0769303832	2.8517
3 1 11			-0.67		-0.32		20.96		0.36281	2.3814	52.0481274199	292.2152
2 4 8			0.1		-0.22		18.99		0.3615	0.1687	51.4325245866	2.4593
1 3 11			-0.34		-0.56		28.94		0.36239	2.4293	52.0561920156	298.4303
0 4 20			0.1		-0.46		26.34		0.3629	1.027	94.1654323607	18.6345
5 1 7			0.09		-0.38		24.26		0.36292	0.2609	54.1000446603	4.252
3 5 7			0.08		-0.3		22.53		0.36295	0.2309	60.5203777188	5.6046
3 3 7			0.07		-0.23		20.97		0.36296	0.1558	47.1418707618	3.5073
5 5 7			0.07		-0.16		19.63		0.36299	0.6639	72.2860687267	4.3062
1 5 7			0.06		-0.1		18.49		0.363	0.6035	54.1236034243	4.2528
1 3 7			0.06		-0.04		17.49		0.36303	0.1893	39.2755843192	5.3372
0 4 18			0.06		0.02		16.53		0.36307	0.8369	84.5238780681	17.4513
6 0 8			0.05		0.06		15.81		0.3628	2.9234	64.163237895	5.3359
3 7 5			0.01		0.07		15.73		0.36321	1.0548	74.7470539899	89.5814
2 0 14			0.05		0.12		14.98		0.36319	0.2634	58.6945218607	7.3942
0 6 2			0.04		0.16		14.39		0.36322	0.2356	55.3895592761	6.1752
1 1 7			0.04		0.2		13.83		0.36324	0.2012	29.7561292971	6.5386
6 0 2			0.04		0.24		13.32		0.36327	0.2214	55.354768557	5.4487
0 2 14			0.04		0.28		12.79		0.36331	0.2479	58.6982494177	6.3292
6 2 2			-0.17		0.11		15.48		0.3635	3.3001	58.5687226088	135.1206
2 0 8			0.04		0.14		14.92		0.36344	0.1665	35.7565424018	1.5727
4 6 2			0.03		0.17		14.48		0.36345	0.2349	67.657370766	5.5969
3 1 7			0.03		0.21		14.03		0.36347	0.257	39.2655360855	5.205
4 2 8			0.02		0.23		13.7		0.36318	0.7605	51.4203212226	2.5419
1 5 13			0.03		0.26		13.26		0.36326	1.1973	71.2966048402	12.6128
0 6 18			0.03		0.29		12.86		0.36326	0.7949	98.0280769063	1.8601
2 4 14			0.03		0.32		12.53		0.36309	0.5221	70.6383718296	19.4111
4 2 14			0.03		0.35		12.22		0.36293	1.2576	70.6282605877	19.9713
3 1 13			0.03		0.38		11.88		0.36299	0.3869	59.4126405656	11.7895
5 5 3			-0.03		0.35		12.2		0.3629	0.8107	66.8760743485	64.1048
6 0 6			0.02		0.37		11.97		0.36273	1.0815	60.1501886982	39.9969
0 6 10			0.02		0.38		11.78		0.36269	0.8527	69.1637693973	8.5049
6 0 12			0.03		0.41		11.48		0.36267	0.5892	74.995462768	0.9301
0 6 6			0.02		0.43		11.29		0.3625	1.0147	60.183190367	40.9583
1 1 13			0.02		0.45		11.02		0.36256	0.3722	52.9310122384	10.9703
6 0 10			0.01		0.47		10.87		0.36253	1.0728	69.1331306246	8.9056
3 1 5			-0.13		0.34		12.5		0.36298	2.8985	34.1781376955	186.2389
4 4 4			-0.07		0.27		13.39		0.36293	0.8476	53.9354251327	76.9211
2 4 6			0.0		0.27		13.33		0.36269	0.785	46.7364348384	64.2552
2 0 16			0.02		0.3		13.04		0.36279	0.5935	67.2372591268	11.8907
1 1 15			0.01		0.3		12.97		0.3629	0.656	61.3839959686	20.6242
5 5 1			0.01		0.31		12.83		0.36288	0.5073	65.769247456	23.9531
2 2 10			-0.01		0.3		12.97		0.36314	0.6429	46.7739448495	44.8949
0 6 14			0.01		0.31		12.79		0.36298	0.9096	81.7552219026	27.2955
1 1 9			0.02		0.33		12.55		0.36298	0.2216	37.1193146943	1.1702
2 4 10			0.01		0.34		12.44		0.36293	0.607	57.0555982332	12.0937
6 4 4			-0.0		0.34		12.46		0.36298	0.6669	69.2748711385	33.991
6 4 6			0.02		0.36		12.23		0.36295	0.9247	71.9614498967	41.9809
3 7 1			0.01		0.37		12.12		0.36294	1.2822	71.5694631273	22.2453
0 0 12			-0.16		0.21		14.4		0.36185	3.2426	47.0346015839	274.3783
1 5 9			0.01		0.22		14.23		0.36163	0.4394	58.984264935	17.7365
2 4 12			0.02		0.24		14.0		0.36154	0.2205	63.4791913795	4.8908
0 6 16			0.02		0.26		13.77		0.36161	0.4825	89.3859051251	7.6515
5 1 13			0.02		0.27		13.55		0.36173	0.4567	71.2764535317	11.3258
3 3 13			0.02		0.29		13.33		0.36175	0.5636	65.4922780779	9.1158
2 4 2			0.01		0.3		13.24		0.36176	0.3828	40.8766170199	13.2501
4 4 6			-0.18		0.11		16.21		0.36109	4.3817	57.0116572758	400.3855
1 3 13			0.02		0.13		15.97		0.36122	0.3907	59.4200243294	11.5335
0 6 8			0.01		0.14		15.75		0.36112	0.7694	64.1950429677	5.6946
7 3 3			-0.01		0.14		15.83		0.36105	1.9283	72.601334037	69.5466
9 1 1			0.01		0.15		15.67		0.36103	0.8793	87.9915459652	19.6393
3 5 9			0.01		0.15		15.55		0.36084	0.4755	65.0802252419	19.5165
3 1 15			0.01		0.17		15.37		0.36091	0.2871	67.3554895111	7.7692
3 3 9			0.01		0.18		15.2		0.36076	0.3816	52.4524123761	12.0632
4 6 6			0.01		0.19		14.98		0.36078	1.1903	71.9781772466	41.9784
5 1 9			0.01		0.2		14.84		0.36059	0.4583	58.9619928854	19.0838
4 2 2			0.01		0.21		14.73		0.3606	0.457	40.8620305525	12.2524
0 2 12			0.01		0.22		14.6		0.36037	0.3827	50.6142203783	17.5707
1 3 15			0.01		0.23		14.46		0.36044	0.2862	67.3623786269	8.1809
0 2 8			0.01		0.24		14.27		0.36044	0.1155	35.7619852008	1.7384
2 0 10			0.0		0.24		14.24		0.36037	0.6169	42.9543880851	20.236
0 6 0			0.01		0.25		14.15		0.36037	1.4277	54.7714555341	59.4019
6 4 2			0.01		0.26		13.99		0.36037	0.2211	67.6401768609	4.8049
1 7 3			-0.01		0.25		14.17		0.36029	0.9932	66.8968211493	90.2271
4 2 10			0.01		0.26		14.07		0.36023	1.1102	57.0442200735	11.3144
0 0 18			0.01		0.26		13.97		0.36017	0.6609	73.530655613	37.988
1 7 1			0.0		0.26		13.93		0.36014	0.5219	65.7901743415	26.2984
0 2 10			0.0		0.27		13.92		0.36006	0.4317	42.9590557724	21.0204
1 1 3			-0.0		0.26		13.93		0.36	0.4514	16.9416048235	36.8187
4 0 2			-0.06		0.21		14.8		0.36014	1.7854	36.5531212028	138.5255
6 2 10			-0.01		0.2		14.88		0.36039	0.7103	71.9901825081	43.9921