HKL Value		Reward		TotalReward	Chi Squared	Z Appr. 	Error	Two-Thetas	Sfs2
5 3 7			0.0		0.0		0.0		0.3	0.2523	60.5057581853	5.4388
1 7 7			0.0		0.0		0.08		0.33542	0.4353	72.3061031614	6.1143
4 6 0			0.29		0.29		0.06		0.33542	0.7863	67.1083315067	59.4729
4 2 6			0.43		0.72		0.04		0.33544	1.6049	46.7233273538	62.1975
7 1 7			0.26		0.98		0.03		0.33563	0.3505	72.2660298289	5.0526
2 4 8			0.0		0.98		0.03		0.33597	0.1687	51.4325245866	2.4593
6 4 0			0.11		1.09		0.03		0.33597	1.8287	67.0910631577	58.6803
5 1 7			-0.09		1.0		0.03		0.33624	0.2609	54.1000446603	4.252
0 2 20			0.05		1.05		0.03		0.33653	0.4494	86.0769303832	2.8517
3 5 7			0.1		1.15		0.03		0.33651	0.2309	60.5203777188	5.6046
5 1 13			-0.94		0.21		0.47		0.33601	0.4567	71.2764535317	11.3258
0 4 0			-0.99		-0.78		46.29		0.33601	6.137	35.7152072575	818.959
6 0 8			0.09		-0.69		42.56		0.33581	2.9234	64.163237895	5.3359
3 1 9			0.03		-0.66		41.26		0.33672	0.36	45.2950695798	8.7768
3 1 13			0.07		-0.59		38.66		0.33596	0.3869	59.4126405656	11.7895
3 3 13			0.07		-0.52		36.26		0.33544	0.5636	65.4922780779	9.1158
0 6 2			0.06		-0.46		34.19		0.33543	0.2356	55.3895592761	6.1752
1 1 13			0.06		-0.41		32.39		0.33494	0.3722	52.9310122384	10.9703
4 6 2			0.06		-0.35		30.7		0.3349	0.2349	67.657370766	5.5969
5 5 1			0.05		-0.31		29.28		0.33484	0.5073	65.769247456	23.9531
1 5 13			0.04		-0.26		28.02		0.33438	1.1973	71.2966048402	12.6128
0 6 16			0.04		-0.22		26.87		0.33454	0.4825	89.3859051251	7.6515
0 6 10			0.04		-0.18		25.86		0.33452	0.8527	69.1637693973	8.5049
1 5 7			0.04		-0.13		24.75		0.33466	0.6035	54.1236034243	4.2528
2 0 12			0.07		-0.06		23.12		0.36128	0.8079	50.6101057273	16.6151
6 0 2			0.04		-0.02		22.27		0.36134	0.2214	55.354768557	5.4487
5 5 7			0.04		0.01		21.45		0.36136	0.6639	72.2860687267	4.3062
1 3 15			0.03		0.05		20.78		0.36159	0.2862	67.3623786269	8.1809
4 4 8			-0.11		-0.07		23.46		0.36263	3.9407	61.1479986878	218.5721
1 1 9			0.04		-0.03		22.66		0.36261	0.2216	37.1193146943	1.1702
1 3 7			0.03		-0.0		21.96		0.36263	0.1893	39.2755843192	5.3372
2 0 14			0.03		0.03		21.25		0.36263	0.2634	58.6945218607	7.3942
2 4 14			0.03		0.06		20.63		0.36246	0.5221	70.6383718296	19.4111
2 4 6			0.02		0.08		20.32		0.36206	0.785	46.7364348384	64.2552
6 0 10			0.02		0.1		19.86		0.36199	1.0728	69.1331306246	8.9056
3 5 9			0.02		0.12		19.53		0.36155	0.4755	65.0802252419	19.5165
4 2 14			0.03		0.14		19.02		0.36133	1.2576	70.6282605877	19.9713
3 7 1			0.02		0.16		18.69		0.36128	1.2822	71.5694631273	22.2453
2 0 8			0.03		0.19		18.19		0.36124	0.1665	35.7565424018	1.5727
0 6 6			0.02		0.21		17.8		0.36085	1.0147	60.183190367	40.9583
4 2 2			0.02		0.23		17.54		0.36087	0.457	40.8620305525	12.2524
1 1 7			0.02		0.25		17.15		0.36091	0.2012	29.7561292971	6.5386
4 4 2			-0.08		0.16		18.74		0.36125	1.2125	52.0311030722	128.6454
0 0 4			-0.03		0.14		19.27		0.36116	0.8482	15.2869714585	59.1035
4 6 6			0.02		0.16		18.83		0.36118	1.1903	71.9781772466	41.9784
2 2 0			-0.43		-0.27		32.85		0.36118	11.1953	25.0390113278	1035.9387
2 4 2			0.02		-0.25		32.3		0.36122	0.3828	40.8766170199	13.2501
6 0 6			0.02		-0.23		31.67		0.36089	1.0815	60.1501886982	39.9969
1 5 9			0.02		-0.21		31.09		0.36024	0.4394	58.984264935	17.7365
0 6 14			0.02		-0.19		30.5		0.35993	0.9096	81.7552219026	27.2955
5 1 9			0.02		-0.17		29.96		0.359	0.4583	58.9619928854	19.0838
1 7 1			0.01		-0.16		29.59		0.35888	0.5219	65.7901743415	26.2984
9 1 1			0.02		-0.15		29.11		0.35878	0.8793	87.9915459652	19.6393
2 4 12			0.02		-0.13		28.56		0.35853	0.2205	63.4791913795	4.8908
0 4 2			-0.04		-0.16		29.68		0.35909	3.2657	36.5744795411	137.7475
2 2 16			0.01		-0.16		29.43		0.36162	1.1693	70.1293332912	108.6018
4 2 10			0.01		-0.14		29.02		0.36154	1.1102	57.0442200735	11.3144
1 1 17			-0.03		-0.17		30.0		0.35869	2.447	70.2810461715	248.4175
3 1 7			0.02		-0.16		29.51		0.35869	0.257	39.2655360855	5.205
2 4 10			0.01		-0.14		29.11		0.35855	0.607	57.0555982332	12.0937
0 6 18			0.02		-0.13		28.64		0.35855	0.7949	98.0280769063	1.8601
0 0 8			-0.04		-0.17		29.85		0.35969	2.1948	30.8548203523	183.9052
2 0 16			0.01		-0.15		29.41		0.3602	0.5935	67.2372591268	11.8907
3 3 5			-0.02		-0.17		29.89		0.36085	1.3995	42.8396693434	151.0913
0 6 0			0.01		-0.16		29.52		0.36085	1.4277	54.7714555341	59.4019
4 4 6			-0.08		-0.24		32.1		0.35959	4.3817	57.0116572758	400.3855
1 1 15			0.01		-0.23		31.79		0.35987	0.656	61.3839959686	20.6242
0 2 14			0.01		-0.21		31.32		0.35999	0.2479	58.6982494177	6.3292
4 2 8			0.01		-0.2		30.88		0.35976	0.7605	51.4203212226	2.5419
3 3 15			0.01		-0.18		30.46		0.35983	0.3402	73.0835579415	3.8877
4 2 0			0.01		-0.18		30.2		0.35983	0.9287	40.0811891304	86.5118
0 0 20			0.0		-0.17		30.14		0.36246	0.4542	83.3712939521	4.3689
3 5 1			0.01		-0.17		29.91		0.36245	0.5283	53.2544885252	31.9012
1 5 1			0.01		-0.16		29.66		0.36244	0.4978	46.196563203	27.3004
5 3 1			0.01		-0.15		29.46		0.36244	0.5252	53.2386121167	32.835
6 0 4			0.0		-0.15		29.37		0.36245	0.7069	57.1830782131	42.6751
4 0 6			-0.11		-0.25		32.9		0.36206	5.3963	42.900258124	488.2208
6 2 10			0.01		-0.25		32.72		0.3622	0.7103	71.9901825081	43.9921
3 3 1			0.01		-0.24		32.48		0.36218	0.5106	38.1558496662	33.1617
4 0 10			0.0		-0.24		32.32		0.36232	0.6243	53.7713327333	45.2096
0 2 10			0.01		-0.23		32.09		0.36229	0.4317	42.9590557724	21.0204
4 6 4			0.01		-0.22		31.85		0.36231	1.0731	69.291881243	33.3045
2 0 10			0.01		-0.21		31.62		0.36228	0.6169	42.9543880851	20.236
2 2 10			0.0		-0.21		31.49		0.36242	0.6429	46.7739448495	44.8949
0 4 10			0.0		-0.21		31.34		0.36257	0.9893	53.7871001638	44.1425
0 4 16			0.01		-0.2		31.02		0.36281	1.5557	75.7704700384	94.8658
0 4 20			0.01		-0.18		30.66		0.36289	1.027	94.1654323607	18.6345
2 0 4			-0.02		-0.2		31.14		0.36292	1.3874	23.4143586184	109.347
5 5 3			0.0		-0.2		31.06		0.36288	0.8107	66.8760743485	64.1048
3 7 3			0.0		-0.19		30.97		0.36285	0.8954	72.6346668965	71.6226
1 3 1			0.0		-0.19		30.84		0.36283	0.5324	28.3265170018	42.1271
7 3 5			0.01		-0.18		30.65		0.36293	1.0496	74.7140851895	88.0788
0 0 16			0.01		-0.18		30.43		0.36323	1.3342	64.286058028	116.6634
4 2 12			0.01		-0.17		30.12		0.36321	0.2244	63.468523569	4.7972
3 5 5			-0.0		-0.17		30.26		0.36336	1.2751	56.9624934876	133.7285
3 3 3			0.0		-0.17		30.21		0.36332	0.8081	39.7679129272	70.9373
3 1 15			0.01		-0.16		29.92		0.36334	0.2871	67.3554895111	7.7692
1 1 3			0.0		-0.15		29.78		0.36332	0.4514	16.9416048235	36.8187
7 1 5			0.0		-0.15		29.73		0.36343	1.5264	69.0427278305	98.726
4 4 10			0.0		-0.15		29.64		0.36356	0.6886	66.23802526	47.6672
5 1 1			0.01		-0.14		29.46		0.36355	0.5346	46.1701152	26.7419
1 1 1			0.0		-0.14		29.41		0.36353	0.5749	13.0194761966	56.7652