HKL Value		Reward		TotalReward	Chi Squared	Z Appr. 	Error	Two-Thetas	Sfs2
5 3 7			0.0		0.0		0.0		0.3	0.2523	60.5057581853	5.4388
1 7 7			0.0		0.0		0.08		0.33542	0.4353	72.3061031614	6.1143
1 1 7			-0.32		-0.32		0.11		0.33639	0.2012	29.7561292971	6.5386
4 6 0			0.26		-0.06		0.09		0.33639	0.7863	67.1083315067	59.4729
3 3 15			-0.94		-0.99		1.38		0.35042	0.3402	73.0835579415	3.8877
4 2 6			0.02		-0.98		1.36		0.34991	1.6049	46.7233273538	62.1975
7 1 7			-0.03		-1.01		1.4		0.3498	0.3505	72.2660298289	5.0526
6 4 0			0.16		-0.84		1.21		0.3498	1.8287	67.0910631577	58.6803
2 4 8			0.08		-0.76		1.11		0.35004	0.1687	51.4325245866	2.4593
5 3 11			-0.86		-1.62		7.96		0.36008	1.8677	70.5420870211	204.0714
5 1 7			0.09		-1.53		7.31		0.36014	0.2609	54.1000446603	4.252
0 4 12			-0.29		-1.82		10.32		0.35027	1.4889	60.4300914167	161.7651
5 5 7			0.08		-1.74		9.53		0.3502	0.6639	72.2860687267	4.3062
0 2 20			0.07		-1.67		8.88		0.35026	0.4494	86.0769303832	2.8517
3 5 7			0.06		-1.6		8.37		0.35015	0.2309	60.5203777188	5.6046
1 5 7			0.06		-1.54		7.9		0.35008	0.6035	54.1236034243	4.2528
1 3 7			0.05		-1.49		7.49		0.34998	0.1893	39.2755843192	5.3372
6 0 2			0.04		-1.45		7.19		0.35001	0.2214	55.354768557	5.4487
6 0 8			0.05		-1.4		6.84		0.3504	2.9234	64.163237895	5.3359
0 6 2			0.03		-1.37		6.64		0.35045	0.2356	55.3895592761	6.1752
2 0 14			0.05		-1.31		6.31		0.35059	0.2634	58.6945218607	7.3942
3 1 7			0.04		-1.28		6.07		0.35052	0.257	39.2655360855	5.205
3 1 9			0.03		-1.24		5.87		0.35147	0.36	45.2950695798	8.7768
1 5 11			-0.35		-1.59		8.99		0.35482	1.8219	64.7342781598	204.7444
4 6 2			0.03		-1.56		8.73		0.35481	0.2349	67.657370766	5.5969
0 2 14			0.04		-1.52		8.41		0.3546	0.2479	58.6982494177	6.3292
1 1 13			0.02		-1.51		8.28		0.35513	0.3722	52.9310122384	10.9703
1 5 13			0.01		-1.49		8.18		0.35596	1.1973	71.2966048402	12.6128
6 4 4			-0.03		-1.52		8.42		0.35642	0.6669	69.2748711385	33.991
2 4 14			0.03		-1.49		8.14		0.35649	0.5221	70.6383718296	19.4111
4 2 14			0.03		-1.46		7.89		0.35655	1.2576	70.6282605877	19.9713
0 6 10			0.02		-1.44		7.74		0.35627	0.8527	69.1637693973	8.5049
2 4 12			0.03		-1.41		7.51		0.35673	0.2205	63.4791913795	4.8908
4 2 8			0.03		-1.37		7.29		0.35656	0.7605	51.4203212226	2.5419
3 1 13			0.01		-1.36		7.2		0.35721	0.3869	59.4126405656	11.7895
3 3 13			0.02		-1.34		7.05		0.35798	0.5636	65.4922780779	9.1158
6 0 10			0.01		-1.33		6.96		0.3577	1.0728	69.1331306246	8.9056
6 0 6			0.02		-1.31		6.8		0.35731	1.0815	60.1501886982	39.9969
0 6 6			0.02		-1.28		6.65		0.35695	1.0147	60.183190367	40.9583
5 5 1			0.0		-1.28		6.63		0.35687	0.5073	65.769247456	23.9531
2 4 6			0.01		-1.27		6.59		0.35627	0.785	46.7364348384	64.2552
0 0 8			-0.27		-1.54		9.03		0.35839	2.1948	30.8548203523	183.9052
2 0 16			0.01		-1.53		8.91		0.35954	0.5935	67.2372591268	11.8907
3 3 7			0.02		-1.51		8.72		0.35954	0.1558	47.1418707618	3.5073
9 1 1			0.01		-1.5		8.63		0.35949	0.8793	87.9915459652	19.6393
2 4 10			0.01		-1.49		8.58		0.35923	0.607	57.0555982332	12.0937
3 3 3			-0.04		-1.53		8.91		0.35888	0.8081	39.7679129272	70.9373
3 5 9			0.01		-1.52		8.83		0.35784	0.4755	65.0802252419	19.5165
0 6 14			0.02		-1.5		8.68		0.35776	0.9096	81.7552219026	27.2955
0 2 16			0.01		-1.5		8.62		0.35896	1.8687	67.2407114996	13.8307
3 7 1			0.01		-1.49		8.58		0.35891	1.2822	71.5694631273	22.2453
2 0 8			0.02		-1.47		8.41		0.35891	0.1665	35.7565424018	1.5727
4 6 6			0.02		-1.45		8.25		0.35915	1.1903	71.9781772466	41.9784
0 6 18			0.02		-1.43		8.11		0.35915	0.7949	98.0280769063	1.8601
4 2 2			0.0		-1.43		8.09		0.35919	0.457	40.8620305525	12.2524
1 5 9			0.01		-1.42		7.99		0.3585	0.4394	58.984264935	17.7365
1 1 9			0.02		-1.4		7.85		0.3585	0.2216	37.1193146943	1.1702
1 3 13			0.01		-1.39		7.75		0.35917	0.3907	59.4200243294	11.5335
0 0 18			0.01		-1.38		7.71		0.3586	0.6609	73.530655613	37.988
0 2 12			0.01		-1.37		7.62		0.35748	0.3827	50.6142203783	17.5707
2 4 2			-0.0		-1.37		7.63		0.35748	0.3828	40.8766170199	13.2501
5 1 13			0.01		-1.36		7.56		0.35831	0.4567	71.2764535317	11.3258
0 6 16			0.01		-1.35		7.47		0.35923	0.4825	89.3859051251	7.6515
1 1 15			-0.01		-1.36		7.54		0.3598	0.656	61.3839959686	20.6242
6 4 6			0.02		-1.34		7.42		0.35992	0.9247	71.9614498967	41.9809
3 1 15			0.01		-1.34		7.36		0.3601	0.2871	67.3554895111	7.7692
4 0 2			-0.14		-1.48		8.59		0.36041	1.7854	36.5531212028	138.5255
1 3 15			0.01		-1.47		8.52		0.36058	0.2862	67.3623786269	8.1809
1 7 1			-0.0		-1.48		8.56		0.36055	0.5219	65.7901743415	26.2984
0 4 20			0.01		-1.47		8.49		0.36155	1.027	94.1654323607	18.6345
2 0 10			-0.01		-1.47		8.55		0.3615	0.6169	42.9543880851	20.236
0 6 8			0.01		-1.46		8.45		0.3614	0.7694	64.1950429677	5.6946
4 2 10			0.0		-1.46		8.42		0.36135	1.1102	57.0442200735	11.3144
5 1 1			-0.01		-1.46		8.46		0.36133	0.5346	46.1701152	26.7419
5 1 9			0.01		-1.46		8.42		0.36114	0.4583	58.9619928854	19.0838
3 3 9			0.01		-1.45		8.35		0.361	0.3816	52.4524123761	12.0632
0 6 0			0.0		-1.45		8.32		0.361	1.4277	54.7714555341	59.4019
4 2 0			-0.01		-1.46		8.38		0.361	0.9287	40.0811891304	86.5118
0 2 10			-0.01		-1.46		8.44		0.36093	0.4317	42.9590557724	21.0204
0 0 16			-0.01		-1.47		8.55		0.36172	1.3342	64.286058028	116.6634