HKL Value		Reward		TotalReward	Chi Squared	Z Appr. 	Error	Two-Thetas	Sfs2
5 3 7			0.0		0.0		0.0		0.3	0.2523	60.5057581853	5.4388
1 7 7			0.0		0.0		0.08		0.33542	0.4353	72.3061031614	6.1143
4 2 4			-1.0		-1.0		18.79		0.37837	0.7624	43.1345383828	64.2766
4 6 0			0.5		-0.5		12.54		0.37837	0.7863	67.1083315067	59.4729
4 2 6			0.06		-0.44		11.87		0.341	1.6049	46.7233273538	62.1975
4 0 6			-0.79		-1.23		57.42		0.33539	5.3963	42.900258124	488.2208
7 1 7			0.2		-1.03		47.85		0.3355	0.3505	72.2660298289	5.0526
6 4 0			0.17		-0.87		41.02		0.3355	1.8287	67.0910631577	58.6803
2 4 8			0.14		-0.73		35.9		0.33576	0.1687	51.4325245866	2.4593
5 1 7			0.12		-0.6		31.92		0.33597	0.2609	54.1000446603	4.252
0 2 20			0.11		-0.49		28.73		0.33638	0.4494	86.0769303832	2.8517
1 3 7			0.1		-0.39		26.12		0.33644	0.1893	39.2755843192	5.3372
3 5 7			0.09		-0.3		23.95		0.33642	0.2309	60.5203777188	5.6046
4 2 8			0.08		-0.22		22.1		0.33642	0.7605	51.4203212226	2.5419
2 2 16			-0.09		-0.31		24.38		0.33462	1.1693	70.1293332912	108.6018
5 1 11			-0.25		-0.56		32.61		0.33688	3.2753	64.7131722767	203.727
5 5 7			0.07		-0.49		30.58		0.33719	0.6639	72.2860687267	4.3062
3 1 3			0.02		-0.47		29.95		0.33712	1.2003	30.3814370344	67.5761
1 1 11			-0.13		-0.6		34.42		0.36165	2.144	44.8525636461	378.5934
1 5 7			0.05		-0.55		32.68		0.36168	0.6035	54.1236034243	4.2528
2 0 14			0.05		-0.5		31.04		0.36175	0.2634	58.6945218607	7.3942
6 0 8			0.05		-0.45		29.66		0.36132	2.9234	64.163237895	5.3359
0 6 2			0.04		-0.41		28.41		0.36138	0.2356	55.3895592761	6.1752
6 0 2			0.04		-0.36		27.25		0.36142	0.2214	55.354768557	5.4487
4 6 2			0.04		-0.33		26.23		0.36142	0.2349	67.657370766	5.5969
9 1 1			0.03		-0.29		25.38		0.36139	0.8793	87.9915459652	19.6393
1 5 13			0.04		-0.25		24.44		0.3618	1.1973	71.2966048402	12.6128
2 4 14			0.04		-0.22		23.58		0.3616	0.5221	70.6383718296	19.4111
1 1 13			0.04		-0.18		22.76		0.36183	0.3722	52.9310122384	10.9703
4 2 14			0.03		-0.15		22.02		0.36165	1.2576	70.6282605877	19.9713
0 6 10			0.03		-0.12		21.43		0.36156	0.8527	69.1637693973	8.5049
0 2 14			0.03		-0.09		20.75		0.36166	0.2479	58.6982494177	6.3292
7 3 1			0.02		-0.07		20.31		0.36163	0.5095	71.5359286583	22.1332
0 0 12			-0.14		-0.2		23.49		0.35705	3.2426	47.0346015839	274.3783
4 6 6			0.03		-0.17		22.83		0.35748	1.1903	71.9781772466	41.9784
3 1 7			0.03		-0.14		22.22		0.35748	0.257	39.2655360855	5.205
2 6 8			-0.08		-0.23		24.22		0.35999	4.3291	67.1483383839	218.3417
1 3 11			-0.1		-0.32		26.81		0.36077	2.4293	52.0561920156	298.4303
3 1 13			0.03		-0.3		26.14		0.36108	0.3869	59.4126405656	11.7895
4 2 2			0.02		-0.28		25.65		0.3611	0.457	40.8620305525	12.2524
1 5 9			0.02		-0.26		25.11		0.36073	0.4394	58.984264935	17.7365
5 5 1			0.02		-0.24		24.65		0.36069	0.5073	65.769247456	23.9531
3 7 3			0.0		-0.24		24.59		0.36052	0.8954	72.6346668965	71.6226
1 3 1			0.0		-0.23		24.47		0.36046	0.5324	28.3265170018	42.1271
0 6 12			0.02		-0.21		23.92		0.3604	0.3425	75.0250979777	1.887
1 1 7			0.02		-0.19		23.42		0.36042	0.2012	29.7561292971	6.5386
4 0 8			-0.08		-0.26		25.36		0.36146	2.9483	47.8850437629	244.3799
0 6 6			0.02		-0.24		24.88		0.36123	1.0147	60.183190367	40.9583
1 7 1			0.01		-0.23		24.6		0.3612	0.5219	65.7901743415	26.2984
3 3 13			0.02		-0.21		24.1		0.3613	0.5636	65.4922780779	9.1158
2 4 6			0.01		-0.2		23.8		0.36096	0.785	46.7364348384	64.2552
2 4 10			0.01		-0.19		23.46		0.36088	0.607	57.0555982332	12.0937
2 0 16			0.02		-0.17		23.04		0.36122	0.5935	67.2372591268	11.8907
6 0 10			0.02		-0.15		22.69		0.36116	1.0728	69.1331306246	8.9056
2 0 0			-0.02		-0.17		23.13		0.36116	2.02	17.6289686615	175.6782
0 0 16			0.01		-0.16		22.98		0.3622	1.3342	64.286058028	116.6634
0 6 18			0.02		-0.15		22.58		0.3622	0.7949	98.0280769063	1.8601
3 5 9			0.01		-0.14		22.34		0.36201	0.4755	65.0802252419	19.5165
0 2 18			0.02		-0.12		21.98		0.36202	0.3755	76.3208597895	3.7538
3 7 1			0.01		-0.11		21.71		0.36199	1.2822	71.5694631273	22.2453
0 6 14			0.01		-0.09		21.4		0.36186	0.9096	81.7552219026	27.2955
2 2 6			-0.21		-0.31		27.19		0.36085	8.3224	34.2684003079	615.2447
6 4 2			0.02		-0.29		26.79		0.36085	0.2211	67.6401768609	4.8049
2 4 2			0.01		-0.28		26.49		0.36086	0.3828	40.8766170199	13.2501
6 0 6			0.01		-0.26		26.11		0.3607	1.0815	60.1501886982	39.9969
2 4 12			0.02		-0.25		25.72		0.36058	0.2205	63.4791913795	4.8908
4 2 10			0.01		-0.24		25.42		0.36051	1.1102	57.0442200735	11.3144
3 3 7			0.01		-0.22		25.06		0.36051	0.1558	47.1418707618	3.5073
2 0 8			0.01		-0.21		24.69		0.36051	0.1665	35.7565424018	1.5727
3 3 9			0.01		-0.2		24.37		0.36029	0.3816	52.4524123761	12.0632
1 3 13			0.01		-0.18		24.04		0.36051	0.3907	59.4200243294	11.5335
0 0 18			0.01		-0.17		23.79		0.36047	0.6609	73.530655613	37.988
5 1 13			0.01		-0.16		23.47		0.36068	0.4567	71.2764535317	11.3258
5 3 9			0.01		-0.15		23.26		0.36039	0.4833	65.0662013285	20.8409
0 6 16			0.01		-0.14		22.96		0.3606	0.4825	89.3859051251	7.6515
2 2 14			0.0		-0.13		22.95		0.36028	1.0835	61.7979105177	101.9829
1 5 1			0.01		-0.13		22.81		0.36026	0.4978	46.196563203	27.3004
1 1 9			0.01		-0.12		22.51		0.36023	0.2216	37.1193146943	1.1702
1 1 15			0.01		-0.11		22.37		0.36042	0.656	61.3839959686	20.6242
6 0 4			-0.0		-0.11		22.38		0.36047	0.7069	57.1830782131	42.6751
3 1 15			0.01		-0.1		22.15		0.36056	0.2871	67.3554895111	7.7692
0 2 16			0.01		-0.09		21.91		0.36088	1.8687	67.2407114996	13.8307
3 5 3			-0.01		-0.09		22.06		0.36078	0.9259	54.5093201099	87.7589
0 4 20			0.01		-0.08		21.84		0.36143	1.027	94.1654323607	18.6345
1 3 15			0.01		-0.07		21.62		0.36148	0.2862	67.3623786269	8.1809
2 0 10			0.0		-0.07		21.52		0.36143	0.6169	42.9543880851	20.236
5 1 1			0.01		-0.06		21.4		0.36142	0.5346	46.1701152	26.7419
4 0 4			-0.02		-0.08		21.75		0.36138	1.2165	39.0343929222	79.1487
6 4 6			0.01		-0.07		21.5		0.36138	0.9247	71.9614498967	41.9809
0 2 10			0.0		-0.06		21.41		0.36135	0.4317	42.9590557724	21.0204
0 6 0			0.01		-0.06		21.24		0.36135	1.4277	54.7714555341	59.4019
1 1 1			-0.0		-0.06		21.28		0.36132	0.5749	13.0194761966	56.7652
5 1 9			0.01		-0.05		21.1		0.36119	0.4583	58.9619928854	19.0838
1 1 17			-0.03		-0.08		21.82		0.36023	2.447	70.2810461715	248.4175
4 4 10			-0.0		-0.08		21.85		0.36039	0.6886	66.23802526	47.6672
0 2 22			-0.0		-0.08		21.86		0.36074	1.8317	96.7387030121	97.213