HKL Value		Reward		TotalReward	Chi Squared	Z Appr. 	Error	Two-Thetas	Sfs2
5 3 7			0.0		0.0		0.0		0.3	0.2523	60.5057581853	5.4388
1 7 7			0.0		0.0		0.08		0.33542	0.4353	72.3061031614	6.1143
4 6 0			0.29		0.29		0.06		0.33542	0.7863	67.1083315067	59.4729
4 2 6			0.43		0.72		0.04		0.33544	1.6049	46.7233273538	62.1975
7 1 7			0.26		0.98		0.03		0.33563	0.3505	72.2660298289	5.0526
6 4 0			0.14		1.12		0.03		0.33563	1.8287	67.0910631577	58.6803
4 2 14			-0.98		0.13		1.8		0.33213	1.2576	70.6282605877	19.9713
2 6 6			-0.91		-0.77		19.17		0.33242	5.383	63.2392339525	346.2148
2 4 8			0.14		-0.64		16.88		0.33335	0.1687	51.4325245866	2.4593
0 2 20			0.11		-0.52		15.18		0.33568	0.4494	86.0769303832	2.8517
5 1 7			0.11		-0.41		13.67		0.33576	0.2609	54.1000446603	4.252
3 5 7			0.1		-0.31		12.43		0.33577	0.2309	60.5203777188	5.6046
3 3 7			0.09		-0.23		11.46		0.33603	0.1558	47.1418707618	3.5073
5 5 7			0.08		-0.15		10.6		0.3362	0.6639	72.2860687267	4.3062
1 5 7			0.08		-0.07		9.85		0.33625	0.6035	54.1236034243	4.2528
1 3 7			0.07		-0.0		9.2		0.3363	0.1893	39.2755843192	5.3372
1 1 7			0.07		0.06		8.63		0.33638	0.2012	29.7561292971	6.5386
2 0 14			0.05		0.11		8.23		0.33598	0.2634	58.6945218607	7.3942
6 0 8			0.05		0.16		7.86		0.33583	2.9234	64.163237895	5.3359
2 4 14			-0.03		0.13		8.07		0.3355	0.5221	70.6383718296	19.4111
1 3 15			-0.01		0.12		8.17		0.34748	0.2862	67.3623786269	8.1809
0 2 14			0.05		0.17		7.81		0.34789	0.2479	58.6982494177	6.3292
0 6 2			0.03		0.2		7.59		0.34793	0.2356	55.3895592761	6.1752
2 0 16			0.02		0.21		7.46		0.34752	0.5935	67.2372591268	11.8907
2 0 8			0.04		0.26		7.16		0.34742	0.1665	35.7565424018	1.5727
6 0 2			0.03		0.28		6.98		0.34745	0.2214	55.354768557	5.4487
0 6 18			0.01		0.29		6.94		0.35036	0.7949	98.0280769063	1.8601
4 6 2			0.02		0.31		6.78		0.35035	0.2349	67.657370766	5.5969
3 1 7			0.03		0.34		6.59		0.35031	0.257	39.2655360855	5.205
4 2 8			0.03		0.37		6.38		0.35038	0.7605	51.4203212226	2.5419
1 5 13			-0.0		0.37		6.41		0.35045	1.1973	71.2966048402	12.6128
0 6 10			0.02		0.39		6.28		0.35045	0.8527	69.1637693973	8.5049
4 0 2			-0.3		0.09		9.02		0.35071	1.7854	36.5531212028	138.5255
6 0 6			0.03		0.12		8.75		0.35072	1.0815	60.1501886982	39.9969
6 0 12			-0.02		0.09		8.94		0.3556	0.5892	74.995462768	0.9301
3 1 13			0.01		0.11		8.83		0.3562	0.3869	59.4126405656	11.7895
0 6 6			0.03		0.13		8.61		0.3559	1.0147	60.183190367	40.9583
5 3 9			0.02		0.15		8.46		0.35518	0.4833	65.0662013285	20.8409
2 4 6			0.01		0.16		8.35		0.35477	0.785	46.7364348384	64.2552
6 0 10			0.02		0.18		8.22		0.35468	1.0728	69.1331306246	8.9056
2 4 12			0.02		0.2		8.05		0.35532	0.2205	63.4791913795	4.8908
1 1 9			0.02		0.22		7.87		0.35559	0.2216	37.1193146943	1.1702
6 4 6			0.02		0.24		7.72		0.35584	0.9247	71.9614498967	41.9809
1 1 13			0.01		0.25		7.64		0.35615	0.3722	52.9310122384	10.9703
1 5 9			0.02		0.27		7.48		0.35593	0.4394	58.984264935	17.7365
0 2 18			0.02		0.3		7.33		0.35577	0.3755	76.3208597895	3.7538
1 3 5			-0.21		0.09		9.28		0.35696	3.1323	34.189462707	190.138
0 6 16			0.01		0.1		9.15		0.35751	0.4825	89.3859051251	7.6515
3 3 13			0.02		0.12		9.0		0.35823	0.5636	65.4922780779	9.1158
0 6 14			0.02		0.13		8.85		0.35814	0.9096	81.7552219026	27.2955
2 4 10			0.01		0.14		8.79		0.35786	0.607	57.0555982332	12.0937
3 7 1			0.01		0.15		8.74		0.35777	1.2822	71.5694631273	22.2453
6 2 2			-0.14		0.0		10.22		0.35834	3.3001	58.5687226088	135.1206
0 6 8			0.02		0.02		10.03		0.35813	0.7694	64.1950429677	5.6946
6 2 0			-0.33		-0.32		15.07		0.35813	4.3933	57.9728440251	566.5186
1 3 9			0.02		-0.3		14.8		0.35793	0.2622	45.3040218183	7.1674
5 5 1			0.01		-0.29		14.64		0.35786	0.5073	65.769247456	23.9531
5 1 13			0.01		-0.27		14.44		0.3585	0.4567	71.2764535317	11.3258
1 3 13			0.01		-0.26		14.23		0.3592	0.3907	59.4200243294	11.5335
0 2 8			0.02		-0.24		13.99		0.35923	0.1155	35.7619852008	1.7384
9 1 1			0.01		-0.23		13.84		0.3592	0.8793	87.9915459652	19.6393
3 5 5			-0.04		-0.27		14.43		0.36029	1.2751	56.9624934876	133.7285
2 4 2			0.01		-0.26		14.32		0.36031	0.3828	40.8766170199	13.2501
6 4 2			0.01		-0.25		14.13		0.36031	0.2211	67.6401768609	4.8049
3 3 9			0.01		-0.24		13.95		0.35995	0.3816	52.4524123761	12.0632
5 1 9			0.01		-0.22		13.79		0.35937	0.4583	58.9619928854	19.0838
0 2 12			0.01		-0.21		13.64		0.35859	0.3827	50.6142203783	17.5707
3 5 9			0.01		-0.2		13.51		0.35789	0.4755	65.0802252419	19.5165
0 6 0			0.01		-0.2		13.41		0.35789	1.4277	54.7714555341	59.4019
0 0 18			0.01		-0.19		13.27		0.35726	0.6609	73.530655613	37.988
3 1 1			-0.01		-0.19		13.35		0.35717	0.5239	28.3131072915	41.7464
6 4 4			-0.0		-0.19		13.37		0.35732	0.6669	69.2748711385	33.991
0 4 20			0.0		-0.19		13.35		0.36072	1.027	94.1654323607	18.6345
6 2 6			-0.14		-0.33		15.45		0.35991	3.9921	63.2107357729	344.5633
4 6 6			0.01		-0.31		15.25		0.35995	1.1903	71.9781772466	41.9784
4 2 10			0.01		-0.31		15.12		0.35989	1.1102	57.0442200735	11.3144
2 4 0			0.0		-0.3		15.11		0.35989	1.4359	40.0960076051	88.2765
4 2 2			0.01		-0.3		15.0		0.35989	0.457	40.8620305525	12.2524
1 1 15			0.0		-0.29		14.96		0.36008	0.656	61.3839959686	20.6242
3 1 15			0.01		-0.29		14.81		0.36016	0.2871	67.3554895111	7.7692
0 0 20			-0.01		-0.29		14.95		0.36237	0.4542	83.3712939521	4.3689
1 7 1			0.0		-0.29		14.9		0.36236	0.5219	65.7901743415	26.2984
0 4 6			-0.18		-0.48		18.27		0.36199	3.7688	42.9189471786	481.9509
0 2 16			0.01		-0.46		18.07		0.3621	1.8687	67.2407114996	13.8307
2 0 10			0.0		-0.46		18.01		0.36207	0.6169	42.9543880851	20.236
0 2 2			-0.01		-0.47		18.11		0.36206	0.4614	19.2417464495	36.8131
3 1 9			0.01		-0.46		17.93		0.36201	0.36	45.2950695798	8.7768
1 1 3			0.0		-0.46		17.91		0.36198	0.4514	16.9416048235	36.8187
5 1 1			0.0		-0.45		17.84		0.36197	0.5346	46.1701152	26.7419
1 1 17			-0.05		-0.5		18.69		0.36128	2.447	70.2810461715	248.4175
0 0 22			0.01		-0.49		18.52		0.36137	2.2765	94.0325860765	137.6091
0 6 4			-0.0		-0.49		18.58		0.36139	0.6675	57.2171401797	42.9768
6 2 10			-0.0		-0.49		18.59		0.3615	0.7103	71.9901825081	43.9921
1 3 1			-0.0		-0.49		18.6		0.36149	0.5324	28.3265170018	42.1271