HKL Value		Reward		TotalReward	Chi Squared	Z Appr. 	Error	Two-Thetas	Sfs2
5 3 7			0.0		0.0		0.0		0.3	0.2523	60.5057581853	5.4388
1 7 7			0.0		0.0		0.08		0.33542	0.4353	72.3061031614	6.1143
4 6 0			0.29		0.29		0.06		0.33542	0.7863	67.1083315067	59.4729
4 2 6			0.43		0.72		0.04		0.33544	1.6049	46.7233273538	62.1975
3 5 1			-0.98		-0.26		2.6		0.33462	0.5283	53.2544885252	31.9012
7 1 7			0.24		-0.02		2.09		0.33506	0.3505	72.2660298289	5.0526
1 5 1			-0.36		-0.38		3.29		0.3346	0.4978	46.196563203	27.3004
6 4 0			0.17		-0.22		2.82		0.3346	1.8287	67.0910631577	58.6803
2 4 8			0.13		-0.08		2.48		0.33523	0.1687	51.4325245866	2.4593
0 2 20			0.11		0.03		2.23		0.33626	0.4494	86.0769303832	2.8517
5 1 7			0.11		0.14		2.01		0.33632	0.2609	54.1000446603	4.252
3 1 7			0.1		0.24		1.84		0.33639	0.257	39.2655360855	5.205
3 5 7			0.09		0.33		1.68		0.33638	0.2309	60.5203777188	5.6046
1 3 7			0.08		0.41		1.56		0.33643	0.1893	39.2755843192	5.3372
5 5 7			0.06		0.47		1.47		0.33659	0.6639	72.2860687267	4.3062
0 4 18			-0.48		-0.01		2.81		0.35472	0.8369	84.5238780681	17.4513
3 3 7			0.05		0.04		2.69		0.3547	0.1558	47.1418707618	3.5073
5 1 9			0.05		0.09		2.55		0.35439	0.4583	58.9619928854	19.0838
1 5 7			0.03		0.12		2.48		0.35437	0.6035	54.1236034243	4.2528
0 4 10			-0.33		-0.21		3.7		0.35474	0.9893	53.7871001638	44.1425
1 1 7			0.03		-0.18		3.6		0.35471	0.2012	29.7561292971	6.5386
0 6 18			0.05		-0.14		3.44		0.35452	0.7949	98.0280769063	1.8601
2 0 14			0.04		-0.09		3.3		0.3544	0.2634	58.6945218607	7.3942
6 0 8			0.04		-0.05		3.16		0.35447	2.9234	64.163237895	5.3359
0 2 14			0.03		-0.01		3.05		0.35428	0.2479	58.6982494177	6.3292
6 0 2			0.01		-0.0		3.02		0.35432	0.2214	55.354768557	5.4487
0 6 2			0.0		0.0		3.01		0.35438	0.2356	55.3895592761	6.1752
2 0 8			0.03		0.04		2.91		0.35445	0.1665	35.7565424018	1.5727
3 7 1			-0.04		-0.0		3.02		0.35437	1.2822	71.5694631273	22.2453
4 4 12			-0.11		-0.11		3.37		0.35259	1.9475	72.2035773977	130.2426
4 2 8			0.03		-0.07		3.27		0.35263	0.7605	51.4203212226	2.5419
4 6 2			0.01		-0.07		3.25		0.35262	0.2349	67.657370766	5.5969
1 1 9			0.0		-0.07		3.24		0.3532	0.2216	37.1193146943	1.1702
5 1 1			-0.07		-0.13		3.47		0.35316	0.5346	46.1701152	26.7419
0 4 0			-0.81		-0.94		18.21		0.35316	6.137	35.7152072575	818.959
4 2 14			0.03		-0.91		17.72		0.35329	1.2576	70.6282605877	19.9713
0 6 10			0.02		-0.89		17.31		0.35325	0.8527	69.1637693973	8.5049
6 0 6			0.03		-0.86		16.84		0.35321	1.0815	60.1501886982	39.9969
3 5 11			-0.07		-0.94		18.21		0.35452	1.8915	70.5555824797	206.4699
1 5 13			0.02		-0.92		17.89		0.35476	1.1973	71.2966048402	12.6128
5 1 3			-0.01		-0.93		18.03		0.3546	0.9592	47.5591860667	88.1873
5 1 11			-0.07		-0.99		19.32		0.35608	3.2753	64.7131722767	203.727
2 2 12			-0.05		-1.05		20.38		0.35366	1.9766	54.0147953295	208.0279