HKL Value		Reward		TotalReward	Chi Squared	Z Appr. 	Error	Two-Thetas	Sfs2
5 3 7			0.0		0.0		0.0		0.3	0.2523	60.5057581853	5.4388
1 5 11			0.0		0.0		61.85		0.36386	1.8219	64.7342781598	204.7444
5 1 7			0.96		0.96		31.54		0.36406	0.2609	54.1000446603	4.252
1 7 7			0.45		1.41		21.78		0.36434	0.4353	72.3061031614	6.1143
4 6 0			0.33		1.74		16.35		0.36434	0.7863	67.1083315067	59.4729
4 2 6			0.09		1.83		14.96		0.36118	1.6049	46.7233273538	62.1975
4 2 4			-0.21		1.62		18.98		0.36184	0.7624	43.1345383828	64.2766
7 1 7			0.15		1.77		16.52		0.36197	0.3505	72.2660298289	5.0526
6 4 0			0.14		1.91		14.46		0.36197	1.8287	67.0910631577	58.6803
2 4 8			0.1		2.02		13.11		0.36021	0.1687	51.4325245866	2.4593
4 2 2			0.05		2.06		12.52		0.3603	0.457	40.8620305525	12.2524
0 2 20			0.09		2.16		11.47		0.36125	0.4494	86.0769303832	2.8517
3 5 7			0.07		2.23		10.67		0.3614	0.2309	60.5203777188	5.6046
7 3 5			-0.02		2.21		10.92		0.36313	1.0496	74.7140851895	88.0788
1 1 15			0.01		2.22		10.81		0.36352	0.656	61.3839959686	20.6242
5 5 7			0.06		2.28		10.15		0.36357	0.6639	72.2860687267	4.3062
6 0 8			0.05		2.33		9.71		0.36296	2.9234	64.163237895	5.3359
1 5 7			0.05		2.38		9.22		0.36301	0.6035	54.1236034243	4.2528
0 6 2			0.05		2.43		8.82		0.36308	0.2356	55.3895592761	6.1752
2 0 14			0.06		2.48		8.36		0.36306	0.2634	58.6945218607	7.3942
6 0 2			0.04		2.52		8.02		0.36311	0.2214	55.354768557	5.4487
1 3 7			0.04		2.56		7.71		0.36317	0.1893	39.2755843192	5.3372
4 6 2			0.03		2.59		7.48		0.36319	0.2349	67.657370766	5.5969
1 1 13			0.05		2.64		7.16		0.3632	0.3722	52.9310122384	10.9703
3 1 15			0.03		2.67		6.97		0.36334	0.2871	67.3554895111	7.7692
6 0 6			0.02		2.68		6.84		0.36294	1.0815	60.1501886982	39.9969
2 4 14			0.03		2.71		6.65		0.36262	0.5221	70.6383718296	19.4111
4 0 14			-0.12		2.59		7.59		0.36129	1.986	67.7459682929	124.3248
4 2 8			0.03		2.62		7.39		0.3607	0.7605	51.4203212226	2.5419
1 7 3			-0.09		2.53		8.1		0.36033	0.9932	66.8968211493	90.2271
1 5 13			0.03		2.56		7.88		0.36101	1.1973	71.2966048402	12.6128
4 2 14			0.03		2.59		7.66		0.36079	1.2576	70.6282605877	19.9713
4 2 0			-0.02		2.57		7.83		0.36079	0.9287	40.0811891304	86.5118
0 6 10			0.01		2.58		7.72		0.36063	0.8527	69.1637693973	8.5049
4 6 6			0.03		2.61		7.49		0.3607	1.1903	71.9781772466	41.9784
6 4 4			-0.02		2.59		7.66		0.36085	0.6669	69.2748711385	33.991
1 3 13			0.03		2.61		7.48		0.36125	0.3907	59.4200243294	11.5335
3 1 13			0.02		2.64		7.3		0.36156	0.3869	59.4126405656	11.7895
0 6 18			0.02		2.66		7.12		0.36156	0.7949	98.0280769063	1.8601
1 3 15			0.01		2.68		7.02		0.3617	0.2862	67.3623786269	8.1809
2 0 10			-0.02		2.66		7.17		0.36157	0.6169	42.9543880851	20.236
3 1 3			-0.06		2.6		7.6		0.36141	1.2003	30.3814370344	67.5761
5 5 1			0.0		2.6		7.57		0.36137	0.5073	65.769247456	23.9531
0 2 14			0.02		2.63		7.4		0.36148	0.2479	58.6982494177	6.3292
9 1 1			0.01		2.63		7.35		0.36144	0.8793	87.9915459652	19.6393
3 1 7			0.02		2.65		7.22		0.36146	0.257	39.2655360855	5.205
1 1 7			0.02		2.67		7.1		0.36149	0.2012	29.7561292971	6.5386
3 3 13			0.02		2.69		6.95		0.36157	0.5636	65.4922780779	9.1158
3 3 11			-0.19		2.5		8.54		0.36182	2.1204	58.6030846927	249.5822
0 2 6			-0.06		2.44		9.08		0.36123	1.1672	29.1471999487	131.5155
0 6 6			0.01		2.46		8.96		0.361	1.0147	60.183190367	40.9583
2 4 10			0.01		2.46		8.92		0.3609	0.607	57.0555982332	12.0937
2 0 16			0.02		2.48		8.78		0.36128	0.5935	67.2372591268	11.8907
6 0 10			0.01		2.49		8.7		0.36121	1.0728	69.1331306246	8.9056
3 7 1			0.0		2.49		8.66		0.36118	1.2822	71.5694631273	22.2453
6 2 10			-0.02		2.47		8.87		0.36155	0.7103	71.9901825081	43.9921
3 5 9			0.0		2.47		8.85		0.36125	0.4755	65.0802252419	19.5165
2 4 12			0.02		2.48		8.71		0.36111	0.2205	63.4791913795	4.8908
2 4 2			0.0		2.49		8.7		0.36113	0.3828	40.8766170199	13.2501
2 4 6			-0.0		2.49		8.7		0.36075	0.785	46.7364348384	64.2552
0 6 14			0.01		2.5		8.6		0.36057	0.9096	81.7552219026	27.2955
4 2 10			0.0		2.5		8.56		0.36047	1.1102	57.0442200735	11.3144
0 0 18			0.0		2.51		8.51		0.36038	0.6609	73.530655613	37.988
4 6 4			-0.01		2.5		8.59		0.36048	1.0731	69.291881243	33.3045
2 0 8			0.02		2.52		8.45		0.36046	0.1665	35.7565424018	1.5727
3 3 7			0.01		2.53		8.34		0.36047	0.1558	47.1418707618	3.5073
5 1 13			0.01		2.54		8.23		0.36078	0.4567	71.2764535317	11.3258
3 3 9			0.01		2.55		8.15		0.3605	0.3816	52.4524123761	12.0632
1 5 9			0.01		2.56		8.08		0.36008	0.4394	58.984264935	17.7365
6 2 8			-0.13		2.43		9.31		0.36111	3.3751	67.1207225085	222.106
0 6 16			0.01		2.44		9.18		0.36126	0.4825	89.3859051251	7.6515
1 1 9			0.01		2.46		9.05		0.36124	0.2216	37.1193146943	1.1702
1 7 1			-0.0		2.45		9.08		0.36121	0.5219	65.7901743415	26.2984
0 2 0			-0.05		2.4		9.6		0.36121	1.4407	17.6394681947	177.2483
2 2 14			-0.02		2.38		9.79		0.36082	1.0835	61.7979105177	101.9829