HKL Value		Reward		TotalReward	Chi Squared	Z Appr. 	Error	Two-Thetas	Sfs2
5 3 7			0.0		0.0		0.0		0.3	0.2523	60.5057581853	5.4388
1 7 7			0.0		0.0		0.08		0.33542	0.4353	72.3061031614	6.1143
4 6 0			0.29		0.29		0.06		0.33542	0.7863	67.1083315067	59.4729
4 2 6			0.43		0.72		0.04		0.33544	1.6049	46.7233273538	62.1975
7 1 7			0.26		0.98		0.03		0.33563	0.3505	72.2660298289	5.0526
6 4 0			0.14		1.12		0.03		0.33563	1.8287	67.0910631577	58.6803
2 4 8			-0.02		1.1		0.03		0.33597	0.1687	51.4325245866	2.4593
0 2 20			-0.08		1.01		0.03		0.33648	0.4494	86.0769303832	2.8517
4 4 2			-1.0		0.02		11.9		0.33689	1.2125	52.0311030722	128.6454
5 1 7			0.12		0.14		10.58		0.33693	0.2609	54.1000446603	4.252
6 0 6			0.09		0.23		9.72		0.33707	1.0815	60.1501886982	39.9969
4 2 10			0.03		0.26		9.43		0.33735	1.1102	57.0442200735	11.3144
0 2 18			0.1		0.36		8.55		0.35317	0.3755	76.3208597895	3.7538
1 1 3			-0.05		0.32		8.96		0.35289	0.4514	16.9416048235	36.8187
3 1 11			-0.48		-0.16		17.27		0.35897	2.3814	52.0481274199	292.2152
0 6 18			0.07		-0.1		16.16		0.35897	0.7949	98.0280769063	1.8601
6 4 4			0.01		-0.09		16.02		0.35985	0.6669	69.2748711385	33.991
3 5 7			0.05		-0.03		15.19		0.35999	0.2309	60.5203777188	5.6046
0 2 2			-0.04		-0.07		15.82		0.35962	0.4614	19.2417464495	36.8131
6 0 8			0.05		-0.02		15.02		0.35845	2.9234	64.163237895	5.3359
5 5 7			0.05		0.03		14.33		0.35848	0.6639	72.2860687267	4.3062
0 6 2			0.04		0.07		13.76		0.35865	0.2356	55.3895592761	6.1752
2 0 2			-0.04		0.03		14.31		0.35843	0.6502	19.2320929378	35.9547
0 6 10			0.03		0.07		13.84		0.35793	0.8527	69.1637693973	8.5049
1 5 7			0.04		0.1		13.33		0.35793	0.6035	54.1236034243	4.2528
6 0 2			0.04		0.14		12.87		0.35808	0.2214	55.354768557	5.4487
4 6 2			0.03		0.17		12.48		0.35808	0.2349	67.657370766	5.5969
5 1 11			-0.13		0.04		14.32		0.36086	3.2753	64.7131722767	203.727
1 3 3			-0.02		0.02		14.65		0.36033	0.7045	30.3940112777	66.1614
0 6 16			0.03		0.05		14.16		0.3611	0.4825	89.3859051251	7.6515
2 4 10			0.02		0.07		13.91		0.36086	0.607	57.0555982332	12.0937
6 2 0			-0.38		-0.31		22.57		0.36086	4.3933	57.9728440251	566.5186
2 0 16			0.03		-0.28		21.9		0.36168	0.5935	67.2372591268	11.8907
1 1 13			0.03		-0.25		21.25		0.36195	0.3722	52.9310122384	10.9703
1 1 17			-0.08		-0.33		23.08		0.35766	2.447	70.2810461715	248.4175
1 5 11			-0.05		-0.38		24.27		0.35891	1.8219	64.7342781598	204.7444
1 3 7			0.03		-0.35		23.64		0.35891	0.1893	39.2755843192	5.3372
1 3 11			-0.1		-0.45		26.29		0.35983	2.4293	52.0561920156	298.4303
2 0 14			0.03		-0.43		25.61		0.35989	0.2634	58.6945218607	7.3942
1 3 1			0.01		-0.42		25.44		0.35984	0.5324	28.3265170018	42.1271
5 5 1			0.02		-0.4		24.96		0.35979	0.5073	65.769247456	23.9531
1 5 13			0.02		-0.38		24.4		0.36016	1.1973	71.2966048402	12.6128
4 0 12			-0.04		-0.41		25.3		0.35796	2.7435	60.4154589103	161.2613
6 4 2			0.02		-0.39		24.76		0.35796	0.2211	67.6401768609	4.8049
2 0 10			0.01		-0.38		24.46		0.35776	0.6169	42.9543880851	20.236
2 4 14			0.02		-0.36		23.93		0.35776	0.5221	70.6383718296	19.4111
4 2 14			0.02		-0.33		23.42		0.35772	1.2576	70.6282605877	19.9713
1 3 13			0.02		-0.32		23.0		0.35815	0.3907	59.4200243294	11.5335
4 0 6			-0.19		-0.51		28.36		0.35638	5.3963	42.900258124	488.2208
3 1 13			0.02		-0.49		27.87		0.35676	0.3869	59.4126405656	11.7895
4 6 6			0.02		-0.47		27.34		0.35699	1.1903	71.9781772466	41.9784
1 3 15			0.02		-0.45		26.89		0.35701	0.2862	67.3623786269	8.1809
2 0 8			0.02		-0.43		26.38		0.35706	0.1665	35.7565424018	1.5727
1 1 7			0.02		-0.41		25.91		0.35706	0.2012	29.7561292971	6.5386
2 6 6			-0.09		-0.5		28.33		0.35547	5.383	63.2392339525	346.2148
6 0 12			0.02		-0.48		27.88		0.35654	0.5892	74.995462768	0.9301
2 4 2			0.01		-0.47		27.53		0.35654	0.3828	40.8766170199	13.2501
5 5 3			0.0		-0.47		27.43		0.35644	0.8107	66.8760743485	64.1048
0 6 6			0.02		-0.45		26.97		0.35633	1.0147	60.183190367	40.9583
7 1 5			-0.0		-0.45		27.09		0.35686	1.5264	69.0427278305	98.726
3 5 9			0.01		-0.44		26.7		0.35654	0.4755	65.0802252419	19.5165
6 0 10			0.01		-0.42		26.32		0.35647	1.0728	69.1331306246	8.9056
2 6 4			-0.01		-0.44		26.67		0.35634	0.8772	60.3635846112	78.02
3 7 1			0.01		-0.43		26.35		0.3563	1.2822	71.5694631273	22.2453
0 2 8			0.02		-0.41		25.94		0.35634	0.1155	35.7619852008	1.7384
2 4 6			0.01		-0.4		25.61		0.3561	0.785	46.7364348384	64.2552
3 3 13			0.01		-0.38		25.27		0.35629	0.5636	65.4922780779	9.1158
3 1 7			0.01		-0.37		24.92		0.35629	0.257	39.2655360855	5.205
9 1 1			0.01		-0.36		24.62		0.35626	0.8793	87.9915459652	19.6393
6 0 4			0.0		-0.36		24.62		0.35635	0.7069	57.1830782131	42.6751
0 2 14			0.01		-0.34		24.28		0.35633	0.2479	58.6982494177	6.3292
4 2 2			0.01		-0.33		24.04		0.35633	0.457	40.8620305525	12.2524
0 0 14			0.01		-0.33		23.89		0.35641	0.8389	55.4890953336	74.9432
4 2 8			0.01		-0.31		23.56		0.35635	0.7605	51.4203212226	2.5419
7 3 3			0.0		-0.31		23.51		0.35625	1.9283	72.601334037	69.5466
0 6 14			0.01		-0.3		23.22		0.35629	0.9096	81.7552219026	27.2955
0 6 0			0.01		-0.29		23.0		0.35629	1.4277	54.7714555341	59.4019
1 1 15			0.01		-0.28		22.88		0.3564	0.656	61.3839959686	20.6242
2 4 12			0.01		-0.27		22.59		0.35654	0.2205	63.4791913795	4.8908
0 4 0			-0.21		-0.48		28.69		0.35654	6.137	35.7152072575	818.959
0 4 16			0.0		-0.48		28.62		0.35783	1.5557	75.7704700384	94.8658
0 4 20			0.01		-0.48		28.47		0.35969	1.027	94.1654323607	18.6345
3 1 15			0.01		-0.47		28.17		0.35975	0.2871	67.3554895111	7.7692
1 7 1			0.01		-0.46		27.96		0.35973	0.5219	65.7901743415	26.2984
1 5 1			0.01		-0.45		27.77		0.35972	0.4978	46.196563203	27.3004
5 1 13			0.01		-0.44		27.47		0.35984	0.4567	71.2764535317	11.3258
4 2 0			0.01		-0.43		27.3		0.35984	0.9287	40.0811891304	86.5118
5 3 9			0.01		-0.43		27.07		0.35968	0.4833	65.0662013285	20.8409
4 0 2			-0.03		-0.45		27.77		0.35977	1.7854	36.5531212028	138.5255
1 3 5			-0.02		-0.47		28.46		0.3601	3.1323	34.189462707	190.138
0 4 14			0.0		-0.47		28.45		0.35993	1.2337	67.7597167724	121.3788
2 2 16			0.0		-0.47		28.33		0.36054	1.1693	70.1293332912	108.6018
2 6 2			-0.02		-0.49		28.93		0.36063	1.2892	58.5985395934	134.3564
5 3 1			0.01		-0.49		28.77		0.36061	0.5252	53.2386121167	32.835
0 2 10			0.01		-0.48		28.61		0.36056	0.4317	42.9590557724	21.0204
3 3 9			0.01		-0.47		28.34		0.36047	0.3816	52.4524123761	12.0632
4 0 10			0.0		-0.47		28.27		0.36062	0.6243	53.7713327333	45.2096
1 5 9			0.01		-0.46		28.02		0.3605	0.4394	58.984264935	17.7365
6 2 10			0.0		-0.46		27.95		0.36064	0.7103	71.9901825081	43.9921
3 3 7			0.01		-0.45		27.67		0.36064	0.1558	47.1418707618	3.5073
0 0 20			0.0		-0.45		27.66		0.36205	0.4542	83.3712939521	4.3689
0 4 6			-0.09		-0.53		30.27		0.36178	3.7688	42.9189471786	481.9509