HKL Value		Reward		TotalReward	Chi Squared	Z Appr. 	Error	Two-Thetas	Sfs2
3 7 5			0.0		0.0		0.0		0.3	1.0548	74.7470539899	89.5814
5 3 7			0.0		0.0		2.32		0.381	0.2523	60.5057581853	5.4388
0 0 6			-0.99		-0.99		192.69		0.33899	7.4326	23.0169618987	709.6598
2 2 2			0.2		-0.78		160.01		0.34095	1.1162	26.2109248846	125.5642
6 0 6			0.33		-0.45		120.34		0.3421	1.0815	60.1501886982	39.9969
1 7 7			0.25		-0.21		96.48		0.34083	0.4353	72.3061031614	6.1143
4 6 0			0.2		-0.01		80.41		0.34083	0.7863	67.1083315067	59.4729
0 2 0			0.06		0.06		75.7		0.34083	1.4407	17.6394681947	177.2483
4 2 6			0.14		0.2		66.24		0.34071	1.6049	46.7233273538	62.1975
7 3 1			0.12		0.31		59.39		0.34018	0.5095	71.5359286583	22.1332
1 1 17			-0.03		0.29		60.93		0.35071	2.447	70.2810461715	248.4175
7 1 7			0.1		0.39		55.54		0.35065	0.3505	72.2660298289	5.0526
2 0 10			0.07		0.46		51.75		0.35061	0.6169	42.9543880851	20.236
0 0 12			-0.01		0.45		52.2		0.3463	3.2426	47.0346015839	274.3783
1 3 15			0.08		0.53		48.52		0.34685	0.2862	67.3623786269	8.1809
6 4 0			0.07		0.6		45.28		0.34685	1.8287	67.0910631577	58.6803
2 4 8			0.07		0.66		42.51		0.34689	0.1687	51.4325245866	2.4593
5 1 7			0.06		0.72		40.06		0.34685	0.2609	54.1000446603	4.252
0 4 2			-0.07		0.65		43.11		0.3471	3.2657	36.5744795411	137.7475
0 6 8			0.05		0.71		40.95		0.34724	0.7694	64.1950429677	5.6946
0 2 20			0.05		0.76		38.92		0.34707	0.4494	86.0769303832	2.8517
3 5 7			0.05		0.81		37.14		0.34701	0.2309	60.5203777188	5.6046
1 5 7			0.05		0.85		35.49		0.34695	0.6035	54.1236034243	4.2528
5 5 7			0.04		0.9		33.98		0.34692	0.6639	72.2860687267	4.3062
1 3 7			0.04		0.94		32.6		0.34684	0.1893	39.2755843192	5.3372
0 4 18			0.01		0.95		32.35		0.35096	0.8369	84.5238780681	17.4513
6 0 2			0.04		0.98		31.2		0.35097	0.2214	55.354768557	5.4487
0 4 8			-0.11		0.88		34.96		0.35203	4.1351	47.9021960727	235.0989
2 0 14			0.04		0.91		33.71		0.352	0.2634	58.6945218607	7.3942
0 4 6			-0.19		0.73		41.46		0.35121	3.7688	42.9189471786	481.9509
6 0 8			0.03		0.76		40.1		0.35128	2.9234	64.163237895	5.3359
0 6 2			0.03		0.79		38.9		0.35128	0.2356	55.3895592761	6.1752
4 0 12			0.01		0.8		38.49		0.35032	2.7435	60.4154589103	161.2613
1 5 3			0.01		0.82		37.95		0.35027	0.9511	47.585042181	85.8034
4 6 2			0.03		0.84		36.91		0.35026	0.2349	67.657370766	5.5969
1 1 7			0.03		0.87		35.9		0.35024	0.2012	29.7561292971	6.5386
1 5 13			0.02		0.89		35.1		0.35027	1.1973	71.2966048402	12.6128
7 1 5			-0.01		0.89		35.31		0.35061	1.5264	69.0427278305	98.726
1 1 13			0.02		0.91		34.54		0.35063	0.3722	52.9310122384	10.9703
2 4 14			0.02		0.94		33.71		0.35079	0.5221	70.6383718296	19.4111
4 2 14			0.02		0.96		32.93		0.35096	1.2576	70.6282605877	19.9713
0 2 14			0.02		0.98		32.13		0.35093	0.2479	58.6982494177	6.3292
4 4 8			-0.07		0.92		34.36		0.35172	3.9407	61.1479986878	218.5721
1 1 11			-0.09		0.82		37.96		0.35307	2.144	44.8525636461	378.5934
4 0 0			-0.21		0.62		47.92		0.35307	8.3901	35.6934066618	787.9925