HKL Value		Reward		TotalReward	Chi Squared	Z Appr. 	Error	Two-Thetas	Sfs2
5 3 7			0.0		0.0		0.0		0.3	0.2523	60.5057581853	5.4388
0 0 16			0.0		0.0		21.56		0.32382	1.3342	64.286058028	116.6634
1 7 7			0.51		0.51		14.31		0.32555	0.4353	72.3061031614	6.1143
6 2 6			-0.72		-0.21		51.43		0.32638	3.9921	63.2107357729	344.5633
4 6 0			0.33		0.12		38.58		0.32638	0.7863	67.1083315067	59.4729
0 4 20			0.17		0.29		32.99		0.3266	1.027	94.1654323607	18.6345
1 3 13			0.19		0.48		27.63		0.32744	0.3907	59.4200243294	11.5335
4 2 6			0.17		0.65		23.69		0.32744	1.6049	46.7233273538	62.1975
7 1 7			0.12		0.76		21.24		0.32841	0.3505	72.2660298289	5.0526
6 4 0			0.12		0.89		18.88		0.32841	1.8287	67.0910631577	58.6803
2 4 8			0.08		0.97		17.42		0.32938	0.1687	51.4325245866	2.4593
3 1 1			0.01		0.99		17.17		0.32925	0.5239	28.3131072915	41.7464
5 1 7			0.07		1.06		16.01		0.33018	0.2609	54.1000446603	4.252
0 2 20			0.03		1.09		15.51		0.33442	0.4494	86.0769303832	2.8517
1 1 13			0.06		1.15		14.61		0.3341	0.3722	52.9310122384	10.9703
3 5 7			0.07		1.22		13.65		0.33417	0.2309	60.5203777188	5.6046
1 3 9			-0.09		1.13		15.06		0.33435	0.2622	45.3040218183	7.1674
6 0 8			0.06		1.19		14.24		0.33421	2.9234	64.163237895	5.3359
0 6 2			0.05		1.23		13.62		0.3342	0.2356	55.3895592761	6.1752
1 5 1			0.02		1.25		13.39		0.33414	0.4978	46.196563203	27.3004
4 6 2			0.05		1.3		12.81		0.33411	0.2349	67.657370766	5.5969
1 5 13			0.04		1.33		12.37		0.33371	1.1973	71.2966048402	12.6128
5 5 1			0.03		1.36		11.97		0.33367	0.5073	65.769247456	23.9531
1 1 15			0.04		1.4		11.52		0.33369	0.656	61.3839959686	20.6242
1 5 7			0.04		1.44		11.06		0.33385	0.6035	54.1236034243	4.2528
5 1 13			0.03		1.48		10.72		0.33348	0.4567	71.2764535317	11.3258
4 2 14			0.0		1.48		10.7		0.33301	1.2576	70.6282605877	19.9713
6 0 2			0.03		1.51		10.4		0.33301	0.2214	55.354768557	5.4487
0 6 10			0.02		1.53		10.19		0.33292	0.8527	69.1637693973	8.5049
0 6 16			0.02		1.55		9.98		0.33292	0.4825	89.3859051251	7.6515
5 5 7			0.03		1.58		9.71		0.33327	0.6639	72.2860687267	4.3062
5 5 5			-0.14		1.43		11.34		0.33387	1.5862	69.0631626084	104.8873
1 3 15			-0.08		1.35		12.37		0.33869	0.2862	67.3623786269	8.1809
1 3 7			0.03		1.38		11.99		0.33865	0.1893	39.2755843192	5.3372
2 0 14			0.02		1.4		11.72		0.33527	0.2634	58.6945218607	7.3942
5 1 11			-0.22		1.18		15.1		0.34215	3.2753	64.7131722767	203.727
2 4 14			0.01		1.19		14.98		0.34283	0.5221	70.6383718296	19.4111
3 1 13			0.01		1.2		14.76		0.3428	0.3869	59.4126405656	11.7895
2 4 6			0.03		1.23		14.38		0.34273	0.785	46.7364348384	64.2552
6 0 10			0.02		1.25		14.11		0.34284	1.0728	69.1331306246	8.9056
3 5 9			0.02		1.27		13.81		0.34332	0.4755	65.0802252419	19.5165
3 7 1			0.02		1.29		13.59		0.34329	1.2822	71.5694631273	22.2453
2 0 8			0.02		1.31		13.27		0.34335	0.1665	35.7565424018	1.5727
0 6 6			0.02		1.33		12.98		0.34346	1.0147	60.183190367	40.9583
1 1 7			0.02		1.36		12.69		0.34338	0.2012	29.7561292971	6.5386
2 6 2			-0.12		1.23		14.47		0.34368	1.2892	58.5985395934	134.3564
4 2 2			0.01		1.24		14.31		0.34368	0.457	40.8620305525	12.2524
4 6 6			0.01		1.25		14.23		0.34429	1.1903	71.9781772466	41.9784
2 4 2			0.01		1.26		14.1		0.34429	0.3828	40.8766170199	13.2501
6 0 6			0.02		1.28		13.83		0.34444	1.0815	60.1501886982	39.9969
3 1 3			-0.01		1.27		13.96		0.34436	1.2003	30.3814370344	67.5761
7 3 1			0.01		1.28		13.78		0.34426	0.5095	71.5359286583	22.1332
1 5 9			0.34		1.62		10.31		0.36216	0.4394	58.984264935	17.7365
5 1 9			0.01		1.63		10.22		0.36198	0.4583	58.9619928854	19.0838
0 2 16			0.02		1.64		10.06		0.36217	1.8687	67.2407114996	13.8307
0 6 14			0.01		1.66		9.93		0.36206	0.9096	81.7552219026	27.2955
2 0 16			0.02		1.67		9.77		0.36217	0.5935	67.2372591268	11.8907
5 3 11			-0.07		1.6		10.51		0.36225	1.8677	70.5420870211	204.0714
9 1 1			0.01		1.61		10.42		0.36224	0.8793	87.9915459652	19.6393
6 2 0			-0.31		1.31		15.02		0.36224	4.3933	57.9728440251	566.5186
3 3 13			0.02		1.32		14.77		0.36224	0.5636	65.4922780779	9.1158
3 1 7			0.01		1.34		14.55		0.36224	0.257	39.2655360855	5.205
4 2 10			0.01		1.35		14.42		0.36221	1.1102	57.0442200735	11.3144
2 4 10			0.01		1.35		14.3		0.36218	0.607	57.0555982332	12.0937
0 2 14			0.02		1.37		14.08		0.36221	0.2479	58.6982494177	6.3292
0 6 0			0.01		1.38		13.97		0.36221	1.4277	54.7714555341	59.4019
0 4 10			-0.01		1.37		14.05		0.36239	0.9893	53.7871001638	44.1425
0 6 18			0.01		1.39		13.85		0.36239	0.7949	98.0280769063	1.8601
4 2 8			0.01		1.4		13.69		0.36227	0.7605	51.4203212226	2.5419
1 7 1			0.0		1.4		13.66		0.36226	0.5219	65.7901743415	26.2984
3 3 15			0.01		1.42		13.47		0.36229	0.3402	73.0835579415	3.8877
3 5 1			0.0		1.42		13.47		0.36227	0.5283	53.2544885252	31.9012
5 3 1			-0.0		1.41		13.48		0.36225	0.5252	53.2386121167	32.835
4 2 0			0.0		1.42		13.47		0.36225	0.9287	40.0811891304	86.5118
0 6 8			0.01		1.43		13.32		0.36217	0.7694	64.1950429677	5.6946
2 0 10			0.0		1.43		13.31		0.36213	0.6169	42.9543880851	20.236
3 3 1			-0.0		1.43		13.32		0.36211	0.5106	38.1558496662	33.1617
6 2 10			-0.01		1.42		13.4		0.36229	0.7103	71.9901825081	43.9921
4 0 12			-0.05		1.37		14.17		0.36169	2.7435	60.4154589103	161.2613