HKL Value		Reward		TotalReward	Chi Squared	Z Appr. 	Error	Two-Thetas	Sfs2
5 3 7			0.0		0.0		0.0		0.3	0.2523	60.5057581853	5.4388
1 7 7			0.0		0.0		0.08		0.33542	0.4353	72.3061031614	6.1143
4 6 0			0.29		0.29		0.06		0.33542	0.7863	67.1083315067	59.4729
4 2 6			0.43		0.72		0.04		0.33544	1.6049	46.7233273538	62.1975
7 1 7			0.26		0.98		0.03		0.33563	0.3505	72.2660298289	5.0526
6 4 0			0.14		1.12		0.03		0.33563	1.8287	67.0910631577	58.6803
4 2 12			-0.98		0.13		1.81		0.35604	0.2244	63.468523569	4.7972
2 4 8			0.15		0.29		1.57		0.3558	0.1687	51.4325245866	2.4593
0 2 20			0.14		0.42		1.38		0.35558	0.4494	86.0769303832	2.8517
5 1 7			-0.0		0.42		1.38		0.35556	0.2609	54.1000446603	4.252
0 4 6			-0.95		-0.53		27.8		0.35289	3.7688	42.9189471786	481.9509
3 5 7			0.09		-0.44		25.45		0.35284	0.2309	60.5203777188	5.6046
5 5 7			0.09		-0.35		23.41		0.3528	0.6639	72.2860687267	4.3062
3 1 15			0.07		-0.28		21.8		0.35213	0.2871	67.3554895111	7.7692
3 3 7			0.07		-0.2		20.3		0.35209	0.1558	47.1418707618	3.5073
1 5 7			0.07		-0.14		19.03		0.35205	0.6035	54.1236034243	4.2528
1 3 7			0.06		-0.08		17.94		0.35199	0.1893	39.2755843192	5.3372
1 1 7			0.06		-0.02		16.98		0.35192	0.2012	29.7561292971	6.5386
2 0 14			0.06		0.04		16.04		0.35189	0.2634	58.6945218607	7.3942
5 1 9			0.06		0.1		15.19		0.35198	0.4583	58.9619928854	19.0838
2 2 2			-0.2		-0.1		18.93		0.35232	1.1162	26.2109248846	125.5642
6 0 8			0.05		-0.05		18.04		0.3525	2.9234	64.163237895	5.3359
6 4 6			0.04		-0.01		17.38		0.35301	0.9247	71.9614498967	41.9809
0 2 14			0.04		0.03		16.64		0.35284	0.2479	58.6982494177	6.3292
0 6 2			0.04		0.07		16.06		0.35288	0.2356	55.3895592761	6.1752
6 0 2			0.04		0.1		15.51		0.35291	0.2214	55.354768557	5.4487
2 0 8			0.04		0.14		14.93		0.35296	0.1665	35.7565424018	1.5727
4 2 8			0.04		0.18		14.38		0.35302	0.7605	51.4203212226	2.5419
3 1 7			0.03		0.21		13.92		0.35299	0.257	39.2655360855	5.205
1 5 13			0.02		0.23		13.67		0.35325	1.1973	71.2966048402	12.6128
0 6 18			0.03		0.26		13.22		0.35321	0.7949	98.0280769063	1.8601
6 2 6			-0.24		0.02		17.49		0.3519	3.9921	63.2107357729	344.5633
4 6 2			0.03		0.05		17.03		0.35189	0.2349	67.657370766	5.5969
0 6 10			0.03		0.07		16.59		0.35186	0.8527	69.1637693973	8.5049
6 0 6			0.03		0.1		16.1		0.35185	1.0815	60.1501886982	39.9969
3 1 13			0.02		0.12		15.83		0.35194	0.3869	59.4126405656	11.7895
4 2 14			0.03		0.15		15.44		0.35217	1.2576	70.6282605877	19.9713
0 6 6			0.03		0.17		15.02		0.35213	1.0147	60.183190367	40.9583
6 0 12			0.0		0.18		15.0		0.35463	0.5892	74.995462768	0.9301
1 1 9			0.02		0.2		14.64		0.35489	0.2216	37.1193146943	1.1702
0 4 10			-0.02		0.18		14.91		0.35505	0.9893	53.7871001638	44.1425
6 2 10			-0.02		0.17		15.16		0.35523	0.7103	71.9901825081	43.9921
2 4 12			0.02		0.19		14.82		0.35559	0.2205	63.4791913795	4.8908
2 2 0			-0.5		-0.31		29.59		0.35559	11.1953	25.0390113278	1035.9387
2 4 6			0.02		-0.29		29.02		0.35537	0.785	46.7364348384	64.2552
2 4 14			0.02		-0.27		28.38		0.35541	0.5221	70.6383718296	19.4111
0 6 8			0.02		-0.25		27.77		0.35542	0.7694	64.1950429677	5.6946
6 0 10			0.02		-0.23		27.25		0.35536	1.0728	69.1331306246	8.9056
6 4 2			0.02		-0.21		26.73		0.35536	0.2211	67.6401768609	4.8049
0 6 14			0.02		-0.19		26.22		0.35542	0.9096	81.7552219026	27.2955
1 1 13			0.02		-0.17		25.79		0.35558	0.3722	52.9310122384	10.9703
3 3 13			0.02		-0.15		25.35		0.35576	0.5636	65.4922780779	9.1158
2 0 16			0.01		-0.14		24.99		0.35595	0.5935	67.2372591268	11.8907
3 7 1			0.01		-0.13		24.63		0.35592	1.2822	71.5694631273	22.2453
1 3 13			0.02		-0.11		24.26		0.35618	0.3907	59.4200243294	11.5335
5 3 9			0.02		-0.1		23.89		0.3558	0.4833	65.0662013285	20.8409
5 1 13			0.01		-0.08		23.54		0.35606	0.4567	71.2764535317	11.3258
0 2 8			0.02		-0.06		23.13		0.3561	0.1155	35.7619852008	1.7384
3 1 9			0.02		-0.05		22.74		0.35604	0.36	45.2950695798	8.7768
2 4 10			0.01		-0.03		22.44		0.35595	0.607	57.0555982332	12.0937
1 5 9			0.02		-0.02		22.08		0.35579	0.4394	58.984264935	17.7365
0 6 16			0.01		-0.0		21.78		0.35591	0.4825	89.3859051251	7.6515
9 1 1			0.01		0.01		21.5		0.35589	0.8793	87.9915459652	19.6393
4 4 12			0.0		0.01		21.47		0.35474	1.9475	72.2035773977	130.2426
2 4 2			0.01		0.02		21.26		0.35474	0.3828	40.8766170199	13.2501
6 0 0			0.01		0.03		21.01		0.35474	0.7256	54.7363985401	55.434
3 3 9			0.02		0.05		20.69		0.35469	0.3816	52.4524123761	12.0632
1 3 15			0.01		0.06		20.44		0.35458	0.2862	67.3623786269	8.1809
5 5 1			0.01		0.07		20.22		0.35456	0.5073	65.769247456	23.9531
0 2 12			0.01		0.09		19.93		0.35449	0.3827	50.6142203783	17.5707
3 5 9			0.01		0.1		19.67		0.35433	0.4755	65.0802252419	19.5165
1 7 3			-0.0		0.1		19.76		0.35427	0.9932	66.8968211493	90.2271
0 4 20			-0.02		0.08		20.14		0.35788	1.027	94.1654323607	18.6345
7 1 3			-0.01		0.07		20.24		0.35778	1.4031	66.8553232335	91.2915