HKL Value		Reward		TotalReward	Chi Squared	Z Appr. 	Error	Two-Thetas	Sfs2
5 3 7			0.0		0.0		0.0		0.3	0.2523	60.5057581853	5.4388
0 0 12			0.0		0.0		20.27		0.33403	3.2426	47.0346015839	274.3783
2 2 8			-0.79		-0.79		95.28		0.34019	1.8488	40.1384116224	216.1995
1 7 7			0.49		-0.29		63.76		0.33948	0.4353	72.3061031614	6.1143
4 6 0			0.33		0.04		47.83		0.33946	0.7863	67.1083315067	59.4729
4 4 4			0.03		0.07		46.22		0.33661	0.8476	53.9354251327	76.9211
4 2 6			0.2		0.27		38.52		0.33663	1.6049	46.7233273538	62.1975
7 1 7			0.17		0.44		33.02		0.33651	0.3505	72.2660298289	5.0526
0 4 20			0.14		0.58		28.89		0.33656	1.027	94.1654323607	18.6345
3 5 3			0.0		0.58		28.88		0.33652	0.9259	54.5093201099	87.7589
6 4 0			0.11		0.7		26.0		0.33652	1.8287	67.0910631577	58.6803
2 4 8			0.1		0.8		23.63		0.33653	0.1687	51.4325245866	2.4593
5 1 7			0.09		0.89		21.67		0.33656	0.2609	54.1000446603	4.252
0 2 20			0.08		0.97		20.0		0.33659	0.4494	86.0769303832	2.8517
0 6 18			-0.27		0.7		27.53		0.34705	0.7949	98.0280769063	1.8601
3 5 7			0.07		0.76		25.79		0.34701	0.2309	60.5203777188	5.6046
5 5 7			0.07		0.83		24.22		0.34698	0.6639	72.2860687267	4.3062
0 0 16			-0.1		0.73		27.0		0.34779	1.3342	64.286058028	116.6634
1 5 7			0.06		0.78		25.55		0.34775	0.6035	54.1236034243	4.2528
1 3 7			0.05		0.84		24.27		0.34764	0.1893	39.2755843192	5.3372
2 0 14			0.05		0.89		23.1		0.34822	0.2634	58.6945218607	7.3942
6 0 2			0.31		1.2		17.58		0.3627	0.2214	55.354768557	5.4487
6 0 8			0.04		1.24		16.9		0.36239	2.9234	64.163237895	5.3359
0 4 4			-0.08		1.16		18.37		0.36229	0.8482	39.0545896029	78.0016
0 6 2			0.04		1.2		17.69		0.36232	0.2356	55.3895592761	6.1752
2 0 2			-0.02		1.18		18.03		0.36229	0.6502	19.2320929378	35.9547
4 6 2			0.03		1.21		17.44		0.36229	0.2349	67.657370766	5.5969
1 5 13			0.04		1.25		16.81		0.36251	1.1973	71.2966048402	12.6128
3 3 9			0.03		1.28		16.36		0.36225	0.3816	52.4524123761	12.0632
2 4 14			0.03		1.31		15.84		0.36207	0.5221	70.6383718296	19.4111
1 1 13			0.03		1.34		15.32		0.36221	0.3722	52.9310122384	10.9703
3 1 1			-0.01		1.34		15.45		0.36217	0.5239	28.3131072915	41.7464
4 2 14			0.03		1.37		15.02		0.36201	1.2576	70.6282605877	19.9713
0 2 14			0.03		1.4		14.57		0.36207	0.2479	58.6982494177	6.3292
0 6 10			0.02		1.42		14.27		0.36202	0.8527	69.1637693973	8.5049
4 6 6			0.03		1.45		13.86		0.36202	1.1903	71.9781772466	41.9784
1 7 1			0.01		1.45		13.79		0.36199	0.5219	65.7901743415	26.2984
2 4 6			0.01		1.46		13.68		0.36165	0.785	46.7364348384	64.2552
2 4 12			0.02		1.48		13.35		0.36152	0.2205	63.4791913795	4.8908
3 1 7			0.02		1.51		13.05		0.36153	0.257	39.2655360855	5.205
3 1 13			0.02		1.53		12.74		0.36173	0.3869	59.4126405656	11.7895
4 2 8			0.02		1.55		12.49		0.3615	0.7605	51.4203212226	2.5419
3 5 11			-0.07		1.48		13.48		0.36169	1.8915	70.5555824797	206.4699
1 1 7			0.02		1.5		13.2		0.36171	0.2012	29.7561292971	6.5386
5 5 1			0.01		1.51		13.04		0.36169	0.5073	65.769247456	23.9531
1 5 3			-0.02		1.49		13.29		0.36157	0.9511	47.585042181	85.8034
0 0 18			0.01		1.51		13.13		0.36161	0.6609	73.530655613	37.988
3 3 13			0.02		1.53		12.86		0.36166	0.5636	65.4922780779	9.1158
0 6 6			0.02		1.54		12.66		0.36149	1.0147	60.183190367	40.9583
2 0 16			0.02		1.56		12.42		0.36172	0.5935	67.2372591268	11.8907
2 4 10			0.01		1.57		12.31		0.36167	0.607	57.0555982332	12.0937
9 1 1			0.01		1.58		12.17		0.36165	0.8793	87.9915459652	19.6393
5 3 9			0.0		1.59		12.11		0.36141	0.4833	65.0662013285	20.8409
2 6 0			-0.29		1.3		17.08		0.36141	4.3567	58.0028534629	558.9791
2 0 6			-0.02		1.28		17.37		0.36094	1.6278	29.1406672869	128.8477
0 6 8			0.02		1.3		17.07		0.3608	0.7694	64.1950429677	5.6946
6 0 10			0.01		1.31		16.85		0.36074	1.0728	69.1331306246	8.9056
3 5 9			0.01		1.32		16.68		0.36047	0.4755	65.0802252419	19.5165
3 7 1			0.01		1.33		16.5		0.36044	1.2822	71.5694631273	22.2453
4 0 0			-0.32		1.01		24.29		0.36044	8.3901	35.6934066618	787.9925
0 6 14			0.02		1.03		23.93		0.36033	0.9096	81.7552219026	27.2955
2 4 2			0.01		1.04		23.66		0.36033	0.3828	40.8766170199	13.2501
4 2 2			0.01		1.05		23.4		0.36035	0.457	40.8620305525	12.2524
6 0 6			0.01		1.06		23.06		0.3602	1.0815	60.1501886982	39.9969
4 2 10			0.01		1.07		22.79		0.36013	1.1102	57.0442200735	11.3144
6 4 4			0.01		1.08		22.65		0.36019	0.6669	69.2748711385	33.991
3 3 7			0.01		1.1		22.32		0.36019	0.1558	47.1418707618	3.5073
1 5 9			0.01		1.11		22.04		0.35995	0.4394	58.984264935	17.7365
1 3 13			0.01		1.12		21.74		0.36017	0.3907	59.4200243294	11.5335
2 0 8			0.01		1.14		21.42		0.36017	0.1665	35.7565424018	1.5727
5 1 13			0.01		1.15		21.14		0.36037	0.4567	71.2764535317	11.3258
4 6 4			0.01		1.16		21.02		0.36042	1.0731	69.291881243	33.3045
3 1 3			-0.0		1.15		21.07		0.36034	1.2003	30.3814370344	67.5761
4 0 12			-0.03		1.13		21.67		0.35905	2.7435	60.4154589103	161.2613
1 1 9			0.01		1.14		21.37		0.35904	0.2216	37.1193146943	1.1702
3 1 5			-0.04		1.1		22.26		0.35967	2.8985	34.1781376955	186.2389
0 2 12			0.01		1.11		22.02		0.35934	0.3827	50.6142203783	17.5707
0 6 16			0.01		1.12		21.75		0.35959	0.4825	89.3859051251	7.6515
1 1 15			0.01		1.13		21.62		0.35979	0.656	61.3839959686	20.6242
0 2 0			-0.01		1.11		21.95		0.35979	1.4407	17.6394681947	177.2483
3 1 15			0.01		1.12		21.72		0.35989	0.2871	67.3554895111	7.7692
3 7 3			-0.0		1.12		21.72		0.3598	0.8954	72.6346668965	71.6226
1 3 15			0.01		1.13		21.51		0.35988	0.2862	67.3623786269	8.1809
0 0 8			-0.04		1.09		22.45		0.36047	2.1948	30.8548203523	183.9052
7 1 3			-0.0		1.09		22.52		0.36037	1.4031	66.8553232335	91.2915
2 0 10			0.01		1.09		22.4		0.36029	0.6169	42.9543880851	20.236
6 4 6			0.01		1.11		22.14		0.36031	0.9247	71.9614498967	41.9809
2 6 4			-0.01		1.09		22.46		0.36024	0.8772	60.3635846112	78.02
5 1 1			0.01		1.1		22.34		0.36023	0.5346	46.1701152	26.7419
1 3 1			0.0		1.1		22.3		0.36019	0.5324	28.3265170018	42.1271
0 2 10			0.0		1.1		22.2		0.3601	0.4317	42.9590557724	21.0204
0 6 0			0.01		1.11		22.03		0.3601	1.4277	54.7714555341	59.4019
5 1 9			0.01		1.12		21.83		0.35986	0.4583	58.9619928854	19.0838
4 4 10			-0.0		1.12		21.87		0.36011	0.6886	66.23802526	47.6672
3 7 5			0.0		1.12		21.82		0.36042	1.0548	74.7470539899	89.5814
6 4 2			0.01		1.13		21.61		0.36043	0.2211	67.6401768609	4.8049
1 1 1			-0.0		1.13		21.64		0.3604	0.5749	13.0194761966	56.7652
6 2 10			0.0		1.13		21.63		0.36066	0.7103	71.9901825081	43.9921
1 5 1			0.0		1.13		21.54		0.36063	0.4978	46.196563203	27.3004
0 4 10			0.0		1.13		21.53		0.36088	0.9893	53.7871001638	44.1425
2 2 10			-0.0		1.13		21.54		0.36114	0.6429	46.7739448495	44.8949
4 4 0			-0.12		1.01		24.55		0.36114	4.9852	51.3853572345	648.027