HKL Value		Reward		TotalReward	Chi Squared	Z Appr. 	Error	Two-Thetas	Sfs2
5 3 7			0.0		0.0		0.0		0.3	0.2523	60.5057581853	5.4388
1 7 7			0.0		0.0		0.08		0.33542	0.4353	72.3061031614	6.1143
4 6 0			0.29		0.29		0.06		0.33542	0.7863	67.1083315067	59.4729
4 2 6			0.43		0.72		0.04		0.33544	1.6049	46.7233273538	62.1975
7 1 7			0.26		0.98		0.03		0.33563	0.3505	72.2660298289	5.0526
6 4 0			0.14		1.12		0.03		0.33563	1.8287	67.0910631577	58.6803
2 4 8			-0.02		1.1		0.03		0.33597	0.1687	51.4325245866	2.4593
5 1 7			-0.09		1.01		0.03		0.33624	0.2609	54.1000446603	4.252
5 5 7			-0.49		0.52		0.06		0.33681	0.6639	72.2860687267	4.3062
0 2 20			0.12		0.64		0.06		0.33672	0.4494	86.0769303832	2.8517
3 5 7			0.09		0.73		0.05		0.33669	0.2309	60.5203777188	5.6046
1 5 7			0.07		0.8		0.05		0.33672	0.6035	54.1236034243	4.2528
1 1 5			-1.0		-0.19		11.22		0.36414	1.9661	22.8949597146	247.5537
0 2 14			0.08		-0.11		10.36		0.36412	0.2479	58.6982494177	6.3292
1 5 3			-0.09		-0.2		11.42		0.36375	0.9511	47.585042181	85.8034
1 3 7			0.06		-0.14		10.76		0.36382	0.1893	39.2755843192	5.3372
0 6 14			0.04		-0.1		10.35		0.36293	0.9096	81.7552219026	27.2955
6 0 2			0.05		-0.05		9.83		0.36301	0.2214	55.354768557	5.4487
6 0 8			0.04		-0.01		9.43		0.36193	2.9234	64.163237895	5.3359
3 1 5			-0.28		-0.29		13.15		0.36403	2.8985	34.1781376955	186.2389
0 6 2			0.04		-0.25		12.59		0.36409	0.2356	55.3895592761	6.1752
2 0 14			0.05		-0.2		11.99		0.36399	0.2634	58.6945218607	7.3942
4 6 2			0.04		-0.16		11.57		0.36401	0.2349	67.657370766	5.5969
2 0 8			0.04		-0.12		11.09		0.36388	0.1665	35.7565424018	1.5727
0 2 2			-0.06		-0.17		11.74		0.36384	0.4614	19.2417464495	36.8131
1 3 3			-0.04		-0.21		12.26		0.36358	0.7045	30.3940112777	66.1614
1 1 7			0.03		-0.18		11.85		0.36365	0.2012	29.7561292971	6.5386
4 2 8			0.03		-0.15		11.56		0.36295	0.7605	51.4203212226	2.5419
1 1 13			0.04		-0.12		11.14		0.36302	0.3722	52.9310122384	10.9703
1 5 13			0.04		-0.08		10.76		0.36319	1.1973	71.2966048402	12.6128
2 4 14			0.03		-0.05		10.47		0.36291	0.5221	70.6383718296	19.4111
2 0 0			-0.1		-0.15		11.62		0.3629	2.02	17.6289686615	175.6782
4 2 14			0.03		-0.13		11.32		0.36261	1.2576	70.6282605877	19.9713
0 6 10			0.02		-0.11		11.12		0.36253	0.8527	69.1637693973	8.5049
6 0 12			0.03		-0.08		10.79		0.36248	0.5892	74.995462768	0.9301
3 1 7			0.03		-0.05		10.53		0.36252	0.257	39.2655360855	5.205
3 1 13			0.03		-0.02		10.24		0.3627	0.3869	59.4126405656	11.7895
3 5 5			-0.08		-0.11		11.16		0.36335	1.2751	56.9624934876	133.7285
3 3 9			0.02		-0.09		10.99		0.36312	0.3816	52.4524123761	12.0632
3 3 13			0.03		-0.07		10.71		0.36297	0.5636	65.4922780779	9.1158
0 6 6			0.02		-0.05		10.55		0.36271	1.0147	60.183190367	40.9583
6 0 6			0.02		-0.03		10.38		0.36246	1.0815	60.1501886982	39.9969
2 2 10			-0.02		-0.06		10.61		0.36293	0.6429	46.7739448495	44.8949
6 0 10			0.01		-0.04		10.48		0.36288	1.0728	69.1331306246	8.9056
1 3 11			-0.19		-0.23		12.92		0.36298	2.4293	52.0561920156	298.4303
5 5 1			0.01		-0.22		12.78		0.36295	0.5073	65.769247456	23.9531
6 2 0			-0.31		-0.53		18.63		0.36295	4.3933	57.9728440251	566.5186
2 4 6			0.01		-0.53		18.46		0.36261	0.785	46.7364348384	64.2552
2 0 16			0.02		-0.5		18.09		0.36276	0.5935	67.2372591268	11.8907
3 3 1			0.0		-0.5		18.0		0.36273	0.5106	38.1558496662	33.1617
3 3 7			0.02		-0.48		17.65		0.36275	0.1558	47.1418707618	3.5073
9 1 1			0.01		-0.47		17.41		0.36272	0.8793	87.9915459652	19.6393
4 0 12			-0.06		-0.52		18.5		0.36129	2.7435	60.4154589103	161.2613
2 4 10			0.01		-0.51		18.27		0.36116	0.607	57.0555982332	12.0937
3 5 9			0.01		-0.5		18.07		0.36059	0.4755	65.0802252419	19.5165
7 1 5			-0.01		-0.51		18.25		0.36139	1.5264	69.0427278305	98.726
4 0 4			-0.03		-0.54		18.84		0.36126	1.2165	39.0343929222	79.1487
3 7 1			0.01		-0.53		18.63		0.36121	1.2822	71.5694631273	22.2453
0 4 4			-0.03		-0.56		19.17		0.36106	0.8482	39.0545896029	78.0016
4 6 6			0.02		-0.54		18.85		0.36109	1.1903	71.9781772466	41.9784
2 0 10			0.01		-0.54		18.75		0.36092	0.6169	42.9543880851	20.236
0 6 18			0.02		-0.52		18.45		0.36092	0.7949	98.0280769063	1.8601
4 2 2			0.01		-0.51		18.27		0.36093	0.457	40.8620305525	12.2524
1 1 9			0.02		-0.49		17.98		0.36089	0.2216	37.1193146943	1.1702
1 5 9			0.01		-0.48		17.76		0.36032	0.4394	58.984264935	17.7365
2 4 12			0.02		-0.47		17.49		0.36005	0.2205	63.4791913795	4.8908
7 1 3			-0.01		-0.48		17.66		0.35976	1.4031	66.8553232335	91.2915
3 1 9			0.01		-0.46		17.41		0.35938	0.36	45.2950695798	8.7768
0 0 18			0.01		-0.45		17.24		0.35894	0.6609	73.530655613	37.988
2 2 14			-0.0		-0.46		17.29		0.35853	1.0835	61.7979105177	101.9829
1 3 13			0.01		-0.44		17.08		0.35906	0.3907	59.4200243294	11.5335
0 2 12			0.01		-0.43		16.89		0.35839	0.3827	50.6142203783	17.5707
2 4 2			0.01		-0.42		16.76		0.35839	0.3828	40.8766170199	13.2501
4 0 0			-0.27		-0.7		23.06		0.35839	8.3901	35.6934066618	787.9925
5 1 13			0.01		-0.69		22.78		0.35889	0.4567	71.2764535317	11.3258
0 6 16			0.01		-0.67		22.5		0.35947	0.4825	89.3859051251	7.6515
6 4 6			0.01		-0.66		22.2		0.3596	0.9247	71.9614498967	41.9809
1 1 15			0.01		-0.65		22.07		0.36	0.656	61.3839959686	20.6242
0 2 22			-0.0		-0.65		22.07		0.361	1.8317	96.7387030121	97.213
3 1 15			0.01		-0.64		21.83		0.3611	0.2871	67.3554895111	7.7692
1 3 15			0.01		-0.63		21.6		0.3612	0.2862	67.3623786269	8.1809
0 0 8			-0.04		-0.67		22.53		0.3617	2.1948	30.8548203523	183.9052
0 4 20			0.01		-0.66		22.28		0.36212	1.027	94.1654323607	18.6345
2 2 16			0.01		-0.65		22.13		0.36261	1.1693	70.1293332912	108.6018
0 2 6			-0.01		-0.66		22.3		0.36236	1.1672	29.1471999487	131.5155
6 2 2			-0.03		-0.69		23.02		0.36244	3.3001	58.5687226088	135.1206
1 7 1			0.01		-0.69		22.88		0.36243	0.5219	65.7901743415	26.2984
0 6 8			0.01		-0.68		22.64		0.36235	0.7694	64.1950429677	5.6946
1 1 11			-0.06		-0.74		24.21		0.36242	2.144	44.8525636461	378.5934
4 2 10			0.01		-0.73		24.01		0.3624	1.1102	57.0442200735	11.3144
5 1 1			0.01		-0.73		23.88		0.36239	0.5346	46.1701152	26.7419
0 4 16			0.01		-0.72		23.66		0.36268	1.5557	75.7704700384	94.8658
5 1 9			0.01		-0.71		23.48		0.36257	0.4583	58.9619928854	19.0838
7 3 3			0.0		-0.71		23.46		0.36252	1.9283	72.601334037	69.5466
0 6 0			0.01		-0.7		23.27		0.36252	1.4277	54.7714555341	59.4019
0 0 16			0.01		-0.7		23.15		0.36292	1.3342	64.286058028	116.6634
0 2 10			0.0		-0.69		23.05		0.36289	0.4317	42.9590557724	21.0204
6 2 10			0.0		-0.69		23.0		0.36303	0.7103	71.9901825081	43.9921
3 5 3			-0.01		-0.7		23.13		0.36298	0.9259	54.5093201099	87.7589
3 7 5			0.0		-0.69		23.04		0.3631	1.0548	74.7470539899	89.5814
4 4 10			0.0		-0.69		23.02		0.36324	0.6886	66.23802526	47.6672
0 2 8			0.01		-0.68		22.8		0.36323	0.1155	35.7619852008	1.7384