HKL Value		Reward		TotalReward	Chi Squared	Z Appr. 	Error	Two-Thetas	Sfs2
5 3 7			0.0		0.0		0.0		0.3	0.2523	60.5057581853	5.4388
1 7 7			0.0		0.0		0.08		0.33542	0.4353	72.3061031614	6.1143
4 6 0			0.29		0.29		0.06		0.33542	0.7863	67.1083315067	59.4729
3 3 15			-0.96		-0.67		1.35		0.35061	0.3402	73.0835579415	3.8877
4 2 6			0.01		-0.66		1.34		0.35007	1.6049	46.7233273538	62.1975
7 1 7			-0.04		-0.7		1.4		0.34995	0.3505	72.2660298289	5.0526
6 4 0			0.2		-0.51		1.17		0.34995	1.8287	67.0910631577	58.6803
2 4 8			0.1		-0.41		1.06		0.3502	0.1687	51.4325245866	2.4593
0 2 20			-0.0		-0.41		1.06		0.35031	0.4494	86.0769303832	2.8517
5 1 7			-0.02		-0.43		1.08		0.35015	0.2609	54.1000446603	4.252
0 6 18			0.03		-0.39		1.05		0.35199	0.7949	98.0280769063	1.8601
3 5 7			-0.07		-0.46		1.12		0.35192	0.2309	60.5203777188	5.6046
2 2 12			-0.75		-1.21		4.54		0.34945	1.9766	54.0147953295	208.0279
6 0 8			0.06		-1.15		4.28		0.34954	2.9234	64.163237895	5.3359
4 4 6			-0.73		-1.88		15.86		0.34894	4.3817	57.0116572758	400.3855
5 5 7			0.07		-1.81		14.86		0.34891	0.6639	72.2860687267	4.3062
0 6 2			0.05		-1.76		14.11		0.34892	0.2356	55.3895592761	6.1752
5 1 5			-0.19		-1.95		17.34		0.34934	1.1901	50.2495039981	127.1383
1 5 7			0.05		-1.89		16.44		0.34932	0.6035	54.1236034243	4.2528
6 0 2			0.05		-1.84		15.7		0.34933	0.2214	55.354768557	5.4487
4 6 2			0.04		-1.8		15.05		0.34933	0.2349	67.657370766	5.5969
5 1 9			0.05		-1.75		14.38		0.34949	0.4583	58.9619928854	19.0838
2 4 10			0.03		-1.72		13.94		0.34949	0.607	57.0555982332	12.0937
0 6 16			0.04		-1.69		13.43		0.34937	0.4825	89.3859051251	7.6515
1 1 13			0.02		-1.66		13.14		0.34939	0.3722	52.9310122384	10.9703
1 3 7			0.04		-1.63		12.66		0.34936	0.1893	39.2755843192	5.3372
2 0 14			0.04		-1.59		12.19		0.34944	0.2634	58.6945218607	7.3942
5 5 1			0.02		-1.56		11.92		0.34941	0.5073	65.769247456	23.9531
1 5 13			0.01		-1.55		11.76		0.34944	1.1973	71.2966048402	12.6128
2 4 14			0.03		-1.52		11.46		0.34966	0.5221	70.6383718296	19.4111
0 6 10			0.03		-1.5		11.17		0.34967	0.8527	69.1637693973	8.5049
4 2 14			0.02		-1.47		10.91		0.3499	1.2576	70.6282605877	19.9713
2 0 16			0.02		-1.46		10.75		0.34976	0.5935	67.2372591268	11.8907
1 3 13			0.01		-1.45		10.62		0.34978	0.3907	59.4200243294	11.5335
4 6 6			0.01		-1.43		10.47		0.35001	1.1903	71.9781772466	41.9784
6 0 10			0.02		-1.41		10.25		0.35001	1.0728	69.1331306246	8.9056
5 3 3			-0.06		-1.47		10.87		0.34993	0.9351	54.4936931553	89.9375
3 1 13			0.01		-1.46		10.76		0.34996	0.3869	59.4126405656	11.7895
5 1 11			-0.16		-1.61		12.74		0.35141	3.2753	64.7131722767	203.727
2 0 8			0.03		-1.59		12.42		0.35141	0.1665	35.7565424018	1.5727
1 3 15			0.02		-1.57		12.15		0.35103	0.2862	67.3623786269	8.1809
1 1 7			0.02		-1.54		11.9		0.35099	0.2012	29.7561292971	6.5386
4 4 4			-0.07		-1.61		12.74		0.35081	0.8476	53.9354251327	76.9211
2 4 2			0.01		-1.6		12.64		0.35081	0.3828	40.8766170199	13.2501
0 6 6			0.02		-1.58		12.35		0.35081	1.0147	60.183190367	40.9583
3 5 9			0.02		-1.56		12.08		0.35072	0.4755	65.0802252419	19.5165
2 6 0			-0.32		-1.88		17.81		0.35072	4.3567	58.0028534629	558.9791
3 7 1			0.01		-1.86		17.55		0.35069	1.2822	71.5694631273	22.2453
2 4 6			0.02		-1.84		17.22		0.35056	0.785	46.7364348384	64.2552
3 3 13			0.01		-1.83		16.97		0.3506	0.5636	65.4922780779	9.1158
4 4 0			-0.27		-2.1		23.15		0.3506	4.9852	51.3853572345	648.027
3 1 7			0.02		-2.08		22.73		0.35058	0.257	39.2655360855	5.205
9 1 1			0.02		-2.06		22.37		0.35055	0.8793	87.9915459652	19.6393
2 0 10			0.01		-2.05		22.14		0.35055	0.6169	42.9543880851	20.236
4 2 2			0.01		-2.04		21.87		0.35055	0.457	40.8620305525	12.2524
1 7 3			-0.0		-2.04		21.91		0.35046	0.9932	66.8968211493	90.2271
0 2 14			0.02		-2.02		21.52		0.35046	0.2479	58.6982494177	6.3292
0 4 20			-0.03		-2.05		22.12		0.35998	1.027	94.1654323607	18.6345
0 6 14			0.02		-2.03		21.78		0.35989	0.9096	81.7552219026	27.2955
4 2 8			0.02		-2.02		21.43		0.3597	0.7605	51.4203212226	2.5419
1 1 1			-0.0		-2.02		21.48		0.35965	0.5749	13.0194761966	56.7652
4 2 10			0.01		-2.01		21.22		0.35956	1.1102	57.0442200735	11.3144
0 6 0			0.01		-2.0		20.98		0.35956	1.4277	54.7714555341	59.4019
6 0 6			0.01		-1.98		20.68		0.3594	1.0815	60.1501886982	39.9969
6 0 0			0.01		-1.97		20.43		0.3594	0.7256	54.7363985401	55.434
0 2 10			0.01		-1.96		20.31		0.35928	0.4317	42.9590557724	21.0204
6 2 6			-0.1		-2.06		22.46		0.3581	3.9921	63.2107357729	344.5633
1 1 15			0.01		-2.05		22.31		0.35839	0.656	61.3839959686	20.6242
2 4 12			0.01		-2.04		21.98		0.35832	0.2205	63.4791913795	4.8908
0 4 16			0.0		-2.03		21.89		0.35966	1.5557	75.7704700384	94.8658
1 7 1			0.01		-2.03		21.74		0.35965	0.5219	65.7901743415	26.2984
3 1 15			0.01		-2.01		21.48		0.35972	0.2871	67.3554895111	7.7692
2 2 10			-0.0		-2.02		21.51		0.35998	0.6429	46.7739448495	44.8949
5 1 1			0.01		-2.01		21.37		0.35997	0.5346	46.1701152	26.7419
1 5 1			0.01		-2.0		21.24		0.35994	0.4978	46.196563203	27.3004
5 1 13			0.01		-1.99		20.98		0.36012	0.4567	71.2764535317	11.3258
4 2 0			0.01		-1.99		20.87		0.36012	0.9287	40.0811891304	86.5118
2 2 16			0.0		-1.98		20.81		0.36105	1.1693	70.1293332912	108.6018
5 3 1			0.0		-1.98		20.72		0.36103	0.5252	53.2386121167	32.835
4 0 10			-0.0		-1.98		20.74		0.36124	0.6243	53.7713327333	45.2096
3 3 9			0.01		-1.97		20.52		0.36111	0.3816	52.4524123761	12.0632
3 5 5			-0.02		-1.98		20.85		0.36142	1.2751	56.9624934876	133.7285
1 1 3			0.0		-1.98		20.78		0.36138	0.4514	16.9416048235	36.8187
1 5 9			0.01		-1.97		20.58		0.36122	0.4394	58.984264935	17.7365
6 2 10			0.0		-1.97		20.58		0.36141	0.7103	71.9901825081	43.9921
4 0 6			-0.13		-2.11		23.79		0.36074	5.3963	42.900258124	488.2208
3 3 7			0.01		-2.1		23.52		0.36074	0.1558	47.1418707618	3.5073
0 4 10			0.0		-2.09		23.49		0.36097	0.9893	53.7871001638	44.1425
0 6 4			-0.0		-2.09		23.5		0.36101	0.6675	57.2171401797	42.9768
0 0 16			0.0		-2.09		23.42		0.36176	1.3342	64.286058028	116.6634
5 5 3			0.0		-2.09		23.41		0.3617	0.8107	66.8760743485	64.1048
4 4 10			0.0		-2.09		23.41		0.36189	0.6886	66.23802526	47.6672
7 3 5			0.0		-2.09		23.31		0.36206	1.0496	74.7140851895	88.0788
1 1 9			0.01		-2.08		23.06		0.36206	0.2216	37.1193146943	1.1702
3 3 1			0.0		-2.07		22.96		0.36204	0.5106	38.1558496662	33.1617
1 3 1			0.0		-2.07		22.93		0.36202	0.5324	28.3265170018	42.1271
4 2 12			0.01		-2.06		22.7		0.36196	0.2244	63.468523569	4.7972
0 2 12			0.01		-2.05		22.54		0.36181	0.3827	50.6142203783	17.5707
3 7 5			0.0		-2.05		22.46		0.36198	1.0548	74.7470539899	89.5814
3 7 3			-0.0		-2.05		22.47		0.36193	0.8954	72.6346668965	71.6226
0 2 2			-0.0		-2.05		22.51		0.36192	0.4614	19.2417464495	36.8131
2 4 0			0.0		-2.05		22.42		0.36192	1.4359	40.0960076051	88.2765