HKL Value		Reward		TotalReward	Chi Squared	Z Appr. 	Error	Two-Thetas	Sfs2
5 3 7			0.0		0.0		0.0		0.3	0.2523	60.5057581853	5.4388
1 7 7			0.0		0.0		0.08		0.33542	0.4353	72.3061031614	6.1143
4 6 0			0.29		0.29		0.06		0.33542	0.7863	67.1083315067	59.4729
4 2 6			0.43		0.72		0.04		0.33544	1.6049	46.7233273538	62.1975
7 1 7			0.26		0.98		0.03		0.33563	0.3505	72.2660298289	5.0526
6 4 0			0.14		1.12		0.03		0.33563	1.8287	67.0910631577	58.6803
3 1 3			-0.99		0.13		3.33		0.3355	1.2003	30.3814370344	67.5761
0 2 20			0.16		0.29		2.87		0.33642	0.4494	86.0769303832	2.8517
2 4 8			0.14		0.43		2.51		0.33644	0.1687	51.4325245866	2.4593
2 0 8			-0.07		0.36		2.72		0.33938	0.1665	35.7565424018	1.5727
5 1 7			0.11		0.46		2.45		0.33903	0.2609	54.1000446603	4.252
3 5 7			0.09		0.56		2.25		0.33866	0.2309	60.5203777188	5.6046
7 3 5			-0.54		0.01		4.91		0.35604	1.0496	74.7140851895	88.0788
5 5 7			0.06		0.08		4.62		0.35601	0.6639	72.2860687267	4.3062
1 5 7			0.05		0.13		4.39		0.35598	0.6035	54.1236034243	4.2528
1 3 7			0.04		0.17		4.21		0.35594	0.1893	39.2755843192	5.3372
1 3 11			-0.63		-0.46		11.46		0.36254	2.4293	52.0561920156	298.4303
2 0 14			0.06		-0.4		10.79		0.36255	0.2634	58.6945218607	7.3942
0 6 2			0.05		-0.35		10.3		0.36264	0.2356	55.3895592761	6.1752
4 6 2			0.04		-0.31		9.91		0.36266	0.2349	67.657370766	5.5969
6 0 2			0.04		-0.27		9.49		0.36273	0.2214	55.354768557	5.4487
7 3 1			0.01		-0.25		9.35		0.36265	0.5095	71.5359286583	22.1332
1 1 13			0.05		-0.21		8.93		0.36281	0.3722	52.9310122384	10.9703
1 1 7			0.04		-0.17		8.61		0.36287	0.2012	29.7561292971	6.5386
6 0 8			0.03		-0.14		8.36		0.36234	2.9234	64.163237895	5.3359
1 5 9			0.02		-0.12		8.22		0.36145	0.4394	58.984264935	17.7365
3 1 15			0.02		-0.1		8.02		0.3618	0.2871	67.3554895111	7.7692
6 0 12			0.04		-0.06		7.73		0.36173	0.5892	74.995462768	0.9301
0 2 14			0.04		-0.02		7.46		0.36193	0.2479	58.6982494177	6.3292
2 2 6			-0.62		-0.65		19.87		0.35725	8.3224	34.2684003079	615.2447
2 4 10			0.02		-0.62		19.39		0.35704	0.607	57.0555982332	12.0937
4 2 8			0.03		-0.59		18.78		0.35686	0.7605	51.4203212226	2.5419
1 5 13			0.02		-0.57		18.33		0.35745	1.1973	71.2966048402	12.6128
2 6 6			-0.19		-0.75		22.54		0.35562	5.383	63.2392339525	346.2148
3 1 7			0.03		-0.73		21.92		0.35561	0.257	39.2655360855	5.205
2 4 14			0.03		-0.7		21.31		0.35566	0.5221	70.6383718296	19.4111
4 2 14			0.03		-0.67		20.74		0.35572	1.2576	70.6282605877	19.9713
0 6 10			0.02		-0.65		20.26		0.35562	0.8527	69.1637693973	8.5049
3 1 11			-0.12		-0.76		22.98		0.35713	2.3814	52.0481274199	292.2152
3 1 13			0.02		-0.74		22.49		0.35755	0.3869	59.4126405656	11.7895
6 0 6			0.02		-0.72		21.96		0.35735	1.0815	60.1501886982	39.9969
3 3 7			0.02		-0.69		21.44		0.35735	0.1558	47.1418707618	3.5073
0 6 6			0.02		-0.67		20.96		0.35714	1.0147	60.183190367	40.9583
3 3 13			0.02		-0.65		20.52		0.35749	0.5636	65.4922780779	9.1158
6 0 10			0.02		-0.63		20.14		0.35737	1.0728	69.1331306246	8.9056
2 4 6			0.02		-0.61		19.82		0.35696	0.785	46.7364348384	64.2552
5 5 1			0.02		-0.6		19.51		0.35692	0.5073	65.769247456	23.9531
2 0 16			0.02		-0.58		19.22		0.35739	0.5935	67.2372591268	11.8907
0 6 18			0.02		-0.56		18.83		0.35736	0.7949	98.0280769063	1.8601
3 5 9			0.02		-0.55		18.53		0.35682	0.4755	65.0802252419	19.5165
0 6 14			0.02		-0.53		18.2		0.35684	0.9096	81.7552219026	27.2955
3 7 1			0.01		-0.52		17.96		0.35679	1.2822	71.5694631273	22.2453
2 0 10			0.01		-0.51		17.83		0.35663	0.6169	42.9543880851	20.236
0 4 18			0.02		-0.49		17.49		0.35666	0.8369	84.5238780681	17.4513
2 0 0			-0.03		-0.52		18.03		0.35666	2.02	17.6289686615	175.6782
0 0 10			-0.01		-0.52		18.13		0.35695	0.8316	38.8438017949	41.7013
4 6 4			0.0		-0.52		18.06		0.35709	1.0731	69.291881243	33.3045
3 3 1			0.0		-0.52		17.97		0.35704	0.5106	38.1558496662	33.1617
1 1 9			0.02		-0.5		17.66		0.35713	0.2216	37.1193146943	1.1702
2 4 12			0.02		-0.48		17.36		0.3572	0.2205	63.4791913795	4.8908
6 4 6			0.02		-0.46		17.09		0.35737	0.9247	71.9614498967	41.9809
5 1 13			0.01		-0.45		16.87		0.35771	0.4567	71.2764535317	11.3258
0 6 16			0.01		-0.44		16.64		0.3581	0.4825	89.3859051251	7.6515
2 4 2			0.01		-0.43		16.5		0.35811	0.3828	40.8766170199	13.2501
2 2 4			-0.03		-0.46		17.01		0.35798	0.7551	29.4672289371	73.6026
9 1 1			0.01		-0.45		16.83		0.35792	0.8793	87.9915459652	19.6393
1 3 13			0.01		-0.44		16.62		0.35835	0.3907	59.4200243294	11.5335
0 6 8			0.01		-0.42		16.37		0.35822	0.7694	64.1950429677	5.6946
0 4 20			0.0		-0.42		16.3		0.36051	1.027	94.1654323607	18.6345
5 1 9			0.01		-0.41		16.13		0.36032	0.4583	58.9619928854	19.0838
3 3 9			0.01		-0.39		15.94		0.36017	0.3816	52.4524123761	12.0632
4 2 10			0.01		-0.39		15.8		0.36011	1.1102	57.0442200735	11.3144
0 6 0			0.01		-0.38		15.67		0.36011	1.4277	54.7714555341	59.4019
4 2 2			0.01		-0.37		15.55		0.36011	0.457	40.8620305525	12.2524
4 6 6			0.01		-0.36		15.34		0.36016	1.1903	71.9781772466	41.9784
0 2 12			0.01		-0.35		15.2		0.35993	0.3827	50.6142203783	17.5707
1 3 15			0.01		-0.34		15.05		0.36	0.2862	67.3623786269	8.1809
1 1 15			0.0		-0.33		15.0		0.36015	0.656	61.3839959686	20.6242
0 0 16			-0.0		-0.34		15.06		0.36103	1.3342	64.286058028	116.6634
0 0 20			-0.0		-0.34		15.14		0.36251	0.4542	83.3712939521	4.3689
1 7 1			0.0		-0.34		15.09		0.3625	0.5219	65.7901743415	26.2984
0 0 18			0.01		-0.33		14.98		0.36254	0.6609	73.530655613	37.988
0 2 8			0.01		-0.32		14.79		0.36253	0.1155	35.7619852008	1.7384
6 4 2			0.01		-0.31		14.64		0.36253	0.2211	67.6401768609	4.8049
0 2 10			0.0		-0.31		14.63		0.36251	0.4317	42.9590557724	21.0204
6 2 10			-0.0		-0.31		14.68		0.36263	0.7103	71.9901825081	43.9921
4 4 10			-0.01		-0.32		14.77		0.36275	0.6886	66.23802526	47.6672
1 1 3			-0.0		-0.32		14.78		0.36272	0.4514	16.9416048235	36.8187