HKL Value		Reward		TotalReward	Chi Squared	Z Appr. 	Error	Two-Thetas	Sfs2
1 3 11			0.0		0.0		0.0		0.3	2.4293	52.0561920156	298.4303
5 3 7			0.0		0.0		119.64		0.36381	0.2523	60.5057581853	5.4388
1 7 7			0.96		0.96		60.96		0.364	0.4353	72.3061031614	6.1143
4 6 0			0.5		1.46		40.65		0.364	0.7863	67.1083315067	59.4729
5 1 1			0.22		1.68		33.46		0.36378	0.5346	46.1701152	26.7419
4 2 6			0.17		1.85		28.62		0.36136	1.6049	46.7233273538	62.1975
2 0 2			0.02		1.86		28.18		0.36119	0.6502	19.2320929378	35.9547
7 1 7			0.15		2.02		24.41		0.36128	0.3505	72.2660298289	5.0526
6 4 0			0.14		2.16		21.36		0.36128	1.8287	67.0910631577	58.6803
2 4 8			0.11		2.27		19.21		0.35989	0.1687	51.4325245866	2.4593
0 2 20			0.1		2.38		17.4		0.36025	0.4494	86.0769303832	2.8517
5 1 7			0.09		2.47		15.94		0.36036	0.2609	54.1000446603	4.252
3 5 7			0.08		2.55		14.78		0.36051	0.2309	60.5203777188	5.6046
4 4 2			-0.26		2.28		20.08		0.36199	1.2125	52.0311030722	128.6454
5 5 7			0.07		2.35		18.71		0.36207	0.6639	72.2860687267	4.3062
3 3 7			0.07		2.42		17.51		0.36214	0.1558	47.1418707618	3.5073
1 5 7			0.06		2.48		16.5		0.36222	0.6035	54.1236034243	4.2528
1 3 7			0.06		2.54		15.62		0.36232	0.1893	39.2755843192	5.3372
1 1 7			0.05		2.59		14.85		0.36244	0.2012	29.7561292971	6.5386
7 1 1			0.02		2.61		14.61		0.36229	0.5207	65.7483230412	25.2044
0 6 10			0.04		2.64		14.1		0.36199	0.8527	69.1637693973	8.5049
2 0 14			0.05		2.69		13.43		0.3621	0.2634	58.6945218607	7.3942
6 0 8			0.04		2.74		12.91		0.36056	2.9234	64.163237895	5.3359
6 0 12			0.05		2.78		12.35		0.36059	0.5892	74.995462768	0.9301
4 4 6			-0.38		2.41		19.77		0.35677	4.3817	57.0116572758	400.3855
4 0 14			-0.02		2.39		20.08		0.35685	1.986	67.7459682929	124.3248
0 2 14			0.04		2.43		19.35		0.35684	0.2479	58.6982494177	6.3292
2 2 16			-0.01		2.42		19.58		0.3604	1.1693	70.1293332912	108.6018
0 6 2			0.03		2.45		18.96		0.36047	0.2356	55.3895592761	6.1752
1 5 3			-0.01		2.44		19.13		0.36014	0.9511	47.585042181	85.8034
6 0 2			0.03		2.47		18.55		0.36021	0.2214	55.354768557	5.4487
2 0 8			0.03		2.5		17.96		0.36018	0.1665	35.7565424018	1.5727
0 2 22			-0.01		2.5		18.06		0.36148	1.8317	96.7387030121	97.213
3 1 7			0.03		2.53		17.56		0.3615	0.257	39.2655360855	5.205
4 2 8			0.03		2.55		17.12		0.36119	0.7605	51.4203212226	2.5419
2 4 10			0.02		2.57		16.82		0.36109	0.607	57.0555982332	12.0937
0 6 18			0.03		2.6		16.37		0.36109	0.7949	98.0280769063	1.8601
4 6 2			0.02		2.62		16.0		0.36109	0.2349	67.657370766	5.5969
4 4 0			-0.34		2.28		24.16		0.36109	4.9852	51.3853572345	648.027
1 5 13			0.03		2.31		23.57		0.3614	1.1973	71.2966048402	12.6128
5 3 11			-0.03		2.28		24.29		0.36165	1.8677	70.5420870211	204.0714
3 3 1			0.01		2.29		24.03		0.36162	0.5106	38.1558496662	33.1617
3 1 13			0.02		2.31		23.48		0.3618	0.3869	59.4126405656	11.7895
2 4 2			0.02		2.33		23.11		0.36182	0.3828	40.8766170199	13.2501
6 0 6			0.02		2.35		22.66		0.36162	1.0815	60.1501886982	39.9969
4 2 14			0.02		2.37		22.18		0.3615	1.2576	70.6282605877	19.9713
0 6 6			0.02		2.39		21.77		0.36131	1.0147	60.183190367	40.9583
2 4 14			0.02		2.41		21.33		0.36122	0.5221	70.6383718296	19.4111
1 1 9			0.02		2.43		20.89		0.36118	0.2216	37.1193146943	1.1702
2 4 6			0.01		2.44		20.65		0.36089	0.785	46.7364348384	64.2552
6 4 6			0.02		2.46		20.23		0.3609	0.9247	71.9614498967	41.9809
2 4 12			0.02		2.48		19.85		0.36078	0.2205	63.4791913795	4.8908
2 2 0			-0.38		2.1		31.97		0.36078	11.1953	25.0390113278	1035.9387
0 6 8			0.02		2.12		31.38		0.36064	0.7694	64.1950429677	5.6946
2 2 4			-0.01		2.11		31.73		0.36057	0.7551	29.4672289371	73.6026
6 0 10			0.02		2.13		31.23		0.3605	1.0728	69.1331306246	8.9056
0 0 10			0.01		2.13		31.05		0.36081	0.8316	38.8438017949	41.7013
0 6 14			0.02		2.15		30.54		0.36067	0.9096	81.7552219026	27.2955
5 3 3			-0.0		2.15		30.64		0.36055	0.9351	54.4936931553	89.9375
3 1 5			-0.03		2.12		31.55		0.36114	2.8985	34.1781376955	186.2389
2 0 16			0.02		2.13		31.05		0.36141	0.5935	67.2372591268	11.8907
1 1 13			0.02		2.15		30.55		0.36154	0.3722	52.9310122384	10.9703
3 3 13			0.02		2.17		30.06		0.36159	0.5636	65.4922780779	9.1158
3 7 1			0.01		2.18		29.69		0.36157	1.2822	71.5694631273	22.2453
0 0 4			-0.01		2.17		29.87		0.36153	0.8482	15.2869714585	59.1035
5 5 1			0.01		2.18		29.5		0.36151	0.5073	65.769247456	23.9531
0 6 12			0.02		2.2		29.06		0.36147	0.3425	75.0250979777	1.887
1 3 13			0.01		2.21		28.64		0.3616	0.3907	59.4200243294	11.5335
5 1 13			0.01		2.23		28.22		0.36171	0.4567	71.2764535317	11.3258
0 4 10			0.0		2.23		28.1		0.36194	0.9893	53.7871001638	44.1425
1 5 9			0.01		2.25		27.77		0.36177	0.4394	58.984264935	17.7365
0 2 8			0.01		2.26		27.38		0.36175	0.1155	35.7619852008	1.7384
5 3 9			0.01		2.27		27.13		0.36156	0.4833	65.0662013285	20.8409
0 6 16			0.01		2.28		26.76		0.36163	0.4825	89.3859051251	7.6515
6 4 2			0.01		2.3		26.42		0.36163	0.2211	67.6401768609	4.8049
5 5 5			0.0		2.3		26.35		0.36186	1.5862	69.0631626084	104.8873
9 1 1			0.01		2.31		26.07		0.36185	0.8793	87.9915459652	19.6393
5 3 5			-0.01		2.3		26.33		0.36214	2.2247	56.9473208346	134.0256
4 2 0			0.01		2.31		26.16		0.36214	0.9287	40.0811891304	86.5118
3 3 9			0.01		2.32		25.88		0.36202	0.3816	52.4524123761	12.0632
1 3 15			0.01		2.33		25.59		0.36208	0.2862	67.3623786269	8.1809
0 2 12			0.01		2.34		25.36		0.36191	0.3827	50.6142203783	17.5707
0 0 20			0.01		2.34		25.22		0.36305	0.4542	83.3712939521	4.3689
5 1 9			0.01		2.35		25.0		0.36296	0.4583	58.9619928854	19.0838
4 0 6			-0.12		2.24		28.26		0.36262	5.3963	42.900258124	488.2208
3 5 9			0.01		2.24		28.03		0.36254	0.4755	65.0802252419	19.5165
0 4 20			0.01		2.26		27.71		0.36264	1.027	94.1654323607	18.6345
0 6 0			0.01		2.26		27.47		0.36264	1.4277	54.7714555341	59.4019
2 2 12			-0.03		2.23		28.32		0.36227	1.9766	54.0147953295	208.0279
4 6 6			0.01		2.25		28.0		0.36227	1.1903	71.9781772466	41.9784
4 2 10			0.01		2.25		27.76		0.36225	1.1102	57.0442200735	11.3144
1 1 15			0.01		2.26		27.57		0.3623	0.656	61.3839959686	20.6242
3 1 15			0.01		2.27		27.3		0.36233	0.2871	67.3554895111	7.7692
4 2 2			0.01		2.28		27.08		0.36233	0.457	40.8620305525	12.2524
0 2 16			0.01		2.29		26.8		0.36242	1.8687	67.2407114996	13.8307
7 1 3			-0.0		2.29		26.83		0.36237	1.4031	66.8553232335	91.2915
1 7 1			0.01		2.29		26.67		0.36237	0.5219	65.7901743415	26.2984
4 0 12			-0.02		2.28		27.16		0.36205	2.7435	60.4154589103	161.2613
3 1 9			0.01		2.29		26.91		0.362	0.36	45.2950695798	8.7768
3 7 5			0.0		2.29		26.79		0.3621	1.0548	74.7470539899	89.5814
0 0 18			0.01		2.3		26.58		0.36212	0.6609	73.530655613	37.988
0 0 22			0.01		2.31		26.35		0.36217	2.2765	94.0325860765	137.6091