HKL Value		Reward		TotalReward	Chi Squared	Z Appr. 	Error	Two-Thetas	Sfs2
5 3 7			0.0		0.0		0.0		0.3	0.2523	60.5057581853	5.4388
5 1 13			0.0		0.0		2.1		0.33123	0.4567	71.2764535317	11.3258
1 7 7			0.72		0.72		1.22		0.33199	0.4353	72.3061031614	6.1143
4 6 0			0.47		1.2		0.83		0.33199	0.7863	67.1083315067	59.4729
3 5 1			-0.73		0.46		3.09		0.33168	0.5283	53.2544885252	31.9012
4 2 6			0.25		0.71		2.47		0.33168	1.6049	46.7233273538	62.1975
7 1 7			0.14		0.85		2.17		0.33259	0.3505	72.2660298289	5.0526
6 0 8			0.12		0.97		1.94		0.33213	2.9234	64.163237895	5.3359
6 4 0			0.14		1.11		1.7		0.33213	1.8287	67.0910631577	58.6803
2 4 8			0.05		1.16		1.62		0.33309	0.1687	51.4325245866	2.4593
0 2 14			0.11		1.27		1.46		0.33298	0.2479	58.6982494177	6.3292
5 1 7			0.05		1.32		1.39		0.33342	0.2609	54.1000446603	4.252
5 5 7			0.0		1.33		1.38		0.33406	0.6639	72.2860687267	4.3062
2 4 0			-0.41		0.92		2.34		0.33406	1.4359	40.0960076051	88.2765
4 0 14			-0.55		0.37		5.2		0.35579	1.986	67.7459682929	124.3248
0 2 20			0.07		0.44		4.86		0.35548	0.4494	86.0769303832	2.8517
3 5 7			0.04		0.48		4.68		0.35545	0.2309	60.5203777188	5.6046
1 5 7			0.04		0.52		4.49		0.35543	0.6035	54.1236034243	4.2528
1 3 7			0.04		0.55		4.33		0.35539	0.1893	39.2755843192	5.3372
6 2 6			-0.63		-0.08		11.86		0.35063	3.9921	63.2107357729	344.5633
6 0 2			0.04		-0.04		11.39		0.35076	0.2214	55.354768557	5.4487
0 6 2			0.04		-0.0		10.98		0.35089	0.2356	55.3895592761	6.1752
2 0 14			0.05		0.04		10.49		0.35104	0.2634	58.6945218607	7.3942
4 6 2			0.03		0.08		10.15		0.35099	0.2349	67.657370766	5.5969
1 1 7			0.04		0.11		9.79		0.3508	0.2012	29.7561292971	6.5386
1 1 13			0.02		0.13		9.64		0.35113	0.3722	52.9310122384	10.9703
1 5 13			0.01		0.14		9.54		0.35166	1.1973	71.2966048402	12.6128
2 4 14			0.03		0.17		9.24		0.35265	0.5221	70.6383718296	19.4111
4 2 14			0.03		0.2		8.96		0.35326	1.2576	70.6282605877	19.9713
0 6 10			0.02		0.23		8.75		0.3531	0.8527	69.1637693973	8.5049
3 1 7			0.03		0.26		8.51		0.35303	0.257	39.2655360855	5.205
4 2 8			0.03		0.29		8.23		0.35316	0.7605	51.4203212226	2.5419
7 3 3			-0.04		0.25		8.56		0.35281	1.9283	72.601334037	69.5466
3 1 13			0.01		0.26		8.49		0.35327	0.3869	59.4126405656	11.7895
3 3 13			0.02		0.28		8.36		0.35382	0.5636	65.4922780779	9.1158
6 0 10			0.02		0.29		8.21		0.35359	1.0728	69.1331306246	8.9056
6 0 6			0.03		0.32		7.98		0.35342	1.0815	60.1501886982	39.9969
0 6 6			0.03		0.35		7.77		0.35321	1.0147	60.183190367	40.9583
1 1 9			0.02		0.37		7.62		0.35442	0.2216	37.1193146943	1.1702
5 5 1			0.01		0.38		7.56		0.35434	0.5073	65.769247456	23.9531
2 4 6			0.01		0.39		7.46		0.35381	0.785	46.7364348384	64.2552
2 0 16			0.0		0.39		7.46		0.35376	0.5935	67.2372591268	11.8907
0 0 4			-0.09		0.3		8.22		0.35343	0.8482	15.2869714585	59.1035
4 4 2			-0.18		0.11		10.07		0.354	1.2125	52.0311030722	128.6454
3 3 7			0.02		0.14		9.86		0.35398	0.1558	47.1418707618	3.5073
9 1 1			0.01		0.15		9.74		0.35387	0.8793	87.9915459652	19.6393
2 4 10			0.01		0.16		9.63		0.35369	0.607	57.0555982332	12.0937
0 0 14			-0.01		0.15		9.73		0.35453	0.8389	55.4890953336	74.9432
4 6 6			0.02		0.17		9.57		0.35507	1.1903	71.9781772466	41.9784
3 5 9			0.02		0.18		9.41		0.35444	0.4755	65.0802252419	19.5165
0 6 14			0.02		0.2		9.27		0.35467	0.9096	81.7552219026	27.2955
3 7 1			0.01		0.21		9.2		0.3546	1.2822	71.5694631273	22.2453
4 2 2			0.0		0.21		9.17		0.35461	0.457	40.8620305525	12.2524
0 6 0			0.01		0.21		9.12		0.35461	1.4277	54.7714555341	59.4019
0 6 18			0.02		0.23		8.95		0.35447	0.7949	98.0280769063	1.8601
2 0 8			0.02		0.25		8.8		0.35453	0.1665	35.7565424018	1.5727
1 3 13			0.01		0.26		8.73		0.35491	0.3907	59.4200243294	11.5335
1 5 9			0.02		0.28		8.58		0.35473	0.4394	58.984264935	17.7365
1 1 15			-0.01		0.27		8.68		0.35473	0.656	61.3839959686	20.6242
2 4 12			0.01		0.28		8.55		0.35558	0.2205	63.4791913795	4.8908
0 2 0			-0.07		0.21		9.2		0.35558	1.4407	17.6394681947	177.2483
0 0 18			0.01		0.22		9.08		0.35494	0.6609	73.530655613	37.988
4 2 10			0.01		0.23		9.01		0.35484	1.1102	57.0442200735	11.3144
2 4 2			0.0		0.23		8.99		0.35484	0.3828	40.8766170199	13.2501
0 2 12			0.02		0.25		8.85		0.35469	0.3827	50.6142203783	17.5707
0 6 16			0.01		0.26		8.78		0.35471	0.4825	89.3859051251	7.6515
0 4 20			-0.03		0.22		9.07		0.35978	1.027	94.1654323607	18.6345
3 1 15			0.01		0.23		8.99		0.35986	0.2871	67.3554895111	7.7692
1 3 15			0.01		0.24		8.91		0.35995	0.2862	67.3623786269	8.1809
2 2 12			-0.11		0.13		10.05		0.35831	1.9766	54.0147953295	208.0279
6 4 6			0.01		0.14		9.91		0.35841	0.9247	71.9614498967	41.9809
1 7 1			-0.0		0.14		9.93		0.35839	0.5219	65.7901743415	26.2984
0 4 8			-0.12		0.02		11.32		0.35932	4.1351	47.9021960727	235.0989
2 0 10			-0.0		0.02		11.33		0.35923	0.6169	42.9543880851	20.236