HKL Value		Reward		TotalReward	Chi Squared	Z Appr. 	Error	Two-Thetas	Sfs2
7 1 5			0.0		0.0		0.0		0.3	1.5264	69.0427278305	98.726
5 3 7			0.0		0.0		8.44		0.38239	0.2523	60.5057581853	5.4388
1 7 7			0.96		0.96		4.31		0.38162	0.4353	72.3061031614	6.1143
3 3 3			-0.69		0.27		13.95		0.37947	0.8081	39.7679129272	70.9373
4 6 0			0.33		0.6		10.47		0.37947	0.7863	67.1083315067	59.4729
4 2 6			-0.18		0.42		12.8		0.3632	1.6049	46.7233273538	62.1975
7 1 7			0.17		0.59		10.94		0.36429	0.3505	72.2660298289	5.0526
6 4 0			0.17		0.75		9.38		0.36429	1.8287	67.0910631577	58.6803
2 4 8			0.11		0.87		8.43		0.35795	0.1687	51.4325245866	2.4593
0 2 2			-0.19		0.68		10.42		0.35739	0.4614	19.2417464495	36.8131
5 5 7			0.1		0.77		9.49		0.35739	0.6639	72.2860687267	4.3062
5 1 7			0.08		0.86		8.76		0.35739	0.2609	54.1000446603	4.252
0 2 20			0.09		0.94		8.05		0.3559	0.4494	86.0769303832	2.8517
3 5 7			0.06		1.01		7.59		0.35585	0.2309	60.5203777188	5.6046
1 5 7			0.06		1.07		7.15		0.35582	0.6035	54.1236034243	4.2528
1 3 7			0.05		1.12		6.79		0.35577	0.1893	39.2755843192	5.3372
2 0 14			0.06		1.18		6.39		0.35544	0.2634	58.6945218607	7.3942
6 0 2			0.04		1.22		6.14		0.35567	0.2214	55.354768557	5.4487
0 6 6			0.05		1.28		5.83		0.35484	1.0147	60.183190367	40.9583
5 3 1			-0.06		1.21		6.22		0.3545	0.5252	53.2386121167	32.835
7 3 5			-0.09		1.12		6.84		0.36288	1.0496	74.7140851895	88.0788
6 0 8			0.03		1.16		6.63		0.36125	2.9234	64.163237895	5.3359
0 6 2			0.03		1.19		6.42		0.36155	0.2356	55.3895592761	6.1752
4 6 2			0.03		1.21		6.26		0.36165	0.2349	67.657370766	5.5969
3 1 9			0.04		1.25		6.05		0.35745	0.36	45.2950695798	8.7768
4 0 0			-0.76		0.49		24.85		0.35744	8.3901	35.6934066618	787.9925
1 1 7			0.04		0.53		23.96		0.35744	0.2012	29.7561292971	6.5386
1 1 13			0.04		0.56		23.13		0.36172	0.3722	52.9310122384	10.9703
1 5 13			0.04		0.6		22.33		0.36247	1.1973	71.2966048402	12.6128
0 0 20			0.03		0.63		21.77		0.36436	0.4542	83.3712939521	4.3689
3 3 1			0.01		0.64		21.51		0.36434	0.5106	38.1558496662	33.1617
0 2 14			0.03		0.67		20.81		0.36433	0.2479	58.6982494177	6.3292
4 2 14			0.03		0.7		20.25		0.36417	1.2576	70.6282605877	19.9713
0 6 10			0.02		0.72		19.78		0.36416	0.8527	69.1637693973	8.5049
2 4 14			0.03		0.75		19.28		0.36402	0.5221	70.6383718296	19.4111
3 1 7			0.03		0.78		18.76		0.36404	0.257	39.2655360855	5.205
4 2 8			0.02		0.8		18.37		0.36386	0.7605	51.4203212226	2.5419
3 1 13			0.03		0.83		17.87		0.36384	0.3869	59.4126405656	11.7895
6 0 10			0.02		0.85		17.53		0.36382	1.0728	69.1331306246	8.9056
3 3 13			0.03		0.87		17.1		0.36369	0.5636	65.4922780779	9.1158
0 2 4			-0.08		0.8		18.49		0.36373	1.326	23.4223631322	110.0283
5 5 1			0.02		0.81		18.2		0.36372	0.5073	65.769247456	23.9531
0 0 8			-0.09		0.72		19.97		0.36399	2.1948	30.8548203523	183.9052
2 0 16			0.02		0.75		19.51		0.36396	0.5935	67.2372591268	11.8907
6 0 6			0.02		0.76		19.17		0.36386	1.0815	60.1501886982	39.9969
2 4 6			0.01		0.77		19.0		0.3637	0.785	46.7364348384	64.2552
2 4 10			0.01		0.79		18.75		0.36369	0.607	57.0555982332	12.0937
9 1 1			0.02		0.8		18.46		0.36367	0.8793	87.9915459652	19.6393
0 2 8			0.02		0.82		18.08		0.36365	0.1155	35.7619852008	1.7384
3 5 9			0.01		0.83		17.91		0.36354	0.4755	65.0802252419	19.5165
4 6 6			0.02		0.85		17.56		0.36352	1.1903	71.9781772466	41.9784
3 7 1			0.01		0.87		17.34		0.36351	1.2822	71.5694631273	22.2453
0 6 14			0.01		0.88		17.09		0.36339	0.9096	81.7552219026	27.2955
4 2 2			0.01		0.89		16.9		0.3634	0.457	40.8620305525	12.2524
2 0 8			0.02		0.91		16.59		0.36337	0.1665	35.7565424018	1.5727
3 3 7			0.02		0.93		16.3		0.36338	0.1558	47.1418707618	3.5073
0 6 18			0.02		0.95		16.02		0.36338	0.7949	98.0280769063	1.8601
3 3 9			0.01		0.96		15.83		0.3633	0.3816	52.4524123761	12.0632
1 3 13			0.02		0.98		15.55		0.3633	0.3907	59.4200243294	11.5335
2 6 6			-0.15		0.83		18.29		0.36288	5.383	63.2392339525	346.2148
1 1 17			-0.07		0.76		19.64		0.36194	2.447	70.2810461715	248.4175
5 1 3			-0.01		0.75		19.75		0.36188	0.9592	47.5591860667	88.1873