HKL Value		Reward		TotalReward	Chi Squared	Z Appr. 	Error	Two-Thetas	Sfs2
5 3 7			0.0		0.0		0.0		0.3	0.2523	60.5057581853	5.4388
1 7 7			0.0		0.0		0.08		0.33542	0.4353	72.3061031614	6.1143
4 6 0			0.29		0.29		0.06		0.33542	0.7863	67.1083315067	59.4729
4 2 6			0.43		0.72		0.04		0.33544	1.6049	46.7233273538	62.1975
7 1 7			0.26		0.98		0.03		0.33563	0.3505	72.2660298289	5.0526
3 3 5			-1.0		-0.02		12.47		0.37778	1.3995	42.8396693434	151.0913
6 4 0			0.2		0.18		10.39		0.37778	1.8287	67.0910631577	58.6803
0 2 20			0.01		0.2		10.27		0.38452	0.4494	86.0769303832	2.8517
1 1 5			-0.43		-0.23		17.98		0.38499	1.9661	22.8949597146	247.5537
2 4 8			0.08		-0.15		16.61		0.38543	0.1687	51.4325245866	2.4593
5 1 7			0.08		-0.07		15.34		0.3849	0.2609	54.1000446603	4.252
4 0 2			-0.25		-0.32		20.58		0.38516	1.7854	36.5531212028	138.5255
4 4 2			-0.17		-0.49		24.66		0.38541	1.2125	52.0311030722	128.6454
3 5 7			0.07		-0.41		22.99		0.38501	0.2309	60.5203777188	5.6046
3 3 7			0.05		-0.36		21.85		0.38441	0.1558	47.1418707618	3.5073
5 5 7			0.05		-0.31		20.72		0.38399	0.6639	72.2860687267	4.3062
1 5 7			0.06		-0.25		19.58		0.38375	0.6035	54.1236034243	4.2528
1 3 7			0.05		-0.2		18.57		0.38352	0.1893	39.2755843192	5.3372
2 0 14			0.06		-0.14		17.55		0.38343	0.2634	58.6945218607	7.3942
2 6 4			-0.09		-0.23		19.32		0.38347	0.8772	60.3635846112	78.02
5 1 9			0.02		-0.21		18.94		0.3835	0.4583	58.9619928854	19.0838
0 6 2			0.05		-0.16		18.05		0.38352	0.2356	55.3895592761	6.1752
1 1 7			0.04		-0.12		17.35		0.3833	0.2012	29.7561292971	6.5386
6 0 2			0.04		-0.07		16.61		0.38331	0.2214	55.354768557	5.4487
6 0 8			0.03		-0.05		16.15		0.38349	2.9234	64.163237895	5.3359
0 2 14			0.04		-0.01		15.53		0.38335	0.2479	58.6982494177	6.3292
1 3 5			-0.08		-0.09		16.93		0.38356	3.1323	34.189462707	190.138
2 0 8			0.04		-0.05		16.34		0.38362	0.1665	35.7565424018	1.5727
3 5 1			0.0		-0.05		16.31		0.3836	0.5283	53.2544885252	31.9012
4 6 2			0.03		-0.02		15.8		0.38361	0.2349	67.657370766	5.5969
3 1 7			0.03		0.01		15.36		0.38343	0.257	39.2655360855	5.205
4 2 8			0.02		0.03		15.09		0.38362	0.7605	51.4203212226	2.5419
1 5 5			-0.01		0.01		15.31		0.38375	1.8923	50.2743192378	127.3636
1 5 13			-0.15		-0.13		17.98		0.38337	1.1973	71.2966048402	12.6128
0 6 18			0.07		-0.07		16.86		0.36563	0.7949	98.0280769063	1.8601
2 4 14			0.02		-0.05		16.48		0.36528	0.5221	70.6383718296	19.4111
4 2 14			0.02		-0.02		16.12		0.36494	1.2576	70.6282605877	19.9713
7 3 1			0.02		-0.01		15.87		0.3649	0.5095	71.5359286583	22.1332
6 2 10			0.0		-0.01		15.86		0.36544	0.7103	71.9901825081	43.9921
3 1 13			0.03		0.02		15.47		0.36514	0.3869	59.4126405656	11.7895
6 0 6			0.02		0.04		15.22		0.3649	1.0815	60.1501886982	39.9969
0 6 10			0.02		0.05		14.96		0.3649	0.8527	69.1637693973	8.5049
6 0 12			0.02		0.08		14.61		0.3649	0.5892	74.995462768	0.9301
1 7 3			-0.02		0.05		14.96		0.36474	0.9932	66.8968211493	90.2271
0 6 6			0.01		0.07		14.74		0.36447	1.0147	60.183190367	40.9583
3 3 3			-0.02		0.05		14.98		0.36433	0.8081	39.7679129272	70.9373
1 1 13			0.02		0.07		14.66		0.36417	0.3722	52.9310122384	10.9703
0 4 20			0.02		0.09		14.36		0.364	1.027	94.1654323607	18.6345
6 0 10			0.01		0.11		14.16		0.36398	1.0728	69.1331306246	8.9056
2 4 2			0.01		0.12		14.03		0.36399	0.3828	40.8766170199	13.2501
2 0 2			-0.02		0.1		14.27		0.36398	0.6502	19.2320929378	35.9547
2 4 6			0.0		0.1		14.22		0.36369	0.785	46.7364348384	64.2552
2 0 16			0.02		0.12		13.95		0.36369	0.5935	67.2372591268	11.8907
0 4 6			-0.28		-0.15		19.25		0.36284	3.7688	42.9189471786	481.9509
5 5 1			0.01		-0.14		19.01		0.36281	0.5073	65.769247456	23.9531
0 6 14			0.01		-0.12		18.74		0.36263	0.9096	81.7552219026	27.2955
0 0 16			0.01		-0.12		18.58		0.36338	1.3342	64.286058028	116.6634
2 4 10			0.01		-0.11		18.38		0.36335	0.607	57.0555982332	12.0937
1 1 9			0.02		-0.09		18.07		0.36335	0.2216	37.1193146943	1.1702
1 1 11			-0.12		-0.21		20.49		0.36337	2.144	44.8525636461	378.5934
6 4 6			0.02		-0.19		20.15		0.36334	0.9247	71.9614498967	41.9809
3 7 1			0.01		-0.18		19.93		0.36333	1.2822	71.5694631273	22.2453
1 5 9			0.01		-0.17		19.7		0.36317	0.4394	58.984264935	17.7365
2 4 12			0.01		-0.15		19.42		0.36311	0.2205	63.4791913795	4.8908
2 2 2			-0.05		-0.2		20.44		0.3632	1.1162	26.2109248846	125.5642
5 3 1			0.0		-0.2		20.34		0.36318	0.5252	53.2386121167	32.835
0 6 16			0.02		-0.18		20.04		0.36308	0.4825	89.3859051251	7.6515
5 1 13			0.02		-0.17		19.74		0.36308	0.4567	71.2764535317	11.3258
3 3 13			0.01		-0.15		19.45		0.36303	0.5636	65.4922780779	9.1158
1 3 13			0.01		-0.14		19.17		0.36305	0.3907	59.4200243294	11.5335
9 1 1			0.01		-0.13		18.97		0.36304	0.8793	87.9915459652	19.6393
0 6 8			0.01		-0.11		18.74		0.36295	0.7694	64.1950429677	5.6946
3 5 9			0.01		-0.11		18.61		0.36283	0.4755	65.0802252419	19.5165
4 2 0			0.0		-0.1		18.53		0.36283	0.9287	40.0811891304	86.5118
3 1 15			0.01		-0.09		18.31		0.36287	0.2871	67.3554895111	7.7692
3 3 9			0.01		-0.08		18.13		0.36278	0.3816	52.4524123761	12.0632
4 6 6			0.01		-0.07		17.89		0.36277	1.1903	71.9781772466	41.9784
1 3 11			-0.07		-0.14		19.19		0.36281	2.4293	52.0561920156	298.4303
4 2 2			0.01		-0.13		19.04		0.36281	0.457	40.8620305525	12.2524
0 2 12			0.01		-0.12		18.89		0.3627	0.3827	50.6142203783	17.5707
5 3 9			0.01		-0.11		18.78		0.36258	0.4833	65.0662013285	20.8409
1 3 15			0.01		-0.1		18.58		0.36262	0.2862	67.3623786269	8.1809
0 2 8			0.01		-0.09		18.36		0.36261	0.1155	35.7619852008	1.7384
2 0 10			0.0		-0.09		18.29		0.36257	0.6169	42.9543880851	20.236
0 2 10			0.0		-0.08		18.24		0.36254	0.4317	42.9590557724	21.0204
0 6 0			0.01		-0.08		18.1		0.36254	1.4277	54.7714555341	59.4019
1 7 1			0.0		-0.07		18.02		0.36252	0.5219	65.7901743415	26.2984
3 1 5			-0.04		-0.11		18.75		0.3628	2.8985	34.1781376955	186.2389
6 4 2			0.01		-0.1		18.56		0.3628	0.2211	67.6401768609	4.8049
1 1 15			0.01		-0.1		18.46		0.36287	0.656	61.3839959686	20.6242
4 2 10			0.01		-0.09		18.32		0.36285	1.1102	57.0442200735	11.3144
3 3 15			0.01		-0.08		18.13		0.36287	0.3402	73.0835579415	3.8877
2 0 12			0.01		-0.07		18.01		0.36275	0.8079	50.6101057273	16.6151
0 0 18			0.01		-0.06		17.87		0.36282	0.6609	73.530655613	37.988
1 1 3			0.0		-0.06		17.85		0.36279	0.4514	16.9416048235	36.8187
4 4 10			-0.0		-0.06		17.89		0.36298	0.6886	66.23802526	47.6672
5 1 1			0.0		-0.06		17.83		0.36296	0.5346	46.1701152	26.7419
3 5 3			-0.01		-0.07		18.01		0.3629	0.9259	54.5093201099	87.7589
0 0 20			0.01		-0.07		17.91		0.36363	0.4542	83.3712939521	4.3689
3 7 3			-0.0		-0.07		17.97		0.36359	0.8954	72.6346668965	71.6226
3 7 5			0.0		-0.07		17.92		0.36369	1.0548	74.7470539899	89.5814
1 3 1			-0.0		-0.07		17.94		0.36368	0.5324	28.3265170018	42.1271