HKL Value		Reward		TotalReward	Chi Squared	Z Appr. 	Error	Two-Thetas	Sfs2
5 3 7			0.0		0.0		0.0		0.3	0.2523	60.5057581853	5.4388
6 2 0			0.0		0.0		282.19		0.33641	4.3933	57.9728440251	566.5186
1 7 7			1.0		1.0		141.13		0.33542	0.4353	72.3061031614	6.1143
1 3 1			0.42		1.42		99.37		0.33447	0.5324	28.3265170018	42.1271
5 1 1			0.3		1.71		76.73		0.33387	0.5346	46.1701152	26.7419
4 6 0			0.25		1.96		61.39		0.33387	0.7863	67.1083315067	59.4729
4 2 6			0.2		2.16		51.16		0.33387	1.6049	46.7233273538	62.1975
7 1 7			0.17		2.33		43.87		0.33451	0.3505	72.2660298289	5.0526
6 4 0			0.14		2.47		38.39		0.33451	1.8287	67.0910631577	58.6803
0 2 20			0.12		2.6		34.17		0.3362	0.4494	86.0769303832	2.8517
0 0 2			-0.11		2.48		38.6		0.33638	1.161	7.62646333295	98.931
2 4 8			0.1		2.58		35.09		0.33641	0.1687	51.4325245866	2.4593
5 1 7			0.09		2.67		32.17		0.33646	0.2609	54.1000446603	4.252
3 5 7			0.08		2.76		29.69		0.33644	0.2309	60.5203777188	5.6046
3 3 11			-0.15		2.61		34.97		0.36121	2.1204	58.6030846927	249.5822
0 4 14			0.02		2.62		34.43		0.35861	1.2337	67.7597167724	121.3788
3 3 1			0.04		2.66		33.1		0.35844	0.5106	38.1558496662	33.1617
5 5 7			0.06		2.72		31.22		0.35846	0.6639	72.2860687267	4.3062
3 3 7			0.06		2.78		29.53		0.35847	0.1558	47.1418707618	3.5073
1 5 7			0.05		2.83		28.05		0.35851	0.6035	54.1236034243	4.2528
6 2 6			-0.19		2.64		34.49		0.35541	3.9921	63.2107357729	344.5633
1 3 7			0.05		2.69		32.92		0.35539	0.1893	39.2755843192	5.3372
1 1 7			0.04		2.74		31.51		0.35537	0.2012	29.7561292971	6.5386
6 0 8			0.05		2.78		30.14		0.35536	2.9234	64.163237895	5.3359
2 0 14			0.04		2.83		28.9		0.35527	0.2634	58.6945218607	7.3942
0 6 2			0.04		2.86		27.85		0.35533	0.2356	55.3895592761	6.1752
0 2 14			0.04		2.9		26.81		0.35515	0.2479	58.6982494177	6.3292
6 0 2			0.04		2.94		25.9		0.35521	0.2214	55.354768557	5.4487
0 6 18			0.04		2.97		24.98		0.35503	0.7949	98.0280769063	1.8601
3 5 3			-0.01		2.96		25.24		0.35471	0.9259	54.5093201099	87.7589
2 0 8			0.03		3.0		24.4		0.3548	0.1665	35.7565424018	1.5727
4 6 2			0.03		3.03		23.71		0.35479	0.2349	67.657370766	5.5969
0 2 22			-0.01		3.01		24.06		0.35918	1.8317	96.7387030121	97.213
3 1 7			0.03		3.04		23.38		0.35919	0.257	39.2655360855	5.205
4 2 8			0.03		3.07		22.72		0.35887	0.7605	51.4203212226	2.5419
1 5 13			0.03		3.1		22.15		0.35944	1.1973	71.2966048402	12.6128
2 4 14			0.03		3.12		21.56		0.35935	0.5221	70.6383718296	19.4111
0 4 18			0.03		3.15		20.98		0.35927	0.8369	84.5238780681	17.4513
1 1 15			0.01		3.16		20.74		0.35971	0.656	61.3839959686	20.6242
4 2 14			0.03		3.19		20.23		0.35959	1.2576	70.6282605877	19.9713
2 2 2			-0.08		3.11		21.88		0.35987	1.1162	26.2109248846	125.5642
0 6 10			0.02		3.13		21.45		0.35975	0.8527	69.1637693973	8.5049
6 4 2			0.02		3.16		20.99		0.35975	0.2211	67.6401768609	4.8049
4 0 0			-0.34		2.82		31.57		0.35975	8.3901	35.6934066618	787.9925
2 6 6			-0.09		2.73		34.58		0.35795	5.383	63.2392339525	346.2148
6 0 6			0.02		2.75		33.84		0.35773	1.0815	60.1501886982	39.9969
5 3 9			0.02		2.77		33.21		0.35715	0.4833	65.0662013285	20.8409
6 2 2			-0.03		2.74		34.34		0.35748	3.3001	58.5687226088	135.1206
3 5 11			-0.01		2.73		34.84		0.35848	1.8915	70.5555824797	206.4699
2 2 16			0.01		2.73		34.56		0.36048	1.1693	70.1293332912	108.6018
4 2 12			0.02		2.75		33.88		0.36033	0.2244	63.468523569	4.7972
3 1 13			0.02		2.77		33.24		0.36062	0.3869	59.4126405656	11.7895
7 1 1			0.01		2.79		32.8		0.36059	0.5207	65.7483230412	25.2044
1 3 5			-0.03		2.76		33.83		0.36126	3.1323	34.189462707	190.138
0 0 6			-0.17		2.59		40.66		0.35974	7.4326	23.0169618987	709.6598
6 0 12			0.02		2.61		39.92		0.3598	0.5892	74.995462768	0.9301
2 4 4			0.0		2.61		39.92		0.35988	0.8182	43.1484985256	64.6996
2 4 12			0.02		2.63		39.23		0.35977	0.2205	63.4791913795	4.8908
0 6 6			0.02		2.64		38.59		0.35959	1.0147	60.183190367	40.9583
1 1 13			0.02		2.66		37.96		0.35985	0.3722	52.9310122384	10.9703
2 4 6			0.01		2.67		37.46		0.35956	0.785	46.7364348384	64.2552
0 2 2			0.0		2.68		37.28		0.35952	0.4614	19.2417464495	36.8131
6 0 10			0.01		2.69		36.75		0.35945	1.0728	69.1331306246	8.9056
3 3 3			0.01		2.7		36.54		0.35934	0.8081	39.7679129272	70.9373
1 1 9			0.02		2.71		35.97		0.35932	0.2216	37.1193146943	1.1702
6 4 6			0.02		2.73		35.42		0.35939	0.9247	71.9614498967	41.9809
2 0 6			0.0		2.73		35.33		0.35891	1.6278	29.1406672869	128.8477
1 5 9			0.01		2.74		34.83		0.35868	0.4394	58.984264935	17.7365
2 4 10			0.01		2.76		34.41		0.3586	0.607	57.0555982332	12.0937
6 2 4			-0.01		2.75		34.62		0.35851	0.8727	60.3342977717	77.9073
0 2 12			0.01		2.76		34.17		0.35822	0.3827	50.6142203783	17.5707
5 1 13			0.01		2.78		33.73		0.35844	0.4567	71.2764535317	11.3258
0 6 16			0.01		2.79		33.29		0.35868	0.4825	89.3859051251	7.6515
3 7 1			0.01		2.8		32.92		0.35865	1.2822	71.5694631273	22.2453
2 0 0			-0.01		2.8		33.1		0.35865	2.02	17.6289686615	175.6782
3 3 13			0.01		2.81		32.68		0.35884	0.5636	65.4922780779	9.1158
0 6 14			0.01		2.82		32.27		0.35879	0.9096	81.7552219026	27.2955
0 0 16			0.0		2.82		32.18		0.36007	1.3342	64.286058028	116.6634
2 0 16			0.01		2.84		31.8		0.36034	0.5935	67.2372591268	11.8907
5 5 1			0.01		2.85		31.47		0.36032	0.5073	65.769247456	23.9531
0 6 8			0.01		2.86		31.09		0.36022	0.7694	64.1950429677	5.6946
9 1 1			0.01		2.87		30.77		0.3602	0.8793	87.9915459652	19.6393
4 2 4			-0.0		2.87		30.88		0.36026	0.7624	43.1345383828	64.2766
3 5 9			0.01		2.88		30.59		0.36004	0.4755	65.0802252419	19.5165
1 3 13			0.01		2.89		30.24		0.36022	0.3907	59.4200243294	11.5335
2 4 2			0.01		2.9		29.98		0.36023	0.3828	40.8766170199	13.2501
1 3 11			-0.03		2.86		31.03		0.36052	2.4293	52.0561920156	298.4303
2 6 8			-0.02		2.84		31.7		0.36096	4.3291	67.1483383839	218.3417
3 3 9			0.01		2.85		31.37		0.36084	0.3816	52.4524123761	12.0632
0 2 8			0.01		2.86		31.02		0.36084	0.1155	35.7619852008	1.7384
4 6 6			0.01		2.87		30.68		0.36085	1.1903	71.9781772466	41.9784
4 2 2			0.01		2.88		30.42		0.36086	0.457	40.8620305525	12.2524
1 3 15			0.01		2.89		30.13		0.36093	0.2862	67.3623786269	8.1809
3 1 15			0.01		2.9		29.84		0.36098	0.2871	67.3554895111	7.7692
5 1 9			0.01		2.91		29.57		0.36081	0.4583	58.9619928854	19.0838
0 6 0			0.01		2.92		29.33		0.36081	1.4277	54.7714555341	59.4019
0 4 20			0.01		2.93		29.06		0.36135	1.027	94.1654323607	18.6345
0 0 18			0.01		2.94		28.83		0.36135	0.6609	73.530655613	37.988
0 0 20			0.0		2.94		28.73		0.36247	0.4542	83.3712939521	4.3689
2 0 10			0.01		2.94		28.58		0.36245	0.6169	42.9543880851	20.236
4 2 10			0.01		2.95		28.35		0.36243	1.1102	57.0442200735	11.3144
7 3 5			0.01		2.96		28.21		0.36252	1.0496	74.7140851895	88.0788