HKL Value		Reward		TotalReward	Chi Squared	Z Appr. 	Error	Two-Thetas	Sfs2
5 3 7			0.0		0.0		0.0		0.3	0.2523	60.5057581853	5.4388
1 7 7			0.0		0.0		0.08		0.33542	0.4353	72.3061031614	6.1143
4 6 0			0.29		0.29		0.06		0.33542	0.7863	67.1083315067	59.4729
4 2 12			-0.96		-0.67		1.49		0.35785	0.2244	63.468523569	4.7972
4 2 6			-0.33		-1.0		2.24		0.35606	1.6049	46.7233273538	62.1975
6 4 4			-0.53		-1.53		4.72		0.35659	0.6669	69.2748711385	33.991
7 1 7			0.11		-1.42		4.24		0.35658	0.3505	72.2660298289	5.0526
6 4 0			0.17		-1.25		3.64		0.35658	1.8287	67.0910631577	58.6803
2 4 8			0.13		-1.12		3.21		0.35621	0.1687	51.4325245866	2.4593
0 2 20			0.12		-1.0		2.87		0.35588	0.4494	86.0769303832	2.8517
5 1 7			0.05		-0.95		2.73		0.35587	0.2609	54.1000446603	4.252
0 2 18			0.08		-0.87		2.53		0.35552	0.3755	76.3208597895	3.7538
3 5 7			0.02		-0.85		2.49		0.3555	0.2309	60.5203777188	5.6046
2 6 10			-0.41		-1.27		4.25		0.35621	0.7069	72.0169435829	44.7171
5 5 7			0.06		-1.21		4.03		0.3562	0.6639	72.2860687267	4.3062
6 2 6			-0.71		-1.92		13.83		0.35353	3.9921	63.2107357729	344.5633
1 7 5			-0.1		-2.02		15.36		0.35476	1.0841	69.0835930101	99.7513
6 0 8			0.06		-1.96		14.45		0.35481	2.9234	64.163237895	5.3359
0 6 2			0.05		-1.91		13.8		0.35486	0.2356	55.3895592761	6.1752
1 5 7			0.05		-1.86		13.15		0.35484	0.6035	54.1236034243	4.2528
6 0 2			0.04		-1.82		12.6		0.35489	0.2214	55.354768557	5.4487
2 0 14			0.05		-1.77		12.01		0.35479	0.2634	58.6945218607	7.3942
1 3 7			0.04		-1.73		11.54		0.35476	0.1893	39.2755843192	5.3372
4 6 2			0.03		-1.69		11.16		0.35476	0.2349	67.657370766	5.5969
1 5 1			-0.0		-1.7		11.17		0.35466	0.4978	46.196563203	27.3004
1 1 3			-0.01		-1.71		11.29		0.35449	0.4514	16.9416048235	36.8187
0 6 18			0.04		-1.67		10.86		0.35433	0.7949	98.0280769063	1.8601
1 5 13			0.02		-1.65		10.69		0.35477	1.1973	71.2966048402	12.6128
1 1 13			0.02		-1.63		10.48		0.35539	0.3722	52.9310122384	10.9703
2 4 14			0.03		-1.6		10.14		0.35554	0.5221	70.6383718296	19.4111
4 2 14			0.03		-1.56		9.82		0.35569	1.2576	70.6282605877	19.9713
4 6 6			0.03		-1.54		9.55		0.35642	1.1903	71.9781772466	41.9784
0 6 10			0.02		-1.52		9.36		0.35612	0.8527	69.1637693973	8.5049
1 3 13			0.02		-1.5		9.2		0.35754	0.3907	59.4200243294	11.5335
5 1 5			-0.12		-1.62		10.43		0.36169	1.1901	50.2495039981	127.1383
5 5 1			0.01		-1.6		10.31		0.36162	0.5073	65.769247456	23.9531
3 1 13			0.03		-1.58		10.04		0.36205	0.3869	59.4126405656	11.7895
2 0 0			-0.09		-1.67		11.02		0.36205	2.02	17.6289686615	175.6782
4 4 10			-0.03		-1.69		11.32		0.36276	0.6886	66.23802526	47.6672
4 2 8			0.02		-1.67		11.11		0.36232	0.7605	51.4203212226	2.5419
0 2 14			0.03		-1.65		10.84		0.36241	0.2479	58.6982494177	6.3292
2 0 2			-0.03		-1.68		11.21		0.36239	0.6502	19.2320929378	35.9547
2 2 14			-0.03		-1.71		11.52		0.36138	1.0835	61.7979105177	101.9829
1 3 15			0.02		-1.69		11.33		0.36159	0.2862	67.3623786269	8.1809
1 1 7			0.02		-1.67		11.11		0.36162	0.2012	29.7561292971	6.5386
2 4 10			0.01		-1.66		11.02		0.36149	0.607	57.0555982332	12.0937
0 6 6			0.02		-1.65		10.85		0.36103	1.0147	60.183190367	40.9583
3 1 7			0.02		-1.63		10.65		0.36105	0.257	39.2655360855	5.205
3 3 13			0.02		-1.61		10.43		0.36128	0.5636	65.4922780779	9.1158
2 0 16			0.02		-1.59		10.24		0.36174	0.5935	67.2372591268	11.8907
9 1 1			0.01		-1.58		10.14		0.36172	0.8793	87.9915459652	19.6393
6 0 10			0.01		-1.57		10.03		0.36164	1.0728	69.1331306246	8.9056
3 7 1			0.01		-1.56		9.96		0.3616	1.2822	71.5694631273	22.2453
2 6 6			-0.23		-1.79		12.96		0.35895	5.383	63.2392339525	346.2148
2 4 2			0.01		-1.79		12.87		0.35895	0.3828	40.8766170199	13.2501
3 5 9			0.01		-1.77		12.71		0.356	0.4755	65.0802252419	19.5165
2 0 12			0.02		-1.76		12.49		0.35531	0.8079	50.6101057273	16.6151
6 0 6			0.02		-1.74		12.28		0.35512	1.0815	60.1501886982	39.9969
2 4 12			0.02		-1.72		12.08		0.35585	0.2205	63.4791913795	4.8908
0 6 14			0.01		-1.71		11.91		0.35596	0.9096	81.7552219026	27.2955
3 5 1			-0.0		-1.71		11.92		0.35589	0.5283	53.2544885252	31.9012
2 4 6			0.01		-1.7		11.8		0.35546	0.785	46.7364348384	64.2552
4 2 2			0.01		-1.69		11.73		0.35546	0.457	40.8620305525	12.2524
2 6 0			-0.26		-1.96		15.92		0.35546	4.3567	58.0028534629	558.9791
4 2 10			0.01		-1.95		15.74		0.35535	1.1102	57.0442200735	11.3144
3 3 7			0.01		-1.93		15.51		0.35535	0.1558	47.1418707618	3.5073
2 0 8			0.02		-1.92		15.28		0.35539	0.1665	35.7565424018	1.5727
5 1 13			0.01		-1.91		15.13		0.35575	0.4567	71.2764535317	11.3258
3 3 9			0.01		-1.89		14.91		0.35555	0.3816	52.4524123761	12.0632
3 1 15			0.01		-1.88		14.75		0.35541	0.2871	67.3554895111	7.7692
0 2 12			0.01		-1.87		14.54		0.35514	0.3827	50.6142203783	17.5707
0 6 16			0.01		-1.86		14.4		0.35521	0.4825	89.3859051251	7.6515
1 5 9			0.01		-1.84		14.2		0.35507	0.4394	58.984264935	17.7365
4 2 0			0.0		-1.84		14.18		0.35507	0.9287	40.0811891304	86.5118
3 5 5			-0.04		-1.88		14.76		0.35607	1.2751	56.9624934876	133.7285
1 1 15			0.0		-1.88		14.74		0.35634	0.656	61.3839959686	20.6242
0 2 2			-0.01		-1.89		14.89		0.35629	0.4614	19.2417464495	36.8131
1 7 1			0.0		-1.88		14.84		0.3562	0.5219	65.7901743415	26.2984
0 2 8			0.01		-1.87		14.65		0.35626	0.1155	35.7619852008	1.7384
0 4 20			0.0		-1.87		14.65		0.36061	1.027	94.1654323607	18.6345
4 0 2			-0.06		-1.93		15.57		0.36076	1.7854	36.5531212028	138.5255
2 2 16			0.0		-1.93		15.55		0.36158	1.1693	70.1293332912	108.6018
1 1 9			0.01		-1.92		15.36		0.36157	0.2216	37.1193146943	1.1702
2 0 10			0.0		-1.92		15.33		0.36151	0.6169	42.9543880851	20.236
5 1 1			0.0		-1.91		15.29		0.36149	0.5346	46.1701152	26.7419
0 0 16			0.0		-1.91		15.28		0.36218	1.3342	64.286058028	116.6634
1 3 3			-0.01		-1.92		15.38		0.36213	0.7045	30.3940112777	66.1614
7 3 5			0.0		-1.92		15.37		0.3623	1.0496	74.7140851895	88.0788
0 4 16			0.01		-1.91		15.24		0.36263	1.5557	75.7704700384	94.8658
0 2 10			0.0		-1.91		15.23		0.36261	0.4317	42.9590557724	21.0204
1 3 1			-0.0		-1.91		15.28		0.36259	0.5324	28.3265170018	42.1271
3 7 3			-0.01		-1.92		15.36		0.36254	0.8954	72.6346668965	71.6226
0 0 20			0.0		-1.91		15.31		0.36334	0.4542	83.3712939521	4.3689
0 6 0			0.01		-1.91		15.22		0.36334	1.4277	54.7714555341	59.4019
3 5 3			-0.01		-1.92		15.43		0.3633	0.9259	54.5093201099	87.7589
6 0 0			0.01		-1.91		15.32		0.3633	0.7256	54.7363985401	55.434
3 7 5			0.0		-1.91		15.3		0.3634	1.0548	74.7470539899	89.5814
5 5 3			-0.01		-1.92		15.39		0.36336	0.8107	66.8760743485	64.1048
6 2 10			-0.0		-1.92		15.41		0.36348	0.7103	71.9901825081	43.9921
0 2 16			0.01		-1.91		15.26		0.36352	1.8687	67.2407114996	13.8307
2 4 0			0.0		-1.91		15.25		0.36352	1.4359	40.0960076051	88.2765
0 0 2			-0.03		-1.94		15.8		0.36355	1.161	7.62646333295	98.931