HKL Value		Reward		TotalReward	Chi Squared	Z Appr. 	Error	Two-Thetas	Sfs2
5 3 7			0.0		0.0		0.0		0.3	0.2523	60.5057581853	5.4388
3 3 7			0.0		0.0		0.23		0.33868	0.1558	47.1418707618	3.5073
1 1 5			-0.99		-0.99		39.62		0.38158	1.9661	22.8949597146	247.5537
1 7 7			0.5		-0.5		26.44		0.38132	0.4353	72.3061031614	6.1143
4 6 0			0.33		-0.16		19.84		0.38131	0.7863	67.1083315067	59.4729
4 2 6			-0.1		-0.26		22.05		0.37823	1.6049	46.7233273538	62.1975
7 1 3			-0.1		-0.37		24.55		0.37548	1.4031	66.8553232335	91.2915
7 1 7			0.17		-0.2		21.07		0.37607	0.3505	72.2660298289	5.0526
1 1 1			-0.03		-0.23		21.77		0.37539	0.5749	13.0194761966	56.7652
6 4 0			0.12		-0.11		19.35		0.37539	1.8287	67.0910631577	58.6803
0 2 20			0.01		-0.1		19.21		0.38373	0.4494	86.0769303832	2.8517
2 4 8			0.06		-0.04		18.09		0.38407	0.1687	51.4325245866	2.4593
5 1 7			0.08		0.04		16.8		0.38375	0.2609	54.1000446603	4.252
3 5 7			0.07		0.11		15.63		0.38354	0.2309	60.5203777188	5.6046
5 5 7			0.06		0.17		14.78		0.38318	0.6639	72.2860687267	4.3062
4 0 2			-0.21		-0.04		18.74		0.38337	1.7854	36.5531212028	138.5255
1 5 7			0.06		0.02		17.69		0.38316	0.6035	54.1236034243	4.2528
1 3 7			0.06		0.07		16.76		0.38295	0.1893	39.2755843192	5.3372
1 1 7			0.05		0.13		15.95		0.38273	0.2012	29.7561292971	6.5386
6 0 8			0.03		0.16		15.44		0.38293	2.9234	64.163237895	5.3359
2 0 14			0.05		0.21		14.67		0.38289	0.2634	58.6945218607	7.3942
0 6 2			0.05		0.26		13.99		0.3829	0.2356	55.3895592761	6.1752
0 2 14			0.05		0.31		13.37		0.38281	0.2479	58.6982494177	6.3292
6 0 2			0.04		0.35		12.79		0.38282	0.2214	55.354768557	5.4487
0 6 18			0.07		0.42		11.98		0.3637	0.7949	98.0280769063	1.8601
2 0 8			0.04		0.46		11.51		0.36354	0.1665	35.7565424018	1.5727
9 1 1			0.02		0.48		11.27		0.36347	0.8793	87.9915459652	19.6393
4 6 2			0.03		0.51		10.96		0.36349	0.2349	67.657370766	5.5969
3 1 7			0.03		0.54		10.61		0.36356	0.257	39.2655360855	5.205
4 2 8			0.02		0.56		10.38		0.36261	0.7605	51.4203212226	2.5419
1 5 13			0.03		0.6		10.04		0.36301	1.1973	71.2966048402	12.6128
5 5 3			-0.04		0.56		10.48		0.3627	0.8107	66.8760743485	64.1048
2 4 14			0.03		0.58		10.2		0.36222	0.5221	70.6383718296	19.4111
4 2 14			0.03		0.61		9.94		0.3617	1.2576	70.6282605877	19.9713
0 6 10			0.02		0.63		9.77		0.36145	0.8527	69.1637693973	8.5049
6 0 6			0.02		0.65		9.57		0.36026	1.0815	60.1501886982	39.9969
3 1 13			0.03		0.67		9.33		0.3615	0.3869	59.4126405656	11.7895
6 0 12			0.03		0.7		9.08		0.36143	0.5892	74.995462768	0.9301
0 6 6			0.02		0.72		8.92		0.3607	1.0147	60.183190367	40.9583
2 6 2			-0.18		0.54		10.83		0.36139	1.2892	58.5985395934	134.3564
0 2 6			-0.05		0.49		11.38		0.35893	1.1672	29.1471999487	131.5155
1 1 13			0.02		0.52		11.15		0.36011	0.3722	52.9310122384	10.9703
2 4 6			0.01		0.52		11.06		0.35881	0.785	46.7364348384	64.2552
6 0 10			0.02		0.54		10.89		0.35848	1.0728	69.1331306246	8.9056
2 6 0			-0.36		0.18		16.91		0.35848	4.3567	58.0028534629	558.9791
6 4 6			0.02		0.21		16.54		0.35883	0.9247	71.9614498967	41.9809
1 1 9			0.02		0.23		16.18		0.35882	0.2216	37.1193146943	1.1702
2 4 12			0.02		0.25		15.84		0.35859	0.2205	63.4791913795	4.8908
1 5 9			0.02		0.27		15.55		0.358	0.4394	58.984264935	17.7365
2 4 10			0.01		0.28		15.35		0.35781	0.607	57.0555982332	12.0937
3 1 11			-0.12		0.16		17.41		0.3593	2.3814	52.0481274199	292.2152
0 2 2			-0.01		0.15		17.59		0.35925	0.4614	19.2417464495	36.8131
5 1 13			0.02		0.17		17.29		0.35979	0.4567	71.2764535317	11.3258
3 7 1			0.01		0.18		17.08		0.35975	1.2822	71.5694631273	22.2453
4 6 6			0.02		0.2		16.77		0.35986	1.1903	71.9781772466	41.9784
0 6 16			0.02		0.22		16.48		0.36034	0.4825	89.3859051251	7.6515
1 3 15			0.01		0.23		16.25		0.36053	0.2862	67.3623786269	8.1809
0 6 14			0.02		0.25		16.01		0.36033	0.9096	81.7552219026	27.2955
3 3 13			0.02		0.26		15.74		0.36055	0.5636	65.4922780779	9.1158
2 0 16			0.02		0.28		15.51		0.361	0.5935	67.2372591268	11.8907
5 5 1			0.01		0.29		15.35		0.36096	0.5073	65.769247456	23.9531
0 0 18			0.01		0.3		15.2		0.36095	0.6609	73.530655613	37.988
0 6 8			0.02		0.31		14.97		0.36074	0.7694	64.1950429677	5.6946
3 5 9			0.01		0.32		14.85		0.36031	0.4755	65.0802252419	19.5165
1 3 13			0.01		0.34		14.64		0.36065	0.3907	59.4200243294	11.5335
2 4 2			0.01		0.34		14.53		0.36065	0.3828	40.8766170199	13.2501
3 3 9			0.01		0.36		14.36		0.36037	0.3816	52.4524123761	12.0632
0 2 8			0.02		0.37		14.14		0.36036	0.1155	35.7619852008	1.7384
6 4 2			0.01		0.38		13.97		0.36036	0.2211	67.6401768609	4.8049
4 2 2			0.01		0.39		13.87		0.36038	0.457	40.8620305525	12.2524
3 1 15			0.01		0.4		13.72		0.36053	0.2871	67.3554895111	7.7692
3 1 1			-0.01		0.4		13.8		0.36048	0.5239	28.3131072915	41.7464
0 2 12			0.01		0.41		13.67		0.35995	0.3827	50.6142203783	17.5707
5 1 9			0.01		0.42		13.53		0.35943	0.4583	58.9619928854	19.0838
0 6 0			0.01		0.42		13.44		0.35943	1.4277	54.7714555341	59.4019
0 0 22			0.01		0.43		13.33		0.36029	2.2765	94.0325860765	137.6091
0 4 20			0.01		0.44		13.21		0.36133	1.027	94.1654323607	18.6345
0 0 20			-0.0		0.44		13.28		0.36275	0.4542	83.3712939521	4.3689
2 0 10			0.0		0.44		13.27		0.36272	0.6169	42.9543880851	20.236
1 1 15			0.0		0.44		13.23		0.36277	0.656	61.3839959686	20.6242
3 5 11			-0.04		0.4		13.73		0.3628	1.8915	70.5555824797	206.4699
4 2 10			0.01		0.41		13.64		0.36278	1.1102	57.0442200735	11.3144
1 7 1			0.0		0.41		13.61		0.36278	0.5219	65.7901743415	26.2984
5 1 1			0.0		0.41		13.59		0.36277	0.5346	46.1701152	26.7419
1 1 3			-0.0		0.41		13.62		0.36274	0.4514	16.9416048235	36.8187
3 7 5			-0.0		0.41		13.63		0.36285	1.0548	74.7470539899	89.5814
6 2 10			-0.0		0.41		13.68		0.36297	0.7103	71.9901825081	43.9921