HKL Value		Reward		TotalReward	Chi Squared	Z Appr. 	Error	Two-Thetas	Sfs2
5 3 7			0.0		0.0		0.0		0.3	0.2523	60.5057581853	5.4388
1 7 7			0.0		0.0		0.08		0.33542	0.4353	72.3061031614	6.1143
4 6 0			0.29		0.29		0.06		0.33542	0.7863	67.1083315067	59.4729
4 2 6			0.43		0.72		0.04		0.33544	1.6049	46.7233273538	62.1975
7 1 7			0.26		0.98		0.03		0.33563	0.3505	72.2660298289	5.0526
6 4 0			0.14		1.12		0.03		0.33563	1.8287	67.0910631577	58.6803
2 4 8			-0.02		1.1		0.03		0.33597	0.1687	51.4325245866	2.4593
0 0 6			-1.0		0.1		48.2		0.33498	7.4326	23.0169618987	709.6598
5 5 7			0.14		0.24		42.25		0.33556	0.6639	72.2860687267	4.3062
5 1 7			0.12		0.36		37.57		0.33575	0.2609	54.1000446603	4.252
0 2 20			0.11		0.47		33.83		0.33624	0.4494	86.0769303832	2.8517
5 3 9			0.08		0.56		31.18		0.33646	0.4833	65.0662013285	20.8409
1 1 13			0.08		0.64		28.94		0.33604	0.3722	52.9310122384	10.9703
3 5 7			0.08		0.72		26.72		0.33604	0.2309	60.5203777188	5.6046
0 6 10			0.06		0.78		25.14		0.33608	0.8527	69.1637693973	8.5049
1 5 7			0.07		0.85		23.47		0.33614	0.6035	54.1236034243	4.2528
1 3 7			0.07		0.92		22.01		0.3362	0.1893	39.2755843192	5.3372
4 4 8			-0.27		0.65		30.27		0.34533	3.9407	61.1479986878	218.5721
0 4 16			-0.01		0.64		30.54		0.36064	1.5557	75.7704700384	94.8658
2 0 14			0.06		0.69		28.94		0.36085	0.2634	58.6945218607	7.3942
6 0 2			0.05		0.74		27.58		0.36094	0.2214	55.354768557	5.4487
6 0 8			0.05		0.79		26.33		0.36007	2.9234	64.163237895	5.3359
0 6 2			0.04		0.83		25.24		0.3602	0.2356	55.3895592761	6.1752
4 6 2			0.04		0.87		24.26		0.36021	0.2349	67.657370766	5.5969
4 0 4			-0.04		0.83		25.38		0.35964	1.2165	39.0343929222	79.1487
1 1 7			0.04		0.87		24.43		0.3597	0.2012	29.7561292971	6.5386
0 2 14			0.04		0.91		23.52		0.3602	0.2479	58.6982494177	6.3292
0 2 18			0.04		0.94		22.7		0.36016	0.3755	76.3208597895	3.7538
6 0 4			-0.0		0.94		22.73		0.36056	0.7069	57.1830782131	42.6751
1 5 13			0.03		0.97		21.99		0.3615	1.1973	71.2966048402	12.6128
2 4 14			0.03		1.01		21.29		0.3612	0.5221	70.6383718296	19.4111
4 2 14			0.03		1.04		20.65		0.36089	1.2576	70.6282605877	19.9713
1 7 1			0.01		1.05		20.35		0.36079	0.5219	65.7901743415	26.2984
0 6 14			0.03		1.08		19.8		0.36035	0.9096	81.7552219026	27.2955
3 1 7			0.03		1.11		19.27		0.36039	0.257	39.2655360855	5.205
4 2 8			0.03		1.14		18.76		0.35969	0.7605	51.4203212226	2.5419
3 1 13			0.03		1.16		18.29		0.36052	0.3869	59.4126405656	11.7895
6 0 10			0.02		1.18		17.91		0.36033	1.0728	69.1331306246	8.9056
3 3 13			0.03		1.21		17.45		0.36069	0.5636	65.4922780779	9.1158
0 6 6			0.02		1.23		17.07		0.36027	1.0147	60.183190367	40.9583
5 5 1			0.02		1.25		16.8		0.3602	0.5073	65.769247456	23.9531
6 0 6			0.02		1.27		16.44		0.35975	1.0815	60.1501886982	39.9969
5 3 1			0.0		1.27		16.38		0.35964	0.5252	53.2386121167	32.835
2 4 6			0.01		1.29		16.16		0.35859	0.785	46.7364348384	64.2552
2 0 16			0.02		1.3		15.88		0.35989	0.5935	67.2372591268	11.8907
2 4 10			0.01		1.32		15.66		0.35967	0.607	57.0555982332	12.0937
9 1 1			0.02		1.33		15.43		0.35959	0.8793	87.9915459652	19.6393
3 5 9			0.01		1.35		15.23		0.35831	0.4755	65.0802252419	19.5165
1 1 5			-0.12		1.22		17.37		0.36062	1.9661	22.8949597146	247.5537
4 6 6			0.02		1.24		17.01		0.36069	1.1903	71.9781772466	41.9784
3 7 1			0.01		1.26		16.8		0.36065	1.2822	71.5694631273	22.2453
4 2 2			0.01		1.27		16.61		0.36065	0.457	40.8620305525	12.2524
3 1 11			-0.1		1.17		18.49		0.36117	2.3814	52.0481274199	292.2152
2 4 12			0.02		1.18		18.16		0.36102	0.2205	63.4791913795	4.8908
3 3 7			0.02		1.2		17.84		0.36102	0.1558	47.1418707618	3.5073
2 0 8			0.02		1.22		17.52		0.36101	0.1665	35.7565424018	1.5727
0 6 18			0.02		1.24		17.21		0.36101	0.7949	98.0280769063	1.8601
3 3 9			0.01		1.25		16.97		0.36073	0.3816	52.4524123761	12.0632
2 4 4			-0.02		1.23		17.36		0.36083	0.8182	43.1484985256	64.6996
0 0 18			0.01		1.24		17.17		0.3608	0.6609	73.530655613	37.988
1 3 13			0.02		1.26		16.9		0.3611	0.3907	59.4200243294	11.5335
1 1 9			0.02		1.27		16.62		0.36107	0.2216	37.1193146943	1.1702
4 0 0			-0.31		0.97		24.03		0.36107	8.3901	35.6934066618	787.9925
2 4 2			0.01		0.98		23.78		0.36107	0.3828	40.8766170199	13.2501
4 2 10			0.01		0.99		23.5		0.36099	1.1102	57.0442200735	11.3144
0 2 2			-0.0		0.99		23.55		0.36095	0.4614	19.2417464495	36.8131
0 2 12			0.01		1.0		23.27		0.36046	0.3827	50.6142203783	17.5707
0 4 4			-0.02		0.98		23.68		0.36031	0.8482	39.0545896029	78.0016
1 5 9			0.01		0.99		23.38		0.35982	0.4394	58.984264935	17.7365
1 1 3			0.01		1.0		23.26		0.35967	0.4514	16.9416048235	36.8187
5 1 13			0.01		1.01		22.95		0.3601	0.4567	71.2764535317	11.3258
4 0 2			-0.04		0.97		23.87		0.36041	1.7854	36.5531212028	138.5255
0 6 16			0.01		0.99		23.55		0.36072	0.4825	89.3859051251	7.6515
1 1 15			0.01		1.0		23.37		0.36097	0.656	61.3839959686	20.6242
0 4 20			0.01		1.01		23.1		0.36173	1.027	94.1654323607	18.6345
1 3 15			0.01		1.02		22.83		0.36179	0.2862	67.3623786269	8.1809
3 1 15			0.01		1.03		22.57		0.36184	0.2871	67.3554895111	7.7692
6 4 6			0.01		1.04		22.28		0.36184	0.9247	71.9614498967	41.9809
1 7 5			-0.0		1.04		22.34		0.36207	1.0841	69.0835930101	99.7513
7 3 1			0.01		1.05		22.14		0.36207	0.5095	71.5359286583	22.1332
0 0 10			0.0		1.05		22.1		0.36224	0.8316	38.8438017949	41.7013
2 0 10			0.01		1.06		21.99		0.3622	0.6169	42.9543880851	20.236
5 1 1			0.01		1.06		21.87		0.36219	0.5346	46.1701152	26.7419
0 6 8			0.01		1.07		21.63		0.36209	0.7694	64.1950429677	5.6946
5 1 9			0.01		1.08		21.44		0.36193	0.4583	58.9619928854	19.0838
6 0 12			0.01		1.09		21.19		0.36191	0.5892	74.995462768	0.9301
0 6 0			0.01		1.1		21.01		0.36192	1.4277	54.7714555341	59.4019
0 0 16			0.0		1.11		20.92		0.36251	1.3342	64.286058028	116.6634
3 5 3			-0.01		1.1		21.09		0.36245	0.9259	54.5093201099	87.7589
0 2 10			0.0		1.1		21.0		0.36241	0.4317	42.9590557724	21.0204
3 7 5			0.0		1.11		20.93		0.36257	1.0548	74.7470539899	89.5814
6 2 10			0.0		1.11		20.91		0.36275	0.7103	71.9901825081	43.9921
7 1 5			-0.0		1.1		20.96		0.36293	1.5264	69.0427278305	98.726
4 4 10			-0.0		1.1		20.96		0.36312	0.6886	66.23802526	47.6672
0 2 8			0.01		1.12		20.74		0.3631	0.1155	35.7619852008	1.7384
4 2 0			0.0		1.12		20.66		0.3631	0.9287	40.0811891304	86.5118
1 5 1			0.0		1.12		20.57		0.36308	0.4978	46.196563203	27.3004
2 2 16			0.01		1.13		20.43		0.36345	1.1693	70.1293332912	108.6018
2 0 12			0.01		1.14		20.3		0.36335	0.8079	50.6101057273	16.6151
0 0 14			0.0		1.14		20.27		0.36314	0.8389	55.4890953336	74.9432
1 3 1			0.0		1.14		20.27		0.36313	0.5324	28.3265170018	42.1271
5 5 3			-0.0		1.14		20.3		0.36308	0.8107	66.8760743485	64.1048