HKL Value		Reward		TotalReward	Chi Squared	Z Appr. 	Error	Two-Thetas	Sfs2
5 3 7			0.0		0.0		0.0		0.3	0.2523	60.5057581853	5.4388
1 7 7			0.0		0.0		0.08		0.33542	0.4353	72.3061031614	6.1143
4 6 0			0.29		0.29		0.06		0.33542	0.7863	67.1083315067	59.4729
4 0 0			-1.0		-0.71		158.72		0.33542	8.3901	35.6934066618	787.9925
4 2 6			0.33		-0.38		119.04		0.33544	1.6049	46.7233273538	62.1975
7 1 7			0.25		-0.13		95.24		0.33563	0.3505	72.2660298289	5.0526
3 1 9			0.18		0.05		80.81		0.3523	0.36	45.2950695798	8.7768
6 4 0			0.17		0.22		69.27		0.3523	1.8287	67.0910631577	58.6803
2 4 8			0.14		0.36		60.62		0.3527	0.1687	51.4325245866	2.4593
4 4 2			-0.05		0.31		63.63		0.3544	1.2125	52.0311030722	128.6454
2 6 8			-0.04		0.27		66.51		0.36613	4.3291	67.1483383839	218.3417
1 1 9			0.1		0.37		60.48		0.36761	0.2216	37.1193146943	1.1702
0 2 20			0.09		0.46		55.48		0.36371	0.4494	86.0769303832	2.8517
5 1 7			0.08		0.54		51.31		0.36377	0.2609	54.1000446603	4.252
0 6 14			0.07		0.61		47.94		0.36281	0.9096	81.7552219026	27.2955
3 5 7			0.07		0.68		44.86		0.36289	0.2309	60.5203777188	5.6046
3 3 7			0.07		0.74		42.1		0.36295	0.1558	47.1418707618	3.5073
5 5 7			0.06		0.81		39.68		0.36303	0.6639	72.2860687267	4.3062
1 5 7			0.06		0.86		37.55		0.3631	0.6035	54.1236034243	4.2528
3 1 11			-0.1		0.77		41.52		0.36327	2.3814	52.0481274199	292.2152
3 5 3			0.01		0.77		41.21		0.36292	0.9259	54.5093201099	87.7589
2 4 2			0.04		0.81		39.62		0.36297	0.3828	40.8766170199	13.2501
4 6 6			0.05		0.86		37.82		0.36289	1.1903	71.9781772466	41.9784
1 3 7			0.04		0.91		36.24		0.36294	0.1893	39.2755843192	5.3372
1 1 7			0.04		0.95		34.8		0.36301	0.2012	29.7561292971	6.5386
2 6 0			-0.22		0.73		44.43		0.36301	4.3567	58.0028534629	558.9791
1 3 3			0.02		0.75		43.66		0.36271	0.7045	30.3940112777	66.1614
2 0 14			0.04		0.79		42.04		0.36271	0.2634	58.6945218607	7.3942
6 0 8			0.03		0.82		40.63		0.36211	2.9234	64.163237895	5.3359
0 2 14			0.04		0.86		39.23		0.36228	0.2479	58.6982494177	6.3292
1 1 15			0.03		0.88		38.25		0.36269	0.656	61.3839959686	20.6242
0 6 2			0.03		0.91		37.09		0.36274	0.2356	55.3895592761	6.1752
2 0 8			0.03		0.95		35.93		0.36264	0.1665	35.7565424018	1.5727
6 0 2			0.03		0.98		34.89		0.3627	0.2214	55.354768557	5.4487
4 6 2			0.03		1.0		33.95		0.36271	0.2349	67.657370766	5.5969
3 1 15			0.03		1.03		33.06		0.36288	0.2871	67.3554895111	7.7692
3 1 7			0.03		1.06		32.18		0.36291	0.257	39.2655360855	5.205
2 2 8			-0.05		1.0		34.01		0.3639	1.8488	40.1384116224	216.1995
0 6 18			0.03		1.03		33.13		0.36391	0.7949	98.0280769063	1.8601
0 0 20			0.02		1.05		32.36		0.36484	0.4542	83.3712939521	4.3689
4 2 8			0.02		1.08		31.68		0.36464	0.7605	51.4203212226	2.5419
4 2 0			0.01		1.09		31.22		0.36464	0.9287	40.0811891304	86.5118
1 3 5			-0.04		1.05		32.39		0.36504	3.1323	34.189462707	190.138
1 1 3			0.01		1.07		32.01		0.36498	0.4514	16.9416048235	36.8187
0 6 10			0.02		1.09		31.39		0.36499	0.8527	69.1637693973	8.5049
1 5 13			0.02		1.11		30.7		0.36488	1.1973	71.2966048402	12.6128
2 4 14			0.02		1.13		30.1		0.36472	0.5221	70.6383718296	19.4111
6 4 6			0.02		1.15		29.47		0.36468	0.9247	71.9614498967	41.9809
5 3 11			-0.02		1.13		29.94		0.36462	1.8677	70.5420870211	204.0714
4 2 14			0.02		1.15		29.39		0.36448	1.2576	70.6282605877	19.9713
6 0 6			0.02		1.17		28.9		0.36436	1.0815	60.1501886982	39.9969
3 3 3			0.0		1.17		28.83		0.3643	0.8081	39.7679129272	70.9373
6 0 12			0.02		1.19		28.28		0.36429	0.5892	74.995462768	0.9301
3 5 9			0.01		1.2		27.94		0.36417	0.4755	65.0802252419	19.5165
3 1 13			0.02		1.22		27.43		0.36413	0.3869	59.4126405656	11.7895
0 6 6			0.02		1.24		27.02		0.36401	1.0147	60.183190367	40.9583
4 2 12			0.02		1.25		26.57		0.36397	0.2244	63.468523569	4.7972
6 4 4			0.01		1.26		26.33		0.36399	0.6669	69.2748711385	33.991
3 7 3			0.0		1.27		26.28		0.36394	0.8954	72.6346668965	71.6226
5 3 9			0.01		1.28		26.03		0.36383	0.4833	65.0662013285	20.8409
2 4 6			0.01		1.28		25.79		0.36367	0.785	46.7364348384	64.2552
6 0 10			0.01		1.3		25.45		0.36364	1.0728	69.1331306246	8.9056
2 4 12			0.02		1.31		25.06		0.3636	0.2205	63.4791913795	4.8908
2 0 12			0.01		1.32		24.78		0.36348	0.8079	50.6101057273	16.6151
1 1 13			0.02		1.34		24.39		0.36348	0.3722	52.9310122384	10.9703
1 5 9			0.01		1.35		24.11		0.36335	0.4394	58.984264935	17.7365
5 1 13			0.02		1.37		23.75		0.36333	0.4567	71.2764535317	11.3258
2 0 16			0.02		1.38		23.39		0.36336	0.5935	67.2372591268	11.8907
1 5 11			-0.02		1.36		23.93		0.36337	1.8219	64.7342781598	204.7444
0 2 0			-0.01		1.35		24.28		0.36337	1.4407	17.6394681947	177.2483
2 4 10			0.01		1.36		24.03		0.36336	0.607	57.0555982332	12.0937
0 6 16			0.01		1.37		23.7		0.36328	0.4825	89.3859051251	7.6515
3 3 13			0.01		1.38		23.37		0.36322	0.5636	65.4922780779	9.1158
3 7 1			0.01		1.39		23.14		0.36321	1.2822	71.5694631273	22.2453
1 5 1			0.01		1.4		23.0		0.36321	0.4978	46.196563203	27.3004
0 6 8			0.01		1.41		22.72		0.36313	0.7694	64.1950429677	5.6946
5 5 1			0.01		1.42		22.51		0.36312	0.5073	65.769247456	23.9531
1 3 13			0.01		1.44		22.22		0.36313	0.3907	59.4200243294	11.5335
6 0 4			-0.0		1.43		22.23		0.36315	0.7069	57.1830782131	42.6751
9 1 1			0.01		1.44		22.01		0.36314	0.8793	87.9915459652	19.6393
0 2 8			0.01		1.46		21.74		0.36313	0.1155	35.7619852008	1.7384
6 4 2			0.01		1.47		21.5		0.36313	0.2211	67.6401768609	4.8049
3 3 9			0.01		1.48		21.29		0.36307	0.3816	52.4524123761	12.0632
0 4 6			-0.13		1.34		24.58		0.3627	3.7688	42.9189471786	481.9509
1 3 15			0.01		1.35		24.32		0.36273	0.2862	67.3623786269	8.1809
0 0 12			-0.05		1.3		25.68		0.3622	3.2426	47.0346015839	274.3783
5 1 9			0.01		1.31		25.45		0.3621	0.4583	58.9619928854	19.0838
5 1 11			-0.02		1.3		25.84		0.36216	3.2753	64.7131722767	203.727
0 2 12			0.01		1.3		25.63		0.36205	0.3827	50.6142203783	17.5707
0 4 14			-0.0		1.3		25.67		0.36187	1.2337	67.7597167724	121.3788
0 6 0			0.01		1.31		25.46		0.36187	1.4277	54.7714555341	59.4019
0 0 18			0.01		1.32		25.25		0.36189	0.6609	73.530655613	37.988
0 4 20			0.01		1.33		24.99		0.36209	1.027	94.1654323607	18.6345
4 2 2			0.01		1.34		24.8		0.36209	0.457	40.8620305525	12.2524
2 0 10			0.01		1.34		24.67		0.36206	0.6169	42.9543880851	20.236
3 3 11			-0.02		1.32		25.29		0.36212	2.1204	58.6030846927	249.5822
4 2 10			0.01		1.33		25.09		0.36209	1.1102	57.0442200735	11.3144
1 7 1			0.01		1.33		24.95		0.36209	0.5219	65.7901743415	26.2984
0 2 22			0.0		1.33		24.89		0.36219	1.8317	96.7387030121	97.213
0 2 16			0.01		1.34		24.65		0.36227	1.8687	67.2407114996	13.8307
5 1 1			0.01		1.35		24.52		0.36226	0.5346	46.1701152	26.7419
1 3 1			0.0		1.35		24.47		0.36226	0.5324	28.3265170018	42.1271