HKL Value		Reward		TotalReward	Chi Squared	Z Appr. 	Error	Two-Thetas	Sfs2
5 3 7			0.0		0.0		0.0		0.3	0.2523	60.5057581853	5.4388
0 2 18			0.0		0.0		49.38		0.31795	0.3755	76.3208597895	3.7538
1 7 7			0.3		0.3		38.12		0.31909	0.4353	72.3061031614	6.1143
4 6 0			0.5		0.79		25.43		0.31909	0.7863	67.1083315067	59.4729
4 2 6			0.32		1.12		19.23		0.31913	1.6049	46.7233273538	62.1975
6 2 0			-0.73		0.38		71.82		0.31913	4.3933	57.9728440251	566.5186
0 0 8			-0.17		0.22		86.44		0.31913	2.1948	30.8548203523	183.9052
7 1 7			0.11		0.32		78.2		0.32006	0.3505	72.2660298289	5.0526
6 4 0			0.14		0.46		68.42		0.32006	1.8287	67.0910631577	58.6803
2 4 8			0.09		0.55		62.91		0.32035	0.1687	51.4325245866	2.4593
0 2 20			0.06		0.61		59.48		0.31878	0.4494	86.0769303832	2.8517
5 1 7			0.04		0.64		57.46		0.31968	0.2609	54.1000446603	4.252
3 5 7			0.05		0.69		54.93		0.32035	0.2309	60.5203777188	5.6046
5 1 11			-0.14		0.55		63.88		0.32038	3.2753	64.7131722767	203.727
3 5 5			-0.04		0.51		66.57		0.32046	1.2751	56.9624934876	133.7285
5 5 7			0.03		0.54		64.57		0.32133	0.6639	72.2860687267	4.3062
1 3 7			0.04		0.58		62.05		0.32196	0.1893	39.2755843192	5.3372
3 3 7			0.03		0.61		60.35		0.3228	0.1558	47.1418707618	3.5073
1 5 7			0.04		0.65		58.01		0.32337	0.6035	54.1236034243	4.2528
1 1 7			0.04		0.69		55.89		0.32399	0.2012	29.7561292971	6.5386
2 0 14			0.05		0.73		53.42		0.32415	0.2634	58.6945218607	7.3942
6 0 8			0.05		0.78		50.9		0.32419	2.9234	64.163237895	5.3359
0 2 14			0.04		0.82		48.98		0.32442	0.2479	58.6982494177	6.3292
0 6 18			-0.03		0.79		50.45		0.32124	0.7949	98.0280769063	1.8601
6 0 2			0.04		0.84		48.44		0.32124	0.2214	55.354768557	5.4487
0 6 2			0.04		0.87		46.61		0.32124	0.2356	55.3895592761	6.1752
2 0 8			-0.03		0.85		47.97		0.32166	0.1665	35.7565424018	1.5727
0 2 16			0.04		0.88		46.21		0.3217	1.8687	67.2407114996	13.8307
3 1 7			0.02		0.9		45.42		0.322	0.257	39.2655360855	5.205
4 2 8			0.02		0.93		44.37		0.32212	0.7605	51.4203212226	2.5419
4 6 2			0.03		0.96		42.92		0.32212	0.2349	67.657370766	5.5969
1 5 13			0.02		0.98		41.95		0.32242	1.1973	71.2966048402	12.6128
4 2 14			0.03		1.01		40.71		0.32242	1.2576	70.6282605877	19.9713
0 2 10			0.03		1.04		39.67		0.32235	0.4317	42.9590557724	21.0204
0 6 10			0.03		1.07		38.51		0.32235	0.8527	69.1637693973	8.5049
6 2 4			0.01		1.08		38.09		0.32228	0.8727	60.3342977717	77.9073
6 0 6			0.03		1.11		37.05		0.32227	1.0815	60.1501886982	39.9969
0 6 6			0.03		1.14		36.07		0.32226	1.0147	60.183190367	40.9583
3 1 13			0.02		1.15		35.48		0.32255	0.3869	59.4126405656	11.7895
6 4 6			0.02		1.17		34.82		0.32251	0.9247	71.9614498967	41.9809
1 1 9			0.0		1.17		34.71		0.32225	0.2216	37.1193146943	1.1702
2 4 6			0.02		1.2		33.87		0.32226	0.785	46.7364348384	64.2552
6 0 12			-0.08		1.12		36.67		0.32083	0.5892	74.995462768	0.9301
6 0 10			0.02		1.15		35.82		0.32083	1.0728	69.1331306246	8.9056
7 1 3			0.01		1.15		35.56		0.32085	1.4031	66.8553232335	91.2915
2 4 14			0.02		1.17		34.81		0.32085	0.5221	70.6383718296	19.4111
0 6 14			0.02		1.19		34.25		0.32085	0.9096	81.7552219026	27.2955
2 4 12			-0.01		1.18		34.62		0.32036	0.2205	63.4791913795	4.8908
1 1 13			0.0		1.19		34.47		0.32068	0.3722	52.9310122384	10.9703
3 3 13			-0.0		1.18		34.48		0.32106	0.5636	65.4922780779	9.1158
2 0 16			0.02		1.2		33.83		0.32112	0.5935	67.2372591268	11.8907
0 6 8			0.02		1.22		33.19		0.32113	0.7694	64.1950429677	5.6946
1 3 13			0.01		1.23		32.95		0.32139	0.3907	59.4200243294	11.5335
3 7 1			0.02		1.25		32.38		0.32139	1.2822	71.5694631273	22.2453
2 4 10			0.02		1.27		31.79		0.32136	0.607	57.0555982332	12.0937
1 5 9			0.01		1.28		31.33		0.32131	0.4394	58.984264935	17.7365
6 2 6			-0.05		1.23		33.12		0.32137	3.9921	63.2107357729	344.5633
2 6 4			0.01		1.23		32.94		0.32134	0.8772	60.3635846112	78.02
0 6 16			0.01		1.25		32.46		0.32144	0.4825	89.3859051251	7.6515
5 3 9			0.02		1.26		31.92		0.32143	0.4833	65.0662013285	20.8409
9 1 1			0.02		1.28		31.42		0.32143	0.8793	87.9915459652	19.6393
2 2 2			-0.03		1.25		32.54		0.32143	1.1162	26.2109248846	125.5642
1 1 11			-0.12		1.12		37.16		0.32146	2.144	44.8525636461	378.5934
3 3 9			0.01		1.14		36.67		0.32141	0.3816	52.4524123761	12.0632
2 4 2			0.01		1.15		36.19		0.3214	0.3828	40.8766170199	13.2501
1 3 15			0.01		1.16		35.67		0.32133	0.2862	67.3623786269	8.1809
5 5 1			0.01		1.18		35.17		0.32133	0.5073	65.769247456	23.9531
5 1 13			0.01		1.18		34.96		0.32156	0.4567	71.2764535317	11.3258
5 1 9			0.01		1.2		34.52		0.32152	0.4583	58.9619928854	19.0838
0 2 8			-0.02		1.18		35.11		0.32172	0.1155	35.7619852008	1.7384
0 2 12			0.01		1.18		34.91		0.32155	0.3827	50.6142203783	17.5707
1 1 15			0.01		1.2		34.47		0.32159	0.656	61.3839959686	20.6242
4 0 0			-0.15		1.05		40.6		0.32159	8.3901	35.6934066618	787.9925
3 5 9			0.01		1.06		40.06		0.32158	0.4755	65.0802252419	19.5165
0 4 0			-0.14		0.92		46.34		0.32158	6.137	35.7152072575	818.959
6 4 2			0.01		0.94		45.73		0.32158	0.2211	67.6401768609	4.8049
0 6 0			0.01		0.95		45.21		0.32158	1.4277	54.7714555341	59.4019
0 4 20			0.01		0.96		44.75		0.32155	1.027	94.1654323607	18.6345
2 6 6			-0.02		0.93		45.88		0.32161	5.383	63.2392339525	346.2148
3 1 15			0.01		0.95		45.34		0.32153	0.2871	67.3554895111	7.7692
4 2 10			0.01		0.96		44.78		0.32151	1.1102	57.0442200735	11.3144
4 2 2			0.01		0.97		44.29		0.32151	0.457	40.8620305525	12.2524
4 6 6			0.01		0.98		43.87		0.32149	1.1903	71.9781772466	41.9784
1 7 1			0.01		0.99		43.42		0.32148	0.5219	65.7901743415	26.2984
0 0 14			-0.0		0.99		43.6		0.32148	0.8389	55.4890953336	74.9432
7 3 1			0.01		1.0		43.12		0.32148	0.5095	71.5359286583	22.1332
0 0 20			0.01		1.01		42.64		0.32147	0.4542	83.3712939521	4.3689
0 0 18			0.0		1.01		42.55		0.32109	0.6609	73.530655613	37.988
5 1 1			0.01		1.02		42.14		0.32108	0.5346	46.1701152	26.7419
1 1 3			0.01		1.03		41.82		0.32108	0.4514	16.9416048235	36.8187
0 4 10			0.01		1.04		41.35		0.32108	0.9893	53.7871001638	44.1425
2 0 12			0.01		1.04		41.13		0.32094	0.8079	50.6101057273	16.6151
3 1 9			0.01		1.05		40.78		0.32088	0.36	45.2950695798	8.7768
4 0 10			0.01		1.06		40.34		0.32088	0.6243	53.7713327333	45.2096
3 7 3			0.01		1.07		40.11		0.32089	0.8954	72.6346668965	71.6226
3 1 1			0.01		1.08		39.83		0.32088	0.5239	28.3131072915	41.7464
1 5 1			0.01		1.09		39.49		0.32088	0.4978	46.196563203	27.3004
2 2 16			0.01		1.1		39.09		0.32085	1.1693	70.1293332912	108.6018
6 2 10			0.01		1.11		38.7		0.32086	0.7103	71.9901825081	43.9921
1 3 1			0.01		1.11		38.44		0.32086	0.5324	28.3265170018	42.1271
6 2 8			-0.04		1.08		39.93		0.32087	3.3751	67.1207225085	222.106
2 0 10			0.01		1.08		39.57		0.32084	0.6169	42.9543880851	20.236