HKL Value		Reward		TotalReward	Chi Squared	Z Appr. 	Error	Two-Thetas	Sfs2
5 3 7			0.0		0.0		0.0		0.3	0.2523	60.5057581853	5.4388
1 7 7			0.0		0.0		0.08		0.33542	0.4353	72.3061031614	6.1143
4 6 0			0.29		0.29		0.06		0.33542	0.7863	67.1083315067	59.4729
4 0 0			-1.0		-0.71		158.72		0.33542	8.3901	35.6934066618	787.9925
7 3 1			0.32		-0.39		120.06		0.33481	0.5095	71.5359286583	22.1332
5 3 11			0.12		-0.27		107.67		0.36383	1.8677	70.5420870211	204.0714
4 2 6			0.18		-0.09		91.23		0.36077	1.6049	46.7233273538	62.1975
7 1 7			0.16		0.07		78.45		0.36086	0.3505	72.2660298289	5.0526
6 4 0			0.14		0.21		68.65		0.36086	1.8287	67.0910631577	58.6803
2 4 8			0.12		0.33		61.21		0.35932	0.1687	51.4325245866	2.4593
0 2 20			0.11		0.44		55.2		0.35892	0.4494	86.0769303832	2.8517
5 1 7			0.1		0.54		50.31		0.35899	0.2609	54.1000446603	4.252
4 6 2			0.09		0.62		46.35		0.35901	0.2349	67.657370766	5.5969
3 5 7			0.08		0.7		42.93		0.35913	0.2309	60.5203777188	5.6046
1 3 7			0.07		0.78		39.99		0.35927	0.1893	39.2755843192	5.3372
5 5 7			0.07		0.85		37.4		0.35943	0.6639	72.2860687267	4.3062
3 7 3			0.03		0.87		36.41		0.35794	0.8954	72.6346668965	71.6226
3 3 7			0.06		0.94		34.32		0.35796	0.1558	47.1418707618	3.5073
2 6 6			-0.16		0.77		40.99		0.3532	5.383	63.2392339525	346.2148
1 5 7			0.05		0.83		38.9		0.35313	0.6035	54.1236034243	4.2528
1 1 7			0.05		0.88		37.04		0.353	0.2012	29.7561292971	6.5386
0 4 16			0.02		0.89		36.49		0.36057	1.5557	75.7704700384	94.8658
2 0 14			0.05		0.94		34.84		0.36076	0.2634	58.6945218607	7.3942
4 0 4			-0.02		0.92		35.55		0.36034	1.2165	39.0343929222	79.1487
5 3 5			-0.01		0.91		36.03		0.36224	2.2247	56.9473208346	134.0256
0 6 12			0.04		0.95		34.6		0.36211	0.3425	75.0250979777	1.887
0 4 6			-0.22		0.73		44.2		0.35777	3.7688	42.9189471786	481.9509
6 0 8			0.04		0.77		42.57		0.35753	2.9234	64.163237895	5.3359
0 2 14			0.04		0.8		41.09		0.35757	0.2479	58.6982494177	6.3292
0 6 18			0.04		0.84		39.69		0.35752	0.7949	98.0280769063	1.8601
6 0 2			0.03		0.87		38.43		0.35759	0.2214	55.354768557	5.4487
0 6 2			0.03		0.9		37.27		0.35766	0.2356	55.3895592761	6.1752
3 1 7			0.03		0.93		36.16		0.35767	0.257	39.2655360855	5.205
0 0 22			0.03		0.96		35.27		0.36005	2.2765	94.0325860765	137.6091
2 0 8			0.03		0.99		34.24		0.36005	0.1665	35.7565424018	1.5727
7 3 3			0.01		1.0		33.85		0.35981	1.9283	72.601334037	69.5466
4 2 8			0.03		1.03		32.95		0.35948	0.7605	51.4203212226	2.5419
0 6 0			0.02		1.05		32.23		0.35948	1.4277	54.7714555341	59.4019
1 5 13			0.02		1.08		31.45		0.35999	1.1973	71.2966048402	12.6128
0 4 10			0.01		1.08		31.19		0.3606	0.9893	53.7871001638	44.1425
4 2 14			0.02		1.11		30.44		0.36045	1.2576	70.6282605877	19.9713
0 6 10			0.02		1.13		29.8		0.36032	0.8527	69.1637693973	8.5049
6 0 6			0.02		1.15		29.14		0.36002	1.0815	60.1501886982	39.9969
6 0 4			0.0		1.16		29.01		0.36014	0.7069	57.1830782131	42.6751
0 6 6			0.02		1.18		28.41		0.35983	1.0147	60.183190367	40.9583
6 0 12			0.02		1.2		27.78		0.3599	0.5892	74.995462768	0.9301
3 1 13			0.02		1.22		27.21		0.3603	0.3869	59.4126405656	11.7895
6 4 6			0.02		1.24		26.63		0.36036	0.9247	71.9614498967	41.9809
1 1 9			0.02		1.26		26.08		0.36032	0.2216	37.1193146943	1.1702
2 4 6			0.01		1.28		25.71		0.3599	0.785	46.7364348384	64.2552
6 0 10			0.02		1.3		25.28		0.3598	1.0728	69.1331306246	8.9056
2 2 6			-0.21		1.09		31.95		0.35825	8.3224	34.2684003079	615.2447
4 4 2			-0.03		1.06		32.98		0.35844	1.2125	52.0311030722	128.6454
1 1 15			0.01		1.07		32.59		0.3587	0.656	61.3839959686	20.6242
2 4 14			0.02		1.09		31.99		0.35866	0.5221	70.6383718296	19.4111
0 6 14			0.02		1.1		31.45		0.3586	0.9096	81.7552219026	27.2955
2 4 12			0.02		1.12		30.89		0.35853	0.2205	63.4791913795	4.8908
2 2 14			0.01		1.13		30.71		0.35838	1.0835	61.7979105177	101.9829
1 1 13			0.02		1.14		30.23		0.35862	0.3722	52.9310122384	10.9703
3 3 13			0.02		1.16		29.74		0.35882	0.5636	65.4922780779	9.1158
2 0 16			0.01		1.17		29.31		0.35919	0.5935	67.2372591268	11.8907
2 2 8			-0.04		1.13		30.61		0.35999	1.8488	40.1384116224	216.1995
0 6 8			0.02		1.15		30.13		0.35987	0.7694	64.1950429677	5.6946
3 7 1			0.01		1.16		29.75		0.35984	1.2822	71.5694631273	22.2453
1 3 13			0.01		1.18		29.31		0.36008	0.3907	59.4200243294	11.5335
2 4 10			0.01		1.19		28.96		0.36	0.607	57.0555982332	12.0937
1 5 9			0.01		1.2		28.57		0.35976	0.4394	58.984264935	17.7365
0 6 16			0.01		1.22		28.16		0.35998	0.4825	89.3859051251	7.6515
5 3 9			0.01		1.23		27.86		0.35972	0.4833	65.0662013285	20.8409
9 1 1			0.01		1.24		27.52		0.35969	0.8793	87.9915459652	19.6393
3 3 9			0.01		1.25		27.16		0.3595	0.3816	52.4524123761	12.0632
0 4 8			-0.04		1.21		28.29		0.36023	4.1351	47.9021960727	235.0989
2 4 2			0.01		1.22		28.01		0.36024	0.3828	40.8766170199	13.2501
1 3 15			0.01		1.23		27.68		0.36031	0.2862	67.3623786269	8.1809
4 4 4			-0.01		1.22		27.99		0.36026	0.8476	53.9354251327	76.9211
5 5 1			0.01		1.23		27.7		0.36024	0.5073	65.769247456	23.9531
5 1 13			0.01		1.25		27.35		0.36042	0.4567	71.2764535317	11.3258
5 1 9			0.01		1.26		27.05		0.36019	0.4583	58.9619928854	19.0838
0 2 8			0.01		1.27		26.71		0.36019	0.1155	35.7619852008	1.7384
3 5 9			0.01		1.28		26.45		0.35995	0.4755	65.0802252419	19.5165
0 2 12			0.01		1.29		26.18		0.35967	0.3827	50.6142203783	17.5707
6 4 2			0.01		1.3		25.88		0.35966	0.2211	67.6401768609	4.8049
0 4 20			0.01		1.31		25.66		0.36076	1.027	94.1654323607	18.6345
0 6 4			0.0		1.31		25.63		0.36079	0.6675	57.2171401797	42.9768
0 2 16			0.01		1.32		25.36		0.36099	1.8687	67.2407114996	13.8307
3 1 15			0.01		1.33		25.1		0.36104	0.2871	67.3554895111	7.7692
4 2 10			0.01		1.34		24.88		0.36101	1.1102	57.0442200735	11.3144
3 3 11			-0.03		1.31		25.56		0.36115	2.1204	58.6030846927	249.5822
4 2 2			0.01		1.32		25.35		0.36115	0.457	40.8620305525	12.2524
4 6 6			0.01		1.33		25.07		0.36115	1.1903	71.9781772466	41.9784
1 7 1			0.01		1.34		24.91		0.36115	0.5219	65.7901743415	26.2984
1 1 1			0.0		1.34		24.91		0.36113	0.5749	13.0194761966	56.7652
0 0 20			0.0		1.34		24.87		0.3624	0.4542	83.3712939521	4.3689
0 0 18			0.01		1.35		24.66		0.36243	0.6609	73.530655613	37.988
5 1 1			0.01		1.36		24.53		0.36242	0.5346	46.1701152	26.7419
0 0 8			-0.03		1.33		25.27		0.36257	2.1948	30.8548203523	183.9052
1 1 3			0.0		1.33		25.17		0.36255	0.4514	16.9416048235	36.8187
2 2 10			0.0		1.33		25.12		0.36266	0.6429	46.7739448495	44.8949
4 2 4			-0.01		1.33		25.26		0.36268	0.7624	43.1345383828	64.2766
2 0 12			0.01		1.33		25.07		0.3626	0.8079	50.6101057273	16.6151
3 1 9			0.01		1.34		24.85		0.36256	0.36	45.2950695798	8.7768
1 5 1			0.01		1.35		24.73		0.36256	0.4978	46.196563203	27.3004