HKL Value		Reward		TotalReward	Chi Squared	Z Appr. 	Error	Two-Thetas	Sfs2
5 3 7			0.0		0.0		0.0		0.3	0.2523	60.5057581853	5.4388
0 6 6			0.0		0.0		1.53		0.3461	1.0147	60.183190367	40.9583
1 7 3			-0.87		-0.87		12.04		0.33711	0.9932	66.8968211493	90.2271
1 7 7			0.49		-0.38		8.06		0.33562	0.4353	72.3061031614	6.1143
4 6 0			0.33		-0.05		6.06		0.33562	0.7863	67.1083315067	59.4729
4 2 6			0.25		0.2		4.85		0.33564	1.6049	46.7233273538	62.1975
7 1 7			0.2		0.4		4.04		0.33578	0.3505	72.2660298289	5.0526
9 1 1			0.04		0.44		3.89		0.33537	0.8793	87.9915459652	19.6393
0 0 8			-0.79		-0.35		18.51		0.36182	2.1948	30.8548203523	183.9052
0 6 18			0.12		-0.23		16.52		0.36182	0.7949	98.0280769063	1.8601
6 4 0			0.11		-0.12		14.87		0.36182	1.8287	67.0910631577	58.6803
2 4 8			0.09		-0.03		13.69		0.3592	0.1687	51.4325245866	2.4593
3 7 3			-0.05		-0.08		14.36		0.35805	0.8954	72.6346668965	71.6226
5 1 7			0.07		-0.0		13.37		0.35806	0.2609	54.1000446603	4.252
4 6 6			0.07		0.07		12.44		0.35897	1.1903	71.9781772466	41.9784
0 2 20			0.07		0.14		11.68		0.35803	0.4494	86.0769303832	2.8517
3 5 7			0.05		0.19		11.08		0.35805	0.2309	60.5203777188	5.6046
1 1 13			0.05		0.24		10.5		0.3616	0.3722	52.9310122384	10.9703
1 1 3			-0.03		0.22		10.78		0.36109	0.4514	16.9416048235	36.8187
1 5 9			0.04		0.26		10.35		0.3576	0.4394	58.984264935	17.7365
6 0 8			0.05		0.31		9.85		0.35712	2.9234	64.163237895	5.3359
5 1 5			-0.17		0.14		11.88		0.36136	1.1901	50.2495039981	127.1383
3 1 11			-0.28		-0.14		16.51		0.36218	2.3814	52.0481274199	292.2152
0 6 2			0.04		-0.1		15.88		0.36225	0.2356	55.3895592761	6.1752
0 2 22			-0.01		-0.11		16.01		0.36273	1.8317	96.7387030121	97.213
4 4 6			-0.32		-0.43		23.47		0.36109	4.3817	57.0116572758	400.3855
4 6 2			0.04		-0.39		22.67		0.3611	0.2349	67.657370766	5.5969
6 0 2			0.04		-0.36		21.9		0.36115	0.2214	55.354768557	5.4487
4 2 10			0.03		-0.33		21.33		0.36101	1.1102	57.0442200735	11.3144
1 5 7			0.03		-0.3		20.65		0.36103	0.6035	54.1236034243	4.2528
5 5 1			0.02		-0.27		20.16		0.36097	0.5073	65.769247456	23.9531
0 6 16			0.03		-0.24		19.52		0.36123	0.4825	89.3859051251	7.6515
1 5 13			0.03		-0.21		18.94		0.36156	1.1973	71.2966048402	12.6128
5 5 7			0.03		-0.18		18.4		0.36156	0.6639	72.2860687267	4.3062
0 6 10			0.02		-0.16		17.99		0.36149	0.8527	69.1637693973	8.5049
1 3 7			0.03		-0.13		17.52		0.36152	0.1893	39.2755843192	5.3372
2 0 14			0.03		-0.1		17.04		0.36155	0.2634	58.6945218607	7.3942
2 4 14			0.03		-0.08		16.61		0.36141	0.5221	70.6383718296	19.4111
3 1 3			-0.01		-0.09		16.82		0.36127	1.2003	30.3814370344	67.5761
6 0 10			0.02		-0.07		16.51		0.36118	1.0728	69.1331306246	8.9056
4 2 14			0.02		-0.05		16.13		0.36105	1.2576	70.6282605877	19.9713
1 3 13			0.02		-0.02		15.75		0.3613	0.3907	59.4200243294	11.5335
2 4 12			0.02		0.0		15.4		0.36116	0.2205	63.4791913795	4.8908
3 5 9			0.01		0.01		15.22		0.36078	0.4755	65.0802252419	19.5165
1 3 15			0.02		0.03		14.96		0.36092	0.2862	67.3623786269	8.1809
2 4 6			0.01		0.04		14.81		0.36052	0.785	46.7364348384	64.2552
3 7 1			0.01		0.05		14.63		0.36047	1.2822	71.5694631273	22.2453
1 1 7			0.02		0.07		14.36		0.3605	0.2012	29.7561292971	6.5386
3 1 13			0.02		0.09		14.09		0.36081	0.3869	59.4126405656	11.7895
2 0 2			-0.02		0.07		14.33		0.36078	0.6502	19.2320929378	35.9547
0 6 8			0.02		0.09		14.06		0.36059	0.7694	64.1950429677	5.6946
2 0 8			0.02		0.11		13.79		0.36058	0.1665	35.7565424018	1.5727
4 2 2			0.01		0.12		13.66		0.3606	0.457	40.8620305525	12.2524
1 3 9			0.02		0.14		13.42		0.36043	0.2622	45.3040218183	7.1674
6 0 6			0.02		0.16		13.22		0.36021	1.0815	60.1501886982	39.9969
2 0 16			0.02		0.17		13.02		0.36065	0.5935	67.2372591268	11.8907
2 4 2			0.01		0.18		12.92		0.36067	0.3828	40.8766170199	13.2501
0 6 14			0.01		0.19		12.74		0.36053	0.9096	81.7552219026	27.2955
1 3 5			-0.09		0.1		14.04		0.36116	3.1323	34.189462707	190.138
3 3 13			0.02		0.12		13.8		0.36125	0.5636	65.4922780779	9.1158
3 1 7			0.02		0.13		13.6		0.36126	0.257	39.2655360855	5.205
5 1 9			0.01		0.14		13.45		0.361	0.4583	58.9619928854	19.0838
4 2 0			0.0		0.14		13.44		0.361	0.9287	40.0811891304	86.5118
0 4 20			0.01		0.16		13.28		0.36167	1.027	94.1654323607	18.6345
2 6 4			-0.04		0.11		13.85		0.36163	0.8772	60.3635846112	78.02
1 1 15			0.0		0.12		13.8		0.36173	0.656	61.3839959686	20.6242
2 4 10			0.01		0.13		13.69		0.3617	0.607	57.0555982332	12.0937
3 3 9			0.01		0.14		13.54		0.36159	0.3816	52.4524123761	12.0632
0 2 14			0.01		0.15		13.35		0.36162	0.2479	58.6982494177	6.3292
5 1 13			0.01		0.17		13.16		0.36171	0.4567	71.2764535317	11.3258
1 1 17			-0.08		0.09		14.28		0.36064	2.447	70.2810461715	248.4175
0 6 0			0.01		0.1		14.17		0.36064	1.4277	54.7714555341	59.4019
4 2 8			0.01		0.11		14.0		0.36053	0.7605	51.4203212226	2.5419
1 7 1			0.0		0.11		13.95		0.36051	0.5219	65.7901743415	26.2984
1 5 1			0.0		0.11		13.93		0.36049	0.4978	46.196563203	27.3004
5 3 1			-0.0		0.11		13.93		0.36048	0.5252	53.2386121167	32.835
3 5 5			-0.03		0.08		14.38		0.36075	1.2751	56.9624934876	133.7285
2 0 10			0.0		0.08		14.36		0.3607	0.6169	42.9543880851	20.236
0 2 10			0.0		0.08		14.34		0.36064	0.4317	42.9590557724	21.0204
3 5 1			0.0		0.08		14.33		0.36062	0.5283	53.2544885252	31.9012
6 2 10			-0.01		0.08		14.41		0.3608	0.7103	71.9901825081	43.9921
4 4 8			-0.07		0.01		15.45		0.36118	3.9407	61.1479986878	218.5721
2 2 4			-0.03		-0.01		15.87		0.36114	0.7551	29.4672289371	73.6026