HKL Value		Reward		TotalReward	Chi Squared	Z Appr. 	Error	Two-Thetas	Sfs2
5 3 7			0.0		0.0		0.0		0.3	0.2523	60.5057581853	5.4388
1 7 7			0.0		0.0		0.08		0.33542	0.4353	72.3061031614	6.1143
0 0 2			-1.0		-1.0		39.28		0.33717	1.161	7.62646333295	98.931
4 6 0			0.5		-0.5		26.2		0.33717	0.7863	67.1083315067	59.4729
4 2 6			0.33		-0.17		19.65		0.33719	1.6049	46.7233273538	62.1975
7 1 7			0.25		0.08		15.73		0.33671	0.3505	72.2660298289	5.0526
6 4 0			0.2		0.28		13.11		0.33671	1.8287	67.0910631577	58.6803
0 2 20			0.17		0.45		11.23		0.33667	0.4494	86.0769303832	2.8517
6 0 0			0.08		0.53		10.41		0.33667	0.7256	54.7363985401	55.434
2 4 8			0.12		0.65		9.26		0.33667	0.1687	51.4325245866	2.4593
5 1 7			0.11		0.77		8.33		0.33672	0.2609	54.1000446603	4.252
3 5 7			0.1		0.87		7.58		0.33668	0.2309	60.5203777188	5.6046
5 5 7			0.09		0.95		6.96		0.33687	0.6639	72.2860687267	4.3062
4 2 8			0.08		1.04		6.43		0.33684	0.7605	51.4203212226	2.5419
5 1 13			0.02		1.06		6.3		0.33636	0.4567	71.2764535317	11.3258
3 3 7			0.06		1.12		5.91		0.33659	0.1558	47.1418707618	3.5073
1 5 7			0.07		1.19		5.55		0.33663	0.6035	54.1236034243	4.2528
1 3 7			0.06		1.25		5.22		0.33667	0.1893	39.2755843192	5.3372
1 1 7			0.06		1.31		4.93		0.33673	0.2012	29.7561292971	6.5386
6 0 8			0.04		1.34		4.76		0.33655	2.9234	64.163237895	5.3359
2 0 14			0.03		1.37		4.63		0.33613	0.2634	58.6945218607	7.3942
0 6 2			0.02		1.39		4.55		0.33613	0.2356	55.3895592761	6.1752
0 2 14			0.03		1.42		4.4		0.33583	0.2479	58.6982494177	6.3292
0 6 4			-0.21		1.22		5.54		0.33594	0.6675	57.2171401797	42.9768
5 1 11			-0.32		0.9		8.13		0.36157	3.2753	64.7131722767	203.727
6 0 2			0.03		0.93		7.87		0.36166	0.2214	55.354768557	5.4487
0 6 18			0.04		0.97		7.59		0.36166	0.7949	98.0280769063	1.8601
2 0 8			0.04		1.01		7.31		0.36155	0.1665	35.7565424018	1.5727
1 3 5			-0.27		0.73		10.08		0.36312	3.1323	34.189462707	190.138
3 3 9			0.02		0.75		9.89		0.36273	0.3816	52.4524123761	12.0632
4 6 2			0.02		0.78		9.65		0.36274	0.2349	67.657370766	5.5969
3 1 7			0.03		0.81		9.39		0.36278	0.257	39.2655360855	5.205
1 5 13			0.03		0.84		9.1		0.363	1.1973	71.2966048402	12.6128
2 4 14			0.02		0.86		8.88		0.36272	0.5221	70.6383718296	19.4111
4 2 14			0.02		0.89		8.67		0.36243	1.2576	70.6282605877	19.9713
0 6 10			0.01		0.9		8.55		0.36234	0.8527	69.1637693973	8.5049
6 0 6			0.02		0.92		8.4		0.36194	1.0815	60.1501886982	39.9969
9 1 1			0.01		0.93		8.31		0.36189	0.8793	87.9915459652	19.6393
4 0 4			-0.12		0.81		9.45		0.36171	1.2165	39.0343929222	79.1487
3 1 13			0.02		0.83		9.22		0.36206	0.3869	59.4126405656	11.7895
6 0 12			0.03		0.86		8.99		0.36201	0.5892	74.995462768	0.9301
0 6 6			0.02		0.87		8.86		0.36163	1.0147	60.183190367	40.9583
2 4 6			-0.0		0.87		8.87		0.36094	0.785	46.7364348384	64.2552
2 4 2			0.0		0.88		8.84		0.36098	0.3828	40.8766170199	13.2501
4 4 12			-0.06		0.81		9.41		0.35747	1.9475	72.2035773977	130.2426
1 1 13			0.01		0.83		9.27		0.3581	0.3722	52.9310122384	10.9703
6 0 10			0.01		0.84		9.16		0.3579	1.0728	69.1331306246	8.9056
6 4 6			0.02		0.86		8.98		0.35818	0.9247	71.9614498967	41.9809
1 1 9			0.02		0.88		8.79		0.35821	0.2216	37.1193146943	1.1702
1 5 1			-0.01		0.88		8.85		0.35815	0.4978	46.196563203	27.3004
2 4 12			0.02		0.9		8.67		0.35807	0.2205	63.4791913795	4.8908
2 4 10			0.01		0.9		8.62		0.3579	0.607	57.0555982332	12.0937
2 0 0			-0.08		0.83		9.34		0.3579	2.02	17.6289686615	175.6782
1 5 9			0.02		0.84		9.2		0.35752	0.4394	58.984264935	17.7365
3 7 1			0.01		0.85		9.14		0.35747	1.2822	71.5694631273	22.2453
0 6 16			0.01		0.86		9.03		0.35788	0.4825	89.3859051251	7.6515
6 2 4			-0.07		0.79		9.74		0.35769	0.8727	60.3342977717	77.9073
0 6 14			0.01		0.8		9.6		0.35765	0.9096	81.7552219026	27.2955
3 3 13			0.01		0.82		9.47		0.35804	0.5636	65.4922780779	9.1158
2 0 16			0.01		0.83		9.38		0.3588	0.5935	67.2372591268	11.8907
5 5 1			0.01		0.83		9.33		0.35876	0.5073	65.769247456	23.9531
0 0 18			0.01		0.84		9.26		0.35817	0.6609	73.530655613	37.988
0 6 8			0.02		0.85		9.11		0.35799	0.7694	64.1950429677	5.6946
3 5 9			0.01		0.86		9.04		0.35734	0.4755	65.0802252419	19.5165
3 3 15			0.01		0.88		8.92		0.35734	0.3402	73.0835579415	3.8877
1 3 13			0.01		0.89		8.84		0.35793	0.3907	59.4200243294	11.5335
4 2 2			0.0		0.89		8.82		0.35796	0.457	40.8620305525	12.2524
0 2 8			0.02		0.9		8.69		0.35801	0.1155	35.7619852008	1.7384
6 4 2			0.01		0.91		8.59		0.35801	0.2211	67.6401768609	4.8049
4 6 6			0.01		0.93		8.48		0.35829	1.1903	71.9781772466	41.9784
1 3 15			0.01		0.93		8.42		0.35848	0.2862	67.3623786269	8.1809
3 1 15			0.01		0.94		8.35		0.35871	0.2871	67.3554895111	7.7692
0 0 20			-0.03		0.91		8.61		0.36261	0.4542	83.3712939521	4.3689
0 2 12			0.0		0.92		8.59		0.3625	0.3827	50.6142203783	17.5707
5 1 9			0.0		0.92		8.55		0.36238	0.4583	58.9619928854	19.0838
0 4 20			0.01		0.93		8.45		0.36253	1.027	94.1654323607	18.6345
0 6 0			0.0		0.93		8.42		0.36253	1.4277	54.7714555341	59.4019
2 0 10			-0.01		0.93		8.48		0.3625	0.6169	42.9543880851	20.236
1 1 15			-0.0		0.93		8.5		0.36256	0.656	61.3839959686	20.6242
4 2 10			0.0		0.93		8.47		0.36254	1.1102	57.0442200735	11.3144
1 7 1			-0.0		0.92		8.51		0.36253	0.5219	65.7901743415	26.2984
5 1 1			-0.0		0.92		8.55		0.36252	0.5346	46.1701152	26.7419
1 1 3			-0.01		0.91		8.64		0.36249	0.4514	16.9416048235	36.8187