HKL Value		Reward		TotalReward	Chi Squared	Z Appr. 	Error	Two-Thetas	Sfs2
5 3 7			0.0		0.0		0.0		0.3	0.2523	60.5057581853	5.4388
1 7 7			0.0		0.0		0.08		0.33542	0.4353	72.3061031614	6.1143
4 6 0			0.29		0.29		0.06		0.33542	0.7863	67.1083315067	59.4729
4 2 6			0.43		0.72		0.04		0.33544	1.6049	46.7233273538	62.1975
7 1 7			0.26		0.98		0.03		0.33563	0.3505	72.2660298289	5.0526
6 4 0			0.14		1.12		0.03		0.33563	1.8287	67.0910631577	58.6803
2 4 8			-0.02		1.1		0.03		0.33597	0.1687	51.4325245866	2.4593
2 6 8			-1.0		0.1		14.78		0.36466	4.3291	67.1483383839	218.3417
4 6 4			0.02		0.12		14.47		0.36541	1.0731	69.291881243	33.3045
4 2 2			0.06		0.18		13.63		0.36581	0.457	40.8620305525	12.2524
5 1 7			0.1		0.28		12.37		0.36633	0.2609	54.1000446603	4.252
0 2 20			0.09		0.38		11.31		0.36389	0.4494	86.0769303832	2.8517
3 5 7			0.08		0.45		10.51		0.36395	0.2309	60.5203777188	5.6046
1 5 7			0.07		0.53		9.8		0.36401	0.6035	54.1236034243	4.2528
5 5 7			0.07		0.6		9.16		0.36407	0.6639	72.2860687267	4.3062
1 3 7			0.06		0.65		8.65		0.36413	0.1893	39.2755843192	5.3372
6 0 2			0.05		0.71		8.2		0.36419	0.2214	55.354768557	5.4487
0 4 0			-0.78		-0.07		37.4		0.36419	6.137	35.7152072575	818.959
2 0 14			0.06		-0.01		35.33		0.36407	0.2634	58.6945218607	7.3942
6 0 8			0.05		0.04		33.65		0.36345	2.9234	64.163237895	5.3359
3 3 7			0.05		0.09		32.0		0.36349	0.1558	47.1418707618	3.5073
0 6 2			0.05		0.13		30.57		0.36357	0.2356	55.3895592761	6.1752
4 6 2			0.04		0.18		29.31		0.36359	0.2349	67.657370766	5.5969
1 1 7			0.04		0.22		28.1		0.36367	0.2012	29.7561292971	6.5386
1 1 13			0.04		0.26		26.93		0.36355	0.3722	52.9310122384	10.9703
1 5 3			0.0		0.27		26.85		0.36326	0.9511	47.585042181	85.8034
1 5 13			0.04		0.31		25.82		0.36339	1.1973	71.2966048402	12.6128
4 4 8			-0.09		0.22		28.28		0.36427	3.9407	61.1479986878	218.5721
3 5 3			-0.01		0.21		28.55		0.3641	0.9259	54.5093201099	87.7589
4 2 14			0.03		0.24		27.66		0.36381	1.2576	70.6282605877	19.9713
5 1 3			0.0		0.24		27.64		0.36362	0.9592	47.5591860667	88.1873
0 2 14			0.03		0.28		26.74		0.36364	0.2479	58.6982494177	6.3292
0 6 10			0.03		0.3		26.05		0.3636	0.8527	69.1637693973	8.5049
2 4 14			0.03		0.33		25.33		0.36334	0.5221	70.6383718296	19.4111
3 1 7			0.03		0.36		24.63		0.36337	0.257	39.2655360855	5.205
0 0 2			-0.05		0.31		25.95		0.36352	1.161	7.62646333295	98.931
3 1 13			0.03		0.34		25.23		0.36353	0.3869	59.4126405656	11.7895
4 2 8			0.02		0.36		24.66		0.36321	0.7605	51.4203212226	2.5419
1 1 3			0.01		0.37		24.43		0.36311	0.4514	16.9416048235	36.8187
3 3 13			0.03		0.4		23.81		0.36297	0.5636	65.4922780779	9.1158
0 6 6			0.02		0.42		23.32		0.36273	1.0147	60.183190367	40.9583
0 6 18			0.02		0.44		22.76		0.36273	0.7949	98.0280769063	1.8601
5 5 1			0.02		0.46		22.37		0.36269	0.5073	65.769247456	23.9531
2 4 6			0.01		0.47		22.09		0.36228	0.785	46.7364348384	64.2552
2 0 16			0.02		0.5		21.6		0.36251	0.5935	67.2372591268	11.8907
6 2 2			-0.06		0.44		22.97		0.3627	3.3001	58.5687226088	135.1206
6 0 6			0.02		0.45		22.54		0.3625	1.0815	60.1501886982	39.9969
2 4 10			0.01		0.47		22.21		0.36243	0.607	57.0555982332	12.0937
4 4 12			-0.02		0.45		22.64		0.36075	1.9475	72.2035773977	130.2426
9 1 1			0.02		0.47		22.28		0.36068	0.8793	87.9915459652	19.6393
6 0 10			0.02		0.48		21.92		0.3605	1.0728	69.1331306246	8.9056
4 6 6			0.02		0.5		21.5		0.36058	1.1903	71.9781772466	41.9784
5 1 1			0.01		0.51		21.31		0.36053	0.5346	46.1701152	26.7419
3 5 9			0.01		0.53		21.03		0.35952	0.4755	65.0802252419	19.5165
3 7 1			0.01		0.54		20.76		0.35938	1.2822	71.5694631273	22.2453
0 2 22			-0.0		0.54		20.79		0.36119	1.8317	96.7387030121	97.213
0 6 14			0.02		0.55		20.46		0.361	0.9096	81.7552219026	27.2955
2 0 8			0.02		0.57		20.11		0.36098	0.1665	35.7565424018	1.5727
2 4 2			0.01		0.58		19.9		0.36099	0.3828	40.8766170199	13.2501
3 3 9			0.01		0.6		19.61		0.36072	0.3816	52.4524123761	12.0632
2 6 10			-0.0		0.59		19.64		0.36116	0.7069	72.0169435829	44.7171
4 4 4			-0.03		0.57		20.16		0.36106	0.8476	53.9354251327	76.9211
1 3 13			0.02		0.58		19.85		0.36131	0.3907	59.4200243294	11.5335
4 2 10			0.01		0.6		19.63		0.36122	1.1102	57.0442200735	11.3144
2 4 12			0.02		0.61		19.34		0.36108	0.2205	63.4791913795	4.8908
1 5 9			0.01		0.62		19.1		0.36073	0.4394	58.984264935	17.7365
0 0 18			0.01		0.63		18.9		0.36067	0.6609	73.530655613	37.988
1 1 9			0.02		0.65		18.62		0.36063	0.2216	37.1193146943	1.1702
4 4 0			-0.2		0.45		23.15		0.36063	4.9852	51.3853572345	648.027
1 7 5			-0.0		0.45		23.22		0.36124	1.0841	69.0835930101	99.7513
0 2 12			0.01		0.46		22.97		0.36079	0.3827	50.6142203783	17.5707
7 3 5			0.0		0.46		22.87		0.36129	1.0496	74.7140851895	88.0788
5 1 13			0.01		0.48		22.56		0.3615	0.4567	71.2764535317	11.3258
0 6 16			0.01		0.49		22.25		0.36161	0.4825	89.3859051251	7.6515
3 1 15			0.01		0.5		21.99		0.36171	0.2871	67.3554895111	7.7692
1 1 15			0.01		0.51		21.83		0.36187	0.656	61.3839959686	20.6242
4 0 6			-0.14		0.37		25.42		0.36079	5.3963	42.900258124	488.2208
2 0 12			0.01		0.38		25.15		0.36039	0.8079	50.6101057273	16.6151
4 0 10			0.0		0.38		25.11		0.36081	0.6243	53.7713327333	45.2096
0 4 20			0.01		0.39		24.83		0.36168	1.027	94.1654323607	18.6345
2 0 6			-0.0		0.39		24.93		0.36134	1.6278	29.1406672869	128.8477
1 7 1			0.01		0.4		24.76		0.36133	0.5219	65.7901743415	26.2984
1 3 15			0.01		0.41		24.5		0.36138	0.2862	67.3623786269	8.1809
1 3 1			0.0		0.41		24.44		0.36136	0.5324	28.3265170018	42.1271
2 0 10			0.01		0.42		24.3		0.36131	0.6169	42.9543880851	20.236
6 4 6			0.01		0.43		24.02		0.36131	0.9247	71.9614498967	41.9809
0 6 8			0.01		0.44		23.75		0.36121	0.7694	64.1950429677	5.6946
0 0 16			0.0		0.44		23.66		0.36194	1.3342	64.286058028	116.6634
0 2 10			0.0		0.45		23.55		0.3619	0.4317	42.9590557724	21.0204
5 1 9			0.01		0.46		23.34		0.36174	0.4583	58.9619928854	19.0838
0 6 0			0.01		0.46		23.16		0.36174	1.4277	54.7714555341	59.4019
3 7 5			0.0		0.47		23.07		0.36193	1.0548	74.7470539899	89.5814
4 4 10			0.0		0.47		23.07		0.36213	0.6886	66.23802526	47.6672
6 2 10			0.0		0.47		23.03		0.36232	0.7103	71.9901825081	43.9921
6 2 4			-0.01		0.46		23.32		0.36228	0.8727	60.3342977717	77.9073
4 0 8			-0.04		0.42		24.22		0.36264	2.9483	47.8850437629	244.3799
0 4 10			0.0		0.42		24.16		0.36283	0.9893	53.7871001638	44.1425
5 5 3			0.0		0.42		24.16		0.36277	0.8107	66.8760743485	64.1048
5 3 1			0.0		0.43		24.05		0.36276	0.5252	53.2386121167	32.835
2 4 0			0.0		0.43		23.95		0.36276	1.4359	40.0960076051	88.2765
0 2 8			0.01		0.44		23.71		0.36274	0.1155	35.7619852008	1.7384
1 5 1			0.0		0.45		23.6		0.36273	0.4978	46.196563203	27.3004