HKL Value		Reward		TotalReward	Chi Squared	Z Appr. 	Error	Two-Thetas	Sfs2
1 1 9			0.0		0.0		0.0		0.3	0.2216	37.1193146943	1.1702
1 5 13			0.0		0.0		6.02		0.28914	1.1973	71.2966048402	12.6128
5 3 7			-0.78		-0.78		27.84		0.32513	0.2523	60.5057581853	5.4388
1 7 7			0.38		-0.41		20.24		0.32664	0.4353	72.3061031614	6.1143
4 6 0			0.33		-0.08		15.19		0.32665	0.7863	67.1083315067	59.4729
4 2 6			0.25		0.17		12.16		0.32665	1.6049	46.7233273538	62.1975
7 1 7			0.11		0.29		10.91		0.32838	0.3505	72.2660298289	5.0526
6 4 0			0.17		0.45		9.36		0.32838	1.8287	67.0910631577	58.6803
2 4 8			0.08		0.54		8.64		0.33084	0.1687	51.4325245866	2.4593
0 2 20			3.76		4.3		1.81		0.35601	0.4494	86.0769303832	2.8517
1 5 11			-0.77		3.53		7.97		0.36186	1.8219	64.7342781598	204.7444
5 1 7			0.08		3.61		7.37		0.36192	0.2609	54.1000446603	4.252
3 5 7			0.07		3.67		6.91		0.36201	0.2309	60.5203777188	5.6046
5 5 7			0.07		3.74		6.46		0.36208	0.6639	72.2860687267	4.3062
1 5 7			0.06		3.8		6.09		0.36214	0.6035	54.1236034243	4.2528
1 3 7			0.05		3.86		5.79		0.36222	0.1893	39.2755843192	5.3372
2 0 14			0.07		3.92		5.43		0.36228	0.2634	58.6945218607	7.3942
0 6 2			0.04		3.96		5.23		0.36237	0.2356	55.3895592761	6.1752
4 6 2			0.03		3.99		5.09		0.36239	0.2349	67.657370766	5.5969
6 0 2			0.04		4.02		4.92		0.36248	0.2214	55.354768557	5.4487
6 0 8			0.03		4.05		4.78		0.36163	2.9234	64.163237895	5.3359
1 1 7			0.03		4.08		4.64		0.36173	0.2012	29.7561292971	6.5386
0 2 14			0.04		4.13		4.44		0.36201	0.2479	58.6982494177	6.3292
1 3 13			0.04		4.17		4.25		0.3624	0.3907	59.4200243294	11.5335
1 1 13			0.04		4.21		4.08		0.36258	0.3722	52.9310122384	10.9703
4 2 8			0.01		4.22		4.05		0.36209	0.7605	51.4203212226	2.5419
3 1 9			0.01		4.24		3.99		0.3617	0.36	45.2950695798	8.7768
3 1 7			0.02		4.26		3.9		0.36174	0.257	39.2655360855	5.205
2 4 14			0.03		4.29		3.8		0.36143	0.5221	70.6383718296	19.4111
4 4 2			-0.42		3.87		6.55		0.36185	1.2125	52.0311030722	128.6454
4 2 14			0.03		3.89		6.38		0.36156	1.2576	70.6282605877	19.9713
0 6 10			0.01		3.9		6.31		0.36141	0.8527	69.1637693973	8.5049
3 1 13			0.03		3.93		6.14		0.36182	0.3869	59.4126405656	11.7895
5 5 3			-0.08		3.85		6.65		0.36161	0.8107	66.8760743485	64.1048
4 2 2			-0.0		3.85		6.67		0.36164	0.457	40.8620305525	12.2524
2 0 8			0.03		3.88		6.48		0.36159	0.1665	35.7565424018	1.5727
4 4 8			-0.28		3.6		8.96		0.36265	3.9407	61.1479986878	218.5721
3 3 7			0.03		3.63		8.74		0.36266	0.1558	47.1418707618	3.5073
0 6 6			0.01		3.64		8.61		0.3624	1.0147	60.183190367	40.9583
6 2 8			-0.19		3.45		10.64		0.36314	3.3751	67.1207225085	222.106
6 0 6			0.02		3.47		10.47		0.36293	1.0815	60.1501886982	39.9969
3 3 13			0.02		3.49		10.22		0.36284	0.5636	65.4922780779	9.1158
6 0 10			0.01		3.51		10.09		0.3628	1.0728	69.1331306246	8.9056
2 4 6			-0.0		3.51		10.1		0.36248	0.785	46.7364348384	64.2552
5 5 1			0.01		3.52		10.01		0.36245	0.5073	65.769247456	23.9531
2 0 16			0.02		3.54		9.8		0.36261	0.5935	67.2372591268	11.8907
2 4 10			0.01		3.54		9.74		0.36257	0.607	57.0555982332	12.0937
0 6 18			0.02		3.56		9.54		0.36257	0.7949	98.0280769063	1.8601
3 5 9			0.0		3.56		9.53		0.36232	0.4755	65.0802252419	19.5165
0 6 14			0.01		3.58		9.4		0.36212	0.9096	81.7552219026	27.2955
1 5 9			0.01		3.59		9.31		0.36184	0.4394	58.984264935	17.7365
3 7 1			0.01		3.59		9.26		0.36181	1.2822	71.5694631273	22.2453
2 2 4			-0.08		3.52		10.05		0.36173	0.7551	29.4672289371	73.6026
0 0 20			-0.0		3.51		10.09		0.36337	0.4542	83.3712939521	4.3689
2 4 12			0.02		3.53		9.94		0.36334	0.2205	63.4791913795	4.8908
6 4 6			0.02		3.54		9.76		0.36332	0.9247	71.9614498967	41.9809
5 1 13			0.02		3.56		9.58		0.36332	0.4567	71.2764535317	11.3258
0 6 16			0.02		3.58		9.42		0.36324	0.4825	89.3859051251	7.6515
2 2 0			-0.54		3.04		20.46		0.36324	11.1953	25.0390113278	1035.9387
2 4 2			0.01		3.05		20.25		0.36325	0.3828	40.8766170199	13.2501
6 0 12			0.02		3.07		19.91		0.36325	0.5892	74.995462768	0.9301
9 1 1			0.01		3.08		19.67		0.36323	0.8793	87.9915459652	19.6393
0 6 8			0.01		3.09		19.4		0.36316	0.7694	64.1950429677	5.6946
1 3 11			-0.07		3.02		20.96		0.36318	2.4293	52.0561920156	298.4303
0 4 20			0.02		3.04		20.63		0.36321	1.027	94.1654323607	18.6345
3 1 15			0.01		3.05		20.36		0.36323	0.2871	67.3554895111	7.7692
0 6 4			-0.0		3.05		20.4		0.36325	0.6675	57.2171401797	42.9768
5 1 9			0.01		3.06		20.2		0.36316	0.4583	58.9619928854	19.0838
3 3 9			0.01		3.07		19.97		0.3631	0.3816	52.4524123761	12.0632
4 2 4			-0.01		3.06		20.24		0.36312	0.7624	43.1345383828	64.2766
4 2 10			0.01		3.07		20.05		0.36311	1.1102	57.0442200735	11.3144
3 1 11			-0.06		3.0		21.36		0.36313	2.3814	52.0481274199	292.2152
4 6 6			0.01		3.02		21.06		0.36311	1.1903	71.9781772466	41.9784
2 0 10			0.01		3.02		20.95		0.3631	0.6169	42.9543880851	20.236
0 6 0			0.01		3.03		20.76		0.3631	1.4277	54.7714555341	59.4019
0 4 0			-0.24		2.8		27.21		0.3631	6.137	35.7152072575	818.959
0 2 12			0.01		2.8		26.95		0.36302	0.3827	50.6142203783	17.5707
1 3 15			0.01		2.82		26.64		0.36304	0.2862	67.3623786269	8.1809
1 1 15			0.01		2.82		26.42		0.36309	0.656	61.3839959686	20.6242
0 0 16			0.01		2.83		26.2		0.36337	1.3342	64.286058028	116.6634
2 2 14			-0.0		2.83		26.21		0.3632	1.0835	61.7979105177	101.9829
7 1 5			0.0		2.83		26.2		0.3633	1.5264	69.0427278305	98.726
1 7 1			0.01		2.84		26.01		0.3633	0.5219	65.7901743415	26.2984
0 0 18			0.01		2.85		25.77		0.36335	0.6609	73.530655613	37.988
0 2 6			-0.01		2.84		25.91		0.36319	1.1672	29.1471999487	131.5155
0 2 8			0.01		2.86		25.61		0.36318	0.1155	35.7619852008	1.7384
1 1 11			-0.06		2.8		27.18		0.3632	2.144	44.8525636461	378.5934
0 2 10			0.01		2.8		27.03		0.36318	0.4317	42.9590557724	21.0204
6 4 2			0.01		2.81		26.75		0.36318	0.2211	67.6401768609	4.8049
6 2 10			0.0		2.82		26.65		0.36329	0.7103	71.9901825081	43.9921
0 4 6			-0.1		2.72		29.63		0.363	3.7688	42.9189471786	481.9509
4 4 10			0.0		2.72		29.54		0.36311	0.6886	66.23802526	47.6672
1 1 3			0.01		2.73		29.39		0.36308	0.4514	16.9416048235	36.8187
3 5 3			-0.0		2.72		29.46		0.36305	0.9259	54.5093201099	87.7589
5 5 5			0.0		2.73		29.34		0.36315	1.5862	69.0631626084	104.8873
5 1 1			0.01		2.73		29.16		0.36315	0.5346	46.1701152	26.7419
3 7 5			0.01		2.74		29.0		0.36324	1.0548	74.7470539899	89.5814
7 3 1			0.01		2.75		28.77		0.36324	0.5095	71.5359286583	22.1332
5 3 9			0.01		2.75		28.58		0.36316	0.4833	65.0662013285	20.8409
0 2 18			0.01		2.76		28.31		0.36316	0.3755	76.3208597895	3.7538
2 0 12			0.01		2.77		28.09		0.3631	0.8079	50.6101057273	16.6151
4 2 0			0.01		2.78		27.94		0.3631	0.9287	40.0811891304	86.5118