HKL Value		Reward		TotalReward	Chi Squared	Z Appr. 	Error	Two-Thetas	Sfs2
2 6 4			0.0		0.0		0.0		0.3	0.8772	60.3635846112	78.02
5 3 7			0.0		0.0		33.42		0.32981	0.2523	60.5057581853	5.4388
1 7 7			0.96		0.96		17.04		0.33142	0.4353	72.3061031614	6.1143
4 6 0			0.5		1.46		11.37		0.33142	0.7863	67.1083315067	59.4729
4 2 6			0.33		1.79		8.53		0.33142	1.6049	46.7233273538	62.1975
7 1 7			0.22		2.02		6.97		0.33263	0.3505	72.2660298289	5.0526
6 4 0			0.2		2.22		5.81		0.33263	1.8287	67.0910631577	58.6803
2 4 8			0.14		2.36		5.08		0.33371	0.1687	51.4325245866	2.4593
5 1 7			0.13		2.49		4.49		0.33431	0.2609	54.1000446603	4.252
0 2 20			0.1		2.59		4.09		0.33588	0.4494	86.0769303832	2.8517
3 5 7			0.11		2.7		3.68		0.33589	0.2309	60.5203777188	5.6046
1 5 7			0.1		2.8		3.35		0.33596	0.6035	54.1236034243	4.2528
5 5 7			0.08		2.88		3.1		0.33613	0.6639	72.2860687267	4.3062
1 3 7			0.08		2.96		2.87		0.33618	0.1893	39.2755843192	5.3372
6 0 2			0.01		2.97		2.85		0.33618	0.2214	55.354768557	5.4487
1 7 1			-0.12		2.85		3.23		0.33611	0.5219	65.7901743415	26.2984
3 1 15			-0.23		2.62		4.21		0.34552	0.2871	67.3554895111	7.7692
2 0 14			0.03		2.65		4.07		0.34619	0.2634	58.6945218607	7.3942
6 0 8			0.03		2.68		3.96		0.34649	2.9234	64.163237895	5.3359
0 6 2			0.01		2.69		3.91		0.34653	0.2356	55.3895592761	6.1752
4 6 2			0.02		2.71		3.84		0.34648	0.2349	67.657370766	5.5969
3 1 3			-0.17		2.53		4.66		0.34627	1.2003	30.3814370344	67.5761
1 1 7			0.04		2.57		4.49		0.34609	0.2012	29.7561292971	6.5386
1 1 13			-0.02		2.55		4.57		0.34609	0.3722	52.9310122384	10.9703
1 5 13			-0.03		2.53		4.69		0.34609	1.1973	71.2966048402	12.6128
3 3 7			0.04		2.57		4.52		0.34599	0.1558	47.1418707618	3.5073
0 2 14			0.03		2.6		4.39		0.34662	0.2479	58.6982494177	6.3292
4 2 14			-0.01		2.59		4.43		0.3482	1.2576	70.6282605877	19.9713
6 0 12			-0.03		2.55		4.58		0.36028	0.5892	74.995462768	0.9301
0 6 10			0.0		2.56		4.56		0.35883	0.8527	69.1637693973	8.5049
2 4 14			0.03		2.59		4.42		0.3584	0.5221	70.6383718296	19.4111
3 1 7			0.02		2.61		4.33		0.3584	0.257	39.2655360855	5.205
3 1 13			0.02		2.63		4.25		0.36102	0.3869	59.4126405656	11.7895
4 2 8			0.02		2.65		4.18		0.35973	0.7605	51.4203212226	2.5419
3 3 13			0.03		2.67		4.07		0.36064	0.5636	65.4922780779	9.1158
0 6 6			0.01		2.68		4.03		0.35983	1.0147	60.183190367	40.9583
5 5 1			-0.01		2.67		4.08		0.35965	0.5073	65.769247456	23.9531
2 4 6			-0.02		2.65		4.16		0.35783	0.785	46.7364348384	64.2552
5 3 11			-0.24		2.41		5.49		0.36005	1.8677	70.5420870211	204.0714