HKL Value		Reward		TotalReward	Chi Squared	Z Appr. 	Error	Two-Thetas	Sfs2
2 2 8			0.0		0.0		0.0		0.3	1.8488	40.1384116224	216.1995
5 3 7			0.0		0.0		88.21		0.37557	0.2523	60.5057581853	5.4388
1 7 7			0.99		0.99		44.32		0.37633	0.4353	72.3061031614	6.1143
4 6 0			0.5		1.49		29.56		0.37633	0.7863	67.1083315067	59.4729
1 3 3			-0.0		1.49		29.57		0.37425	0.7045	30.3940112777	66.1614
4 2 6			0.08		1.57		27.48		0.36731	1.6049	46.7233273538	62.1975
2 0 2			0.01		1.57		27.28		0.3671	0.6502	19.2320929378	35.9547
7 1 7			0.16		1.73		23.57		0.36777	0.3505	72.2660298289	5.0526
6 4 0			0.14		1.87		20.63		0.36777	1.8287	67.0910631577	58.6803
4 4 8			-0.25		1.62		27.6		0.37152	3.9407	61.1479986878	218.5721
2 4 8			0.06		1.69		25.92		0.36914	0.1687	51.4325245866	2.4593
1 5 9			0.06		1.75		24.43		0.36674	0.4394	58.984264935	17.7365
6 0 2			0.09		1.83		22.51		0.36708	0.2214	55.354768557	5.4487
0 2 20			0.08		1.91		20.88		0.3642	0.4494	86.0769303832	2.8517
5 1 7			0.07		1.98		19.48		0.36425	0.2609	54.1000446603	4.252
3 5 7			0.06		2.05		18.29		0.36431	0.2309	60.5203777188	5.6046
0 2 16			0.07		2.11		17.15		0.36437	1.8687	67.2407114996	13.8307
5 5 7			0.06		2.17		16.19		0.3644	0.6639	72.2860687267	4.3062
0 6 2			0.05		2.22		15.4		0.36444	0.2356	55.3895592761	6.1752
6 0 8			0.04		2.26		14.79		0.36404	2.9234	64.163237895	5.3359
1 5 1			0.01		2.27		14.67		0.36399	0.4978	46.196563203	27.3004
1 5 7			0.05		2.32		14.03		0.36403	0.6035	54.1236034243	4.2528
3 3 9			0.03		2.35		13.62		0.36369	0.3816	52.4524123761	12.0632
2 0 14			0.05		2.39		13.03		0.36363	0.2634	58.6945218607	7.3942
0 6 18			0.04		2.43		12.52		0.36364	0.7949	98.0280769063	1.8601
1 3 7			0.04		2.47		12.07		0.36368	0.1893	39.2755843192	5.3372
4 6 2			0.03		2.5		11.71		0.3637	0.2349	67.657370766	5.5969
1 5 13			0.04		2.54		11.28		0.36373	1.1973	71.2966048402	12.6128
3 1 11			-0.24		2.3		14.91		0.36371	2.3814	52.0481274199	292.2152
1 1 13			0.04		2.33		14.4		0.36364	0.3722	52.9310122384	10.9703
1 5 11			-0.1		2.24		15.92		0.36364	1.8219	64.7342781598	204.7444
2 4 14			0.03		2.27		15.48		0.36344	0.5221	70.6383718296	19.4111
5 1 1			0.01		2.27		15.37		0.36342	0.5346	46.1701152	26.7419
4 2 14			0.03		2.3		14.97		0.36322	1.2576	70.6282605877	19.9713
2 0 8			0.03		2.33		14.54		0.36317	0.1665	35.7565424018	1.5727
3 5 11			-0.07		2.26		15.65		0.36321	1.8915	70.5555824797	206.4699
0 6 10			0.02		2.28		15.34		0.36318	0.8527	69.1637693973	8.5049
4 6 6			0.03		2.31		14.93		0.36315	1.1903	71.9781772466	41.9784
5 5 1			0.02		2.32		14.7		0.36312	0.5073	65.769247456	23.9531
3 3 5			-0.07		2.26		15.73		0.36358	1.3995	42.8396693434	151.0913
1 3 13			0.03		2.28		15.34		0.36356	0.3907	59.4200243294	11.5335
3 5 5			-0.04		2.24		16.02		0.36391	1.2751	56.9624934876	133.7285
6 4 2			0.02		2.26		15.69		0.36391	0.2211	67.6401768609	4.8049
3 1 13			0.02		2.28		15.32		0.36388	0.3869	59.4126405656	11.7895
0 4 10			-0.0		2.28		15.36		0.36414	0.9893	53.7871001638	44.1425
0 6 16			0.02		2.3		15.05		0.36393	0.4825	89.3859051251	7.6515
4 2 8			0.02		2.32		14.82		0.36377	0.7605	51.4203212226	2.5419
2 4 10			0.01		2.33		14.65		0.36375	0.607	57.0555982332	12.0937
0 2 14			0.02		2.35		14.35		0.36375	0.2479	58.6982494177	6.3292
4 4 4			-0.05		2.3		15.11		0.36372	0.8476	53.9354251327	76.9211
0 6 0			0.01		2.31		14.94		0.36372	1.4277	54.7714555341	59.4019
1 1 7			0.02		2.33		14.68		0.36374	0.2012	29.7561292971	6.5386
0 6 6			0.01		2.34		14.48		0.36361	1.0147	60.183190367	40.9583
3 3 13			0.02		2.36		14.22		0.36349	0.5636	65.4922780779	9.1158
3 1 7			0.02		2.38		13.98		0.36351	0.257	39.2655360855	5.205
2 0 16			0.02		2.4		13.73		0.36352	0.5935	67.2372591268	11.8907
0 0 18			0.01		2.41		13.58		0.36362	0.6609	73.530655613	37.988
6 0 10			0.01		2.42		13.42		0.36361	1.0728	69.1331306246	8.9056
2 2 12			-0.11		2.31		15.02		0.36292	1.9766	54.0147953295	208.0279
0 4 14			-0.02		2.29		15.3		0.36251	1.2337	67.7597167724	121.3788
2 4 2			0.01		2.3		15.17		0.36252	0.3828	40.8766170199	13.2501
3 7 1			0.01		2.31		15.03		0.3625	1.2822	71.5694631273	22.2453
2 6 6			-0.15		2.17		17.59		0.36181	5.383	63.2392339525	346.2148
2 0 4			-0.05		2.12		18.47		0.36188	1.3874	23.4143586184	109.347
3 5 9			0.01		2.13		18.31		0.36167	0.4755	65.0802252419	19.5165
9 1 1			0.01		2.14		18.1		0.36164	0.8793	87.9915459652	19.6393
7 3 1			0.01		2.15		17.93		0.36162	0.5095	71.5359286583	22.1332
2 4 6			0.01		2.16		17.8		0.36135	0.785	46.7364348384	64.2552
6 0 6			0.01		2.17		17.58		0.36118	1.0815	60.1501886982	39.9969
7 1 3			-0.01		2.16		17.74		0.36105	1.4031	66.8553232335	91.2915
6 4 6			0.01		2.17		17.49		0.36105	0.9247	71.9614498967	41.9809
2 4 12			0.01		2.19		17.25		0.36095	0.2205	63.4791913795	4.8908
0 6 14			0.01		2.2		17.05		0.36081	0.9096	81.7552219026	27.2955
3 5 3			-0.01		2.19		17.29		0.36069	0.9259	54.5093201099	87.7589
1 3 5			-0.05		2.13		18.24		0.36126	3.1323	34.189462707	190.138
4 2 2			0.01		2.14		18.09		0.36128	0.457	40.8620305525	12.2524
4 2 10			0.01		2.15		17.93		0.36122	1.1102	57.0442200735	11.3144
3 1 15			0.01		2.16		17.74		0.36131	0.2871	67.3554895111	7.7692
0 6 4			-0.0		2.16		17.82		0.36136	0.6675	57.2171401797	42.9768
3 3 7			0.01		2.17		17.6		0.36136	0.1558	47.1418707618	3.5073
5 1 13			0.01		2.18		17.39		0.36151	0.4567	71.2764535317	11.3258
4 2 12			0.01		2.19		17.19		0.36141	0.2244	63.468523569	4.7972
0 2 12			0.01		2.2		17.05		0.36116	0.3827	50.6142203783	17.5707
4 2 0			0.0		2.2		17.0		0.36116	0.9287	40.0811891304	86.5118
1 1 15			0.0		2.21		16.92		0.36133	0.656	61.3839959686	20.6242
6 2 8			-0.05		2.16		17.78		0.36186	3.3751	67.1207225085	222.106
1 7 1			0.0		2.17		17.71		0.36184	0.5219	65.7901743415	26.2984
0 4 20			0.01		2.18		17.52		0.36218	1.027	94.1654323607	18.6345
0 2 8			0.01		2.19		17.32		0.36217	0.1155	35.7619852008	1.7384
6 2 0			-0.15		2.04		20.3		0.36217	4.3933	57.9728440251	566.5186
0 2 10			0.0		2.04		20.22		0.36213	0.4317	42.9590557724	21.0204
2 0 10			0.0		2.05		20.14		0.36209	0.6169	42.9543880851	20.236
2 2 16			0.01		2.05		20.03		0.36254	1.1693	70.1293332912	108.6018
1 1 9			0.01		2.06		19.82		0.36254	0.2216	37.1193146943	1.1702
0 0 16			0.0		2.07		19.73		0.36297	1.3342	64.286058028	116.6634
4 4 0			-0.14		1.93		22.95		0.36297	4.9852	51.3853572345	648.027
7 3 5			0.0		1.93		22.85		0.36309	1.0496	74.7140851895	88.0788
0 0 22			0.01		1.94		22.64		0.36311	2.2765	94.0325860765	137.6091
3 7 5			0.0		1.95		22.55		0.36322	1.0548	74.7470539899	89.5814
2 6 4			-0.01		1.93		22.83		0.3632	0.8772	60.3635846112	78.02
6 2 6			-0.06		1.87		24.35		0.36285	3.9921	63.2107357729	344.5633
3 3 3			-0.0		1.87		24.36		0.36282	0.8081	39.7679129272	70.9373