HKL Value		Reward		TotalReward	Chi Squared	Z Appr. 	Error	Two-Thetas	Sfs2
5 3 7			0.0		0.0		0.0		0.3	0.2523	60.5057581853	5.4388
1 7 7			0.0		0.0		0.08		0.33542	0.4353	72.3061031614	6.1143
0 4 16			-0.99		-0.99		9.88		0.32655	1.5557	75.7704700384	94.8658
4 6 0			0.5		-0.5		6.6		0.32655	0.7863	67.1083315067	59.4729
4 2 6			0.33		-0.16		4.95		0.32656	1.6049	46.7233273538	62.1975
7 1 7			-0.01		-0.17		4.98		0.32787	0.3505	72.2660298289	5.0526
6 4 0			0.2		0.03		4.15		0.32787	1.8287	67.0910631577	58.6803
2 4 8			-0.02		0.01		4.24		0.32899	0.1687	51.4325245866	2.4593
5 1 7			0.02		0.03		4.15		0.33002	0.2609	54.1000446603	4.252
0 2 20			-0.15		-0.11		4.85		0.33439	0.4494	86.0769303832	2.8517
3 5 7			0.11		-0.0		4.38		0.33446	0.2309	60.5203777188	5.6046
5 5 7			0.08		0.07		4.06		0.33468	0.6639	72.2860687267	4.3062
1 5 7			0.08		0.16		3.74		0.33478	0.6035	54.1236034243	4.2528
2 0 14			0.06		0.22		3.52		0.33452	0.2634	58.6945218607	7.3942
1 3 7			0.07		0.29		3.29		0.33462	0.1893	39.2755843192	5.3372
2 4 12			0.58		0.87		2.09		0.36338	0.2205	63.4791913795	4.8908
6 0 8			-0.03		0.84		2.14		0.36281	2.9234	64.163237895	5.3359
4 6 6			0.06		0.9		2.02		0.36273	1.1903	71.9781772466	41.9784
0 6 2			-0.0		0.9		2.02		0.3628	0.2356	55.3895592761	6.1752
6 0 2			0.01		0.91		2.0		0.36286	0.2214	55.354768557	5.4487
1 7 5			-0.37		0.54		3.18		0.36372	1.0841	69.0835930101	99.7513
4 6 2			0.01		0.55		3.15		0.36374	0.2349	67.657370766	5.5969
1 5 13			0.05		0.6		3.01		0.36376	1.1973	71.2966048402	12.6128
2 4 14			0.01		0.61		2.97		0.36346	0.5221	70.6383718296	19.4111
1 1 13			0.04		0.65		2.85		0.36342	0.3722	52.9310122384	10.9703
4 2 14			0.01		0.66		2.83		0.36317	1.2576	70.6282605877	19.9713
2 2 6			-0.84		-0.18		17.24		0.36092	8.3224	34.2684003079	615.2447
0 2 16			0.03		-0.14		16.68		0.36174	1.8687	67.2407114996	13.8307
7 1 1			0.01		-0.13		16.46		0.3617	0.5207	65.7483230412	25.2044
0 6 10			0.03		-0.1		16.04		0.3616	0.8527	69.1637693973	8.5049
0 2 14			0.03		-0.07		15.52		0.36172	0.2479	58.6982494177	6.3292
3 1 7			0.03		-0.04		15.06		0.36175	0.257	39.2655360855	5.205
3 1 13			0.03		-0.01		14.61		0.36202	0.3869	59.4126405656	11.7895
4 2 8			0.03		0.02		14.25		0.36166	0.7605	51.4203212226	2.5419
0 0 8			-0.14		-0.13		16.66		0.36246	2.1948	30.8548203523	183.9052
5 5 1			0.02		-0.11		16.36		0.36243	0.5073	65.769247456	23.9531
1 1 7			0.03		-0.08		15.95		0.36245	0.2012	29.7561292971	6.5386
0 6 6			0.02		-0.06		15.62		0.36221	1.0147	60.183190367	40.9583
3 3 13			0.03		-0.03		15.21		0.3622	0.5636	65.4922780779	9.1158
2 4 6			0.01		-0.03		15.07		0.36184	0.785	46.7364348384	64.2552
0 0 10			-0.01		-0.03		15.18		0.36223	0.8316	38.8438017949	41.7013
2 4 10			0.01		-0.02		14.98		0.36217	0.607	57.0555982332	12.0937
2 0 16			0.02		0.0		14.64		0.36237	0.5935	67.2372591268	11.8907
9 1 1			0.02		0.02		14.42		0.36235	0.8793	87.9915459652	19.6393
6 0 10			0.02		0.03		14.2		0.36231	1.0728	69.1331306246	8.9056
0 6 18			0.02		0.06		13.89		0.36231	0.7949	98.0280769063	1.8601
3 5 9			0.01		0.06		13.78		0.36204	0.4755	65.0802252419	19.5165
3 7 1			0.01		0.08		13.63		0.36201	1.2822	71.5694631273	22.2453
0 6 14			0.02		0.09		13.41		0.36181	0.9096	81.7552219026	27.2955
3 5 5			-0.05		0.05		14.07		0.3623	1.2751	56.9624934876	133.7285
2 4 2			0.01		0.05		13.94		0.36232	0.3828	40.8766170199	13.2501
4 2 2			0.01		0.06		13.81		0.36234	0.457	40.8620305525	12.2524
6 0 6			0.01		0.08		13.61		0.36216	1.0815	60.1501886982	39.9969
4 2 10			0.01		0.09		13.47		0.3621	1.1102	57.0442200735	11.3144
3 3 7			0.02		0.11		13.24		0.36211	0.1558	47.1418707618	3.5073
0 4 0			-0.4		-0.3		22.17		0.36211	6.137	35.7152072575	818.959
2 0 8			0.02		-0.28		21.78		0.36208	0.1665	35.7565424018	1.5727
4 0 4			-0.02		-0.3		22.3		0.362	1.2165	39.0343929222	79.1487
0 2 12			0.01		-0.29		22.02		0.36169	0.3827	50.6142203783	17.5707
2 2 12			-0.05		-0.34		23.23		0.35777	1.9766	54.0147953295	208.0279
0 2 6			-0.0		-0.34		23.28		0.35518	1.1672	29.1471999487	131.5155
3 3 9			0.02		-0.33		22.9		0.35494	0.3816	52.4524123761	12.0632
1 3 13			0.01		-0.31		22.62		0.35543	0.3907	59.4200243294	11.5335
1 5 9			0.02		-0.3		22.26		0.35516	0.4394	58.984264935	17.7365
0 0 18			0.01		-0.28		21.94		0.35441	0.6609	73.530655613	37.988
5 1 13			0.01		-0.27		21.68		0.3547	0.4567	71.2764535317	11.3258
0 6 16			0.01		-0.26		21.41		0.35473	0.4825	89.3859051251	7.6515
1 1 9			0.01		-0.24		21.11		0.35536	0.2216	37.1193146943	1.1702
1 1 15			0.01		-0.24		21.0		0.35555	0.656	61.3839959686	20.6242
7 1 5			-0.01		-0.25		21.17		0.35933	1.5264	69.0427278305	98.726
3 1 15			0.01		-0.24		20.92		0.35964	0.2871	67.3554895111	7.7692
2 2 16			0.0		-0.23		20.84		0.36156	1.1693	70.1293332912	108.6018
1 7 1			0.01		-0.23		20.71		0.36154	0.5219	65.7901743415	26.2984
3 5 3			-0.01		-0.23		20.9		0.36143	0.9259	54.5093201099	87.7589
0 4 20			0.01		-0.22		20.64		0.36196	1.027	94.1654323607	18.6345
4 0 12			-0.03		-0.25		21.33		0.36123	2.7435	60.4154589103	161.2613
1 3 15			0.01		-0.24		21.1		0.3613	0.2862	67.3623786269	8.1809
2 0 10			0.01		-0.24		20.99		0.36124	0.6169	42.9543880851	20.236
4 0 14			-0.01		-0.24		21.11		0.36093	1.986	67.7459682929	124.3248
0 0 16			0.0		-0.24		21.05		0.36168	1.3342	64.286058028	116.6634
5 1 1			0.01		-0.24		20.94		0.36167	0.5346	46.1701152	26.7419
6 4 6			0.01		-0.22		20.68		0.36167	0.9247	71.9614498967	41.9809
2 0 4			-0.03		-0.25		21.31		0.3617	1.3874	23.4143586184	109.347
1 3 1			0.0		-0.25		21.29		0.3617	0.5324	28.3265170018	42.1271
0 2 10			0.0		-0.25		21.2		0.36165	0.4317	42.9590557724	21.0204
0 6 0			0.01		-0.24		21.02		0.36165	1.4277	54.7714555341	59.4019
2 2 8			-0.04		-0.28		21.98		0.362	1.8488	40.1384116224	216.1995
5 1 9			0.01		-0.27		21.8		0.36186	0.4583	58.9619928854	19.0838
4 4 6			-0.09		-0.36		23.83		0.36132	4.3817	57.0116572758	400.3855
4 4 10			0.0		-0.36		23.83		0.36151	0.6886	66.23802526	47.6672
4 0 2			-0.03		-0.39		24.54		0.3616	1.7854	36.5531212028	138.5255
0 6 8			0.01		-0.38		24.29		0.36152	0.7694	64.1950429677	5.6946
6 2 10			0.0		-0.38		24.24		0.3617	0.7103	71.9901825081	43.9921
3 7 5			0.0		-0.37		24.15		0.36188	1.0548	74.7470539899	89.5814
0 4 10			0.0		-0.37		24.1		0.36205	0.9893	53.7871001638	44.1425
2 4 0			0.0		-0.37		23.99		0.36205	1.4359	40.0960076051	88.2765
2 2 10			0.0		-0.36		23.96		0.36223	0.6429	46.7739448495	44.8949
0 4 18			0.01		-0.35		23.72		0.36223	0.8369	84.5238780681	17.4513
4 2 0			0.0		-0.35		23.61		0.36223	0.9287	40.0811891304	86.5118
5 5 3			0.0		-0.35		23.6		0.3622	0.8107	66.8760743485	64.1048
5 3 1			0.0		-0.35		23.51		0.36218	0.5252	53.2386121167	32.835
1 1 3			0.0		-0.34		23.43		0.36214	0.4514	16.9416048235	36.8187