HKL Value		Reward		TotalReward	Chi Squared	Z Appr. 	Error	Two-Thetas	Sfs2
5 3 7			0.0		0.0		0.0		0.3	0.2523	60.5057581853	5.4388
1 7 7			0.0		0.0		0.08		0.33542	0.4353	72.3061031614	6.1143
4 6 0			0.29		0.29		0.06		0.33542	0.7863	67.1083315067	59.4729
4 2 6			0.43		0.72		0.04		0.33544	1.6049	46.7233273538	62.1975
7 1 7			0.26		0.98		0.03		0.33563	0.3505	72.2660298289	5.0526
6 4 0			0.14		1.12		0.03		0.33563	1.8287	67.0910631577	58.6803
0 2 20			-0.23		0.89		0.04		0.33646	0.4494	86.0769303832	2.8517
2 4 8			0.16		1.05		0.03		0.33648	0.1687	51.4325245866	2.4593
5 1 7			0.04		1.09		0.03		0.33653	0.2609	54.1000446603	4.252
3 5 7			0.1		1.19		0.03		0.33651	0.2309	60.5203777188	5.6046
2 0 4			-1.0		0.2		8.45		0.33702	1.3874	23.4143586184	109.347
5 5 7			0.1		0.29		7.7		0.33721	0.6639	72.2860687267	4.3062
3 3 7			0.09		0.38		7.08		0.3375	0.1558	47.1418707618	3.5073
1 3 7			0.08		0.46		6.54		0.3375	0.1893	39.2755843192	5.3372
1 5 7			0.08		0.54		6.07		0.33749	0.6035	54.1236034243	4.2528
1 1 7			0.07		0.61		5.67		0.33752	0.2012	29.7561292971	6.5386
2 0 14			0.04		0.65		5.47		0.3369	0.2634	58.6945218607	7.3942
6 0 8			0.04		0.69		5.25		0.33669	2.9234	64.163237895	5.3359
0 2 14			0.04		0.73		5.05		0.33629	0.2479	58.6982494177	6.3292
4 0 14			-0.23		0.5		6.56		0.35515	1.986	67.7459682929	124.3248
6 0 2			0.03		0.53		6.34		0.35524	0.2214	55.354768557	5.4487
0 6 2			0.03		0.56		6.17		0.35534	0.2356	55.3895592761	6.1752
2 2 16			-0.09		0.47		6.8		0.36265	1.1693	70.1293332912	108.6018
2 0 8			0.04		0.51		6.51		0.36256	0.1665	35.7565424018	1.5727
2 6 6			-0.51		0.0		13.36		0.35922	5.383	63.2392339525	346.2148
3 1 7			0.04		0.04		12.89		0.35925	0.257	39.2655360855	5.205
4 2 8			0.04		0.08		12.43		0.35845	0.7605	51.4203212226	2.5419
0 6 18			0.04		0.11		11.99		0.35842	0.7949	98.0280769063	1.8601
4 6 2			0.03		0.14		11.66		0.35842	0.2349	67.657370766	5.5969
1 5 13			0.03		0.17		11.36		0.35981	1.1973	71.2966048402	12.6128
0 6 10			0.02		0.19		11.11		0.3595	0.8527	69.1637693973	8.5049
4 2 14			0.03		0.22		10.78		0.35926	1.2576	70.6282605877	19.9713
6 0 6			0.03		0.25		10.49		0.35863	1.0815	60.1501886982	39.9969
0 6 6			0.03		0.27		10.22		0.358	1.0147	60.183190367	40.9583
3 1 13			0.02		0.29		10.01		0.35911	0.3869	59.4126405656	11.7895
6 4 6			0.03		0.32		9.73		0.35936	0.9247	71.9614498967	41.9809
4 2 2			0.01		0.33		9.66		0.3594	0.457	40.8620305525	12.2524
1 3 11			-0.24		0.09		12.66		0.36055	2.4293	52.0561920156	298.4303
1 1 9			0.03		0.12		12.33		0.3605	0.2216	37.1193146943	1.1702
2 4 6			0.01		0.13		12.22		0.35994	0.785	46.7364348384	64.2552
0 6 12			0.03		0.15		11.92		0.35987	0.3425	75.0250979777	1.887
6 0 12			0.02		0.18		11.63		0.35994	0.5892	74.995462768	0.9301
6 0 10			0.02		0.19		11.45		0.35981	1.0728	69.1331306246	8.9056
2 4 14			0.02		0.22		11.2		0.35972	0.5221	70.6383718296	19.4111
5 1 5			-0.07		0.14		12.11		0.36053	1.1901	50.2495039981	127.1383
0 6 14			0.02		0.16		11.9		0.36035	0.9096	81.7552219026	27.2955
2 4 12			0.02		0.18		11.65		0.36018	0.2205	63.4791913795	4.8908
1 1 13			0.02		0.2		11.43		0.36049	0.3722	52.9310122384	10.9703
3 3 13			0.02		0.22		11.2		0.36067	0.5636	65.4922780779	9.1158
2 0 16			0.02		0.24		11.01		0.36106	0.5935	67.2372591268	11.8907
0 6 8			0.02		0.26		10.81		0.36089	0.7694	64.1950429677	5.6946
0 2 8			0.02		0.28		10.6		0.36088	0.1155	35.7619852008	1.7384
3 7 1			0.01		0.28		10.52		0.36085	1.2822	71.5694631273	22.2453
1 3 13			0.02		0.3		10.34		0.36107	0.3907	59.4200243294	11.5335
5 1 13			0.02		0.32		10.16		0.36125	0.4567	71.2764535317	11.3258
2 4 10			0.01		0.33		10.1		0.36118	0.607	57.0555982332	12.0937
6 4 2			0.01		0.34		9.96		0.36118	0.2211	67.6401768609	4.8049
0 2 4			-0.1		0.24		11.07		0.36126	1.326	23.4223631322	110.0283
6 2 8			-0.11		0.13		12.44		0.36186	3.3751	67.1207225085	222.106
1 5 9			0.01		0.14		12.31		0.36165	0.4394	58.984264935	17.7365
5 3 9			0.0		0.14		12.26		0.36143	0.4833	65.0662013285	20.8409
0 6 16			0.02		0.16		12.06		0.36151	0.4825	89.3859051251	7.6515
9 1 1			0.01		0.17		11.95		0.3615	0.8793	87.9915459652	19.6393
3 3 9			0.01		0.18		11.81		0.36134	0.3816	52.4524123761	12.0632
3 3 5			-0.06		0.12		12.53		0.36173	1.3995	42.8396693434	151.0913
2 4 2			0.01		0.13		12.46		0.36175	0.3828	40.8766170199	13.2501
1 3 15			0.01		0.14		12.32		0.36182	0.2862	67.3623786269	8.1809
5 5 1			0.01		0.15		12.23		0.3618	0.5073	65.769247456	23.9531
5 1 9			0.01		0.16		12.13		0.3616	0.4583	58.9619928854	19.0838
0 0 16			-0.0		0.15		12.16		0.36234	1.3342	64.286058028	116.6634
0 2 12			0.01		0.16		12.08		0.36219	0.3827	50.6142203783	17.5707
3 5 9			0.0		0.16		12.03		0.36203	0.4755	65.0802252419	19.5165
0 6 0			0.01		0.17		11.96		0.36203	1.4277	54.7714555341	59.4019
4 6 6			0.01		0.18		11.79		0.36202	1.1903	71.9781772466	41.9784
0 4 20			0.01		0.2		11.65		0.3623	1.027	94.1654323607	18.6345
4 2 10			0.01		0.2		11.58		0.36227	1.1102	57.0442200735	11.3144
3 1 15			0.01		0.21		11.46		0.36231	0.2871	67.3554895111	7.7692
1 1 15			0.0		0.22		11.44		0.36238	0.656	61.3839959686	20.6242
0 2 16			0.01		0.23		11.31		0.3625	1.8687	67.2407114996	13.8307
3 1 9			0.01		0.24		11.2		0.36244	0.36	45.2950695798	8.7768
1 7 1			-0.0		0.24		11.2		0.36242	0.5219	65.7901743415	26.2984
0 0 20			-0.0		0.24		11.21		0.36321	0.4542	83.3712939521	4.3689
0 0 18			0.01		0.24		11.13		0.36327	0.6609	73.530655613	37.988
6 4 4			-0.0		0.24		11.16		0.36328	0.6669	69.2748711385	33.991
5 1 1			-0.0		0.24		11.17		0.36327	0.5346	46.1701152	26.7419
4 4 4			-0.04		0.2		11.64		0.36326	0.8476	53.9354251327	76.9211