HKL Value		Reward		TotalReward	Chi Squared	Z Appr. 	Error	Two-Thetas	Sfs2
5 3 7			0.0		0.0		0.0		0.3	0.2523	60.5057581853	5.4388
4 2 14			0.0		0.0		8.92		0.32957	1.2576	70.6282605877	19.9713
1 7 7			0.83		0.83		4.89		0.3309	0.4353	72.3061031614	6.1143
4 6 0			0.49		1.32		3.27		0.3309	0.7863	67.1083315067	59.4729
7 1 5			-0.21		1.11		4.15		0.38435	1.5264	69.0427278305	98.726
4 2 6			-0.59		0.51		10.21		0.38115	1.6049	46.7233273538	62.1975
7 1 7			0.2		0.71		8.54		0.37995	0.3505	72.2660298289	5.0526
6 4 0			0.17		0.88		7.33		0.37995	1.8287	67.0910631577	58.6803
2 4 8			-0.03		0.85		7.54		0.38288	0.1687	51.4325245866	2.4593
1 7 5			0.0		0.85		7.53		0.38374	1.0841	69.0835930101	99.7513
5 1 7			0.08		0.93		6.97		0.38256	0.2609	54.1000446603	4.252
2 2 2			-0.47		0.46		13.05		0.38337	1.1162	26.2109248846	125.5642
0 2 20			0.07		0.54		12.17		0.3851	0.4494	86.0769303832	2.8517
0 6 2			0.08		0.62		11.26		0.38512	0.2356	55.3895592761	6.1752
3 5 7			0.06		0.68		10.64		0.38477	0.2309	60.5203777188	5.6046
6 0 8			0.04		0.72		10.23		0.38505	2.9234	64.163237895	5.3359
5 5 7			0.03		0.74		9.96		0.38452	0.6639	72.2860687267	4.3062
1 1 13			-0.39		0.35		16.42		0.38442	0.3722	52.9310122384	10.9703
0 6 18			0.77		1.12		9.27		0.36347	0.7949	98.0280769063	1.8601
4 6 2			0.04		1.16		8.93		0.36347	0.2349	67.657370766	5.5969
0 4 12			-0.22		0.94		11.46		0.35251	1.4889	60.4300914167	161.7651
2 6 0			-0.52		0.41		24.04		0.35251	4.3567	58.0028534629	558.9791
1 5 7			0.04		0.46		23.01		0.35244	0.6035	54.1236034243	4.2528
5 5 3			0.0		0.46		22.9		0.35216	0.8107	66.8760743485	64.1048
4 2 12			0.04		0.5		22.11		0.35462	0.2244	63.468523569	4.7972
6 0 2			0.04		0.54		21.32		0.35467	0.2214	55.354768557	5.4487
0 6 16			0.03		0.57		20.66		0.35471	0.4825	89.3859051251	7.6515
5 5 1			0.03		0.6		20.1		0.35461	0.5073	65.769247456	23.9531
1 3 7			0.03		0.63		19.44		0.35459	0.1893	39.2755843192	5.3372
1 5 13			0.02		0.66		18.97		0.35525	1.1973	71.2966048402	12.6128
2 0 14			0.03		0.69		18.35		0.35509	0.2634	58.6945218607	7.3942
0 6 10			0.03		0.72		17.86		0.35485	0.8527	69.1637693973	8.5049
2 4 14			0.03		0.75		17.32		0.35501	0.5221	70.6383718296	19.4111
1 3 9			0.03		0.78		16.8		0.35532	0.2622	45.3040218183	7.1674
1 3 13			0.02		0.8		16.45		0.35618	0.3907	59.4200243294	11.5335
4 6 6			0.03		0.83		16.01		0.35718	1.1903	71.9781772466	41.9784
3 1 13			0.02		0.85		15.65		0.35997	0.3869	59.4126405656	11.7895
2 4 12			0.03		0.88		15.23		0.35932	0.2205	63.4791913795	4.8908
2 4 2			0.01		0.89		15.04		0.35932	0.3828	40.8766170199	13.2501
1 3 15			0.02		0.91		14.76		0.36002	0.2862	67.3623786269	8.1809
2 0 8			0.03		0.94		14.39		0.36002	0.1665	35.7565424018	1.5727
1 1 7			0.02		0.96		14.08		0.36005	0.2012	29.7561292971	6.5386
0 6 6			0.02		0.98		13.8		0.35904	1.0147	60.183190367	40.9583
3 5 9			0.02		0.99		13.58		0.35691	0.4755	65.0802252419	19.5165
6 0 10			0.02		1.01		13.36		0.35661	1.0728	69.1331306246	8.9056
3 1 7			0.02		1.03		13.1		0.3566	0.257	39.2655360855	5.205
3 7 1			0.01		1.04		12.94		0.35649	1.2822	71.5694631273	22.2453
2 4 6			0.01		1.06		12.77		0.35577	0.785	46.7364348384	64.2552
0 0 14			-0.0		1.06		12.78		0.35602	0.8389	55.4890953336	74.9432
3 3 13			0.02		1.07		12.57		0.3565	0.5636	65.4922780779	9.1158
2 0 16			0.01		1.08		12.44		0.35755	0.5935	67.2372591268	11.8907
9 1 1			0.01		1.09		12.29		0.35747	0.8793	87.9915459652	19.6393
4 2 2			0.01		1.1		12.2		0.35748	0.457	40.8620305525	12.2524
2 6 2			-0.1		1.0		13.57		0.3585	1.2892	58.5985395934	134.3564
0 2 6			-0.02		0.98		13.84		0.35623	1.1672	29.1471999487	131.5155
0 2 14			0.02		1.0		13.61		0.35612	0.2479	58.6982494177	6.3292
4 2 10			0.01		1.01		13.45		0.35589	1.1102	57.0442200735	11.3144
0 6 14			0.02		1.03		13.25		0.35598	0.9096	81.7552219026	27.2955
4 0 4			-0.05		0.98		13.88		0.35566	1.2165	39.0343929222	79.1487
4 2 8			0.02		1.0		13.64		0.35558	0.7605	51.4203212226	2.5419
2 4 10			0.01		1.01		13.5		0.35541	0.607	57.0555982332	12.0937
0 6 0			0.01		1.02		13.39		0.35541	1.4277	54.7714555341	59.4019
0 0 12			-0.08		0.93		14.61		0.3527	3.2426	47.0346015839	274.3783
1 1 17			-0.05		0.88		15.38		0.35274	2.447	70.2810461715	248.4175
3 3 15			0.02		0.9		15.15		0.35264	0.3402	73.0835579415	3.8877
3 1 11			-0.11		0.79		16.99		0.35362	2.3814	52.0481274199	292.2152
0 4 6			-0.18		0.61		20.72		0.35293	3.7688	42.9189471786	481.9509
1 1 15			0.01		0.61		20.61		0.35281	0.656	61.3839959686	20.6242
6 0 6			0.01		0.63		20.31		0.3528	1.0815	60.1501886982	39.9969
0 4 20			-0.03		0.6		20.93		0.35689	1.027	94.1654323607	18.6345
0 4 16			-0.0		0.6		20.95		0.35818	1.5557	75.7704700384	94.8658
1 7 1			0.01		0.61		20.8		0.35816	0.5219	65.7901743415	26.2984
1 5 1			0.01		0.61		20.68		0.35813	0.4978	46.196563203	27.3004
0 2 8			0.01		0.63		20.4		0.35813	0.1155	35.7619852008	1.7384
5 5 5			-0.0		0.62		20.46		0.35851	1.5862	69.0631626084	104.8873
5 1 3			-0.0		0.62		20.52		0.35843	0.9592	47.5591860667	88.1873
2 0 2			-0.0		0.62		20.59		0.35841	0.6502	19.2320929378	35.9547