HKL Value		Reward		TotalReward	Chi Squared	Z Appr. 	Error	Two-Thetas	Sfs2
5 3 7			0.0		0.0		0.0		0.3	0.2523	60.5057581853	5.4388
1 7 7			0.0		0.0		0.08		0.33542	0.4353	72.3061031614	6.1143
1 3 15			-0.96		-0.96		1.73		0.34763	0.2862	67.3623786269	8.1809
4 6 0			0.48		-0.47		1.17		0.34763	0.7863	67.1083315067	59.4729
2 4 4			-0.9		-1.38		11.81		0.3484	0.8182	43.1484985256	64.6996
4 2 6			0.23		-1.15		9.6		0.34796	1.6049	46.7233273538	62.1975
0 2 12			0.12		-1.03		8.59		0.35183	0.3827	50.6142203783	17.5707
7 1 7			0.13		-0.9		7.61		0.35174	0.3505	72.2660298289	5.0526
6 4 0			0.14		-0.76		6.66		0.35174	1.8287	67.0910631577	58.6803
2 4 8			0.12		-0.63		5.94		0.35198	0.1687	51.4325245866	2.4593
5 1 7			0.08		-0.55		5.48		0.35189	0.2609	54.1000446603	4.252
0 2 20			0.09		-0.46		5.04		0.35258	0.4494	86.0769303832	2.8517
1 3 13			-0.02		-0.48		5.12		0.3533	0.3907	59.4200243294	11.5335
3 5 7			0.05		-0.43		4.88		0.3532	0.2309	60.5203777188	5.6046
0 6 18			0.08		-0.35		4.53		0.35312	0.7949	98.0280769063	1.8601
6 0 8			0.07		-0.28		4.24		0.35338	2.9234	64.163237895	5.3359
5 5 7			0.05		-0.23		4.04		0.35333	0.6639	72.2860687267	4.3062
0 6 2			0.02		-0.22		3.96		0.3534	0.2356	55.3895592761	6.1752
0 0 20			-0.17		-0.39		4.78		0.36421	0.4542	83.3712939521	4.3689
1 5 7			0.04		-0.35		4.6		0.36422	0.6035	54.1236034243	4.2528
6 0 2			0.03		-0.31		4.44		0.36424	0.2214	55.354768557	5.4487
4 6 2			0.02		-0.29		4.36		0.36425	0.2349	67.657370766	5.5969
4 2 10			-0.02		-0.32		4.47		0.36423	1.1102	57.0442200735	11.3144
0 6 16			0.03		-0.28		4.32		0.36395	0.4825	89.3859051251	7.6515
1 1 13			0.04		-0.24		4.14		0.36389	0.3722	52.9310122384	10.9703
2 0 14			0.04		-0.2		3.98		0.36386	0.2634	58.6945218607	7.3942
1 3 7			0.03		-0.17		3.88		0.36388	0.1893	39.2755843192	5.3372
2 4 10			-0.03		-0.2		4.01		0.36386	0.607	57.0555982332	12.0937
1 5 13			0.04		-0.17		3.86		0.36386	1.1973	71.2966048402	12.6128
0 4 8			-0.46		-0.62		7.09		0.3642	4.1351	47.9021960727	235.0989
5 3 1			-0.03		-0.66		7.34		0.36418	0.5252	53.2386121167	32.835
1 5 9			0.0		-0.65		7.32		0.36404	0.4394	58.984264935	17.7365
0 0 2			-0.21		-0.87		9.3		0.36411	1.161	7.62646333295	98.931
2 2 0			-0.68		-1.54		28.71		0.36411	11.1953	25.0390113278	1035.9387
5 5 1			0.02		-1.52		28.05		0.36409	0.5073	65.769247456	23.9531
2 4 14			0.03		-1.49		27.32		0.36397	0.5221	70.6383718296	19.4111
2 2 2			-0.05		-1.55		28.9		0.36405	1.1162	26.2109248846	125.5642
2 4 12			0.03		-1.52		28.17		0.36402	0.2205	63.4791913795	4.8908
6 2 10			0.01		-1.51		27.88		0.36424	0.7103	71.9901825081	43.9921
0 6 10			0.02		-1.49		27.28		0.36424	0.8527	69.1637693973	8.5049
4 2 14			0.02		-1.47		26.67		0.36411	1.2576	70.6282605877	19.9713
2 4 2			0.02		-1.45		26.21		0.36412	0.3828	40.8766170199	13.2501
0 2 0			-0.02		-1.47		26.72		0.36412	1.4407	17.6394681947	177.2483
2 0 8			0.02		-1.44		26.11		0.36408	0.1665	35.7565424018	1.5727
1 1 3			0.01		-1.43		25.88		0.36404	0.4514	16.9416048235	36.8187
4 6 6			0.02		-1.41		25.31		0.36401	1.1903	71.9781772466	41.9784
3 1 13			0.02		-1.39		24.76		0.36398	0.3869	59.4126405656	11.7895
1 1 7			0.02		-1.37		24.27		0.364	0.2012	29.7561292971	6.5386
3 1 7			0.02		-1.35		23.79		0.36401	0.257	39.2655360855	5.205
0 6 6			0.02		-1.33		23.4		0.36389	1.0147	60.183190367	40.9583
3 5 9			0.01		-1.32		23.14		0.36378	0.4755	65.0802252419	19.5165
6 0 10			0.02		-1.31		22.78		0.36377	1.0728	69.1331306246	8.9056
3 7 1			0.01		-1.29		22.47		0.36376	1.2822	71.5694631273	22.2453
2 0 16			0.02		-1.27		22.05		0.36375	0.5935	67.2372591268	11.8907
3 3 13			0.02		-1.25		21.65		0.36364	0.5636	65.4922780779	9.1158
2 4 6			0.01		-1.25		21.47		0.3635	0.785	46.7364348384	64.2552
0 2 14			0.02		-1.23		21.08		0.36351	0.2479	58.6982494177	6.3292
5 1 5			-0.02		-1.25		21.51		0.36371	1.1901	50.2495039981	127.1383
9 1 1			0.01		-1.23		21.23		0.3637	0.8793	87.9915459652	19.6393
4 2 2			0.01		-1.22		20.99		0.3637	0.457	40.8620305525	12.2524
4 2 8			0.01		-1.21		20.71		0.36359	0.7605	51.4203212226	2.5419
7 3 5			0.01		-1.2		20.58		0.36372	1.0496	74.7140851895	88.0788
0 6 14			0.01		-1.19		20.32		0.36361	0.9096	81.7552219026	27.2955
0 4 6			-0.18		-1.37		24.69		0.36316	3.7688	42.9189471786	481.9509
6 0 6			0.01		-1.35		24.37		0.36308	1.0815	60.1501886982	39.9969
4 0 14			-0.01		-1.36		24.51		0.36281	1.986	67.7459682929	124.3248
2 0 12			0.01		-1.35		24.24		0.36269	0.8079	50.6101057273	16.6151
5 1 3			-0.0		-1.35		24.27		0.36265	0.9592	47.5591860667	88.1873
0 6 0			0.01		-1.34		24.01		0.36265	1.4277	54.7714555341	59.4019
1 1 15			0.01		-1.33		23.81		0.36271	0.656	61.3839959686	20.6242
4 2 0			0.01		-1.32		23.65		0.36271	0.9287	40.0811891304	86.5118
3 1 15			0.01		-1.31		23.35		0.36274	0.2871	67.3554895111	7.7692
0 4 20			0.01		-1.3		23.03		0.36284	1.027	94.1654323607	18.6345
3 3 15			0.01		-1.28		22.73		0.36285	0.3402	73.0835579415	3.8877
0 4 16			0.01		-1.27		22.47		0.36306	1.5557	75.7704700384	94.8658
1 7 1			0.01		-1.27		22.32		0.36306	0.5219	65.7901743415	26.2984
5 1 13			0.01		-1.25		22.02		0.36306	0.4567	71.2764535317	11.3258
1 5 1			0.01		-1.25		21.9		0.36306	0.4978	46.196563203	27.3004
2 0 10			0.01		-1.24		21.78		0.36302	0.6169	42.9543880851	20.236
3 3 9			0.01		-1.23		21.57		0.36297	0.3816	52.4524123761	12.0632
2 2 16			0.01		-1.22		21.39		0.36324	1.1693	70.1293332912	108.6018
0 2 10			0.0		-1.22		21.3		0.36322	0.4317	42.9590557724	21.0204
4 0 10			0.0		-1.22		21.27		0.36334	0.6243	53.7713327333	45.2096
0 0 18			0.01		-1.21		21.08		0.36339	0.6609	73.530655613	37.988
4 4 12			-0.01		-1.22		21.4		0.36309	1.9475	72.2035773977	130.2426
3 3 7			0.01		-1.21		21.15		0.36309	0.1558	47.1418707618	3.5073
0 6 12			0.01		-1.2		20.92		0.36309	0.3425	75.0250979777	1.887
2 2 10			0.0		-1.2		20.9		0.36321	0.6429	46.7739448495	44.8949
0 0 16			0.01		-1.19		20.77		0.36351	1.3342	64.286058028	116.6634
1 3 9			0.01		-1.18		20.56		0.36347	0.2622	45.3040218183	7.1674
0 4 10			0.0		-1.18		20.53		0.36359	0.9893	53.7871001638	44.1425
3 1 5			-0.03		-1.21		21.17		0.36377	2.8985	34.1781376955	186.2389
5 1 1			0.0		-1.21		21.07		0.36376	0.5346	46.1701152	26.7419
5 1 9			0.01		-1.2		20.92		0.36368	0.4583	58.9619928854	19.0838
5 5 3			-0.0		-1.2		20.96		0.36364	0.8107	66.8760743485	64.1048
5 3 3			-0.01		-1.21		21.13		0.3636	0.9351	54.4936931553	89.9375
0 6 4			-0.0		-1.21		21.15		0.36361	0.6675	57.2171401797	42.9768