HKL Value		Reward		TotalReward	Chi Squared	Z Appr. 	Error	Two-Thetas	Sfs2
5 3 7			0.0		0.0		0.0		0.3	0.2523	60.5057581853	5.4388
1 7 7			0.0		0.0		0.08		0.33542	0.4353	72.3061031614	6.1143
4 6 0			0.29		0.29		0.06		0.33542	0.7863	67.1083315067	59.4729
4 2 6			0.43		0.72		0.04		0.33544	1.6049	46.7233273538	62.1975
7 1 7			0.26		0.98		0.03		0.33563	0.3505	72.2660298289	5.0526
1 5 9			-0.98		0.0		1.58		0.35068	0.4394	58.984264935	17.7365
6 4 0			0.2		0.2		1.32		0.35068	1.8287	67.0910631577	58.6803
2 0 16			-0.31		-0.11		1.92		0.34826	0.5935	67.2372591268	11.8907
4 2 4			-0.73		-0.84		7.05		0.34996	0.7624	43.1345383828	64.2766
0 4 8			-0.6		-1.44		17.69		0.36451	4.1351	47.9021960727	235.0989
4 2 12			0.1		-1.34		16.11		0.3642	0.2244	63.468523569	4.7972
0 2 20			0.1		-1.25		14.66		0.36372	0.4494	86.0769303832	2.8517
0 6 4			-0.05		-1.29		15.37		0.36384	0.6675	57.2171401797	42.9768
5 1 9			0.04		-1.25		14.74		0.36318	0.4583	58.9619928854	19.0838
1 3 13			0.08		-1.17		13.69		0.36325	0.3907	59.4200243294	11.5335
2 4 8			0.05		-1.12		13.03		0.36263	0.1687	51.4325245866	2.4593
2 4 2			0.03		-1.1		12.7		0.36267	0.3828	40.8766170199	13.2501
5 1 7			0.06		-1.04		12.03		0.36271	0.2609	54.1000446603	4.252
3 5 7			0.05		-0.99		11.47		0.36276	0.2309	60.5203777188	5.6046
3 3 7			0.05		-0.94		10.9		0.3628	0.1558	47.1418707618	3.5073
5 5 7			0.05		-0.89		10.4		0.36284	0.6639	72.2860687267	4.3062
1 5 7			0.04		-0.85		9.97		0.36288	0.6035	54.1236034243	4.2528
3 1 1			-0.04		-0.89		10.4		0.36279	0.5239	28.3131072915	41.7464
4 4 8			-0.26		-1.15		14.0		0.36394	3.9407	61.1479986878	218.5721
1 1 11			-0.3		-1.45		20.11		0.36388	2.144	44.8525636461	378.5934