HKL Value		Reward		TotalReward	Chi Squared	Z Appr. 	Error	Two-Thetas	Sfs2
5 3 7			0.0		0.0		0.0		0.3	0.2523	60.5057581853	5.4388
1 7 7			0.0		0.0		0.08		0.33542	0.4353	72.3061031614	6.1143
4 6 0			0.29		0.29		0.06		0.33542	0.7863	67.1083315067	59.4729
4 2 6			0.43		0.72		0.04		0.33544	1.6049	46.7233273538	62.1975
7 1 7			0.26		0.98		0.03		0.33563	0.3505	72.2660298289	5.0526
4 2 8			0.06		1.04		0.03		0.33592	0.7605	51.4203212226	2.5419
6 4 0			0.11		1.15		0.03		0.33592	1.8287	67.0910631577	58.6803
2 4 8			0.05		1.2		0.03		0.3361	0.1687	51.4325245866	2.4593
2 6 10			-0.99		0.21		1.95		0.33314	0.7069	72.0169435829	44.7171
0 2 20			-0.01		0.2		1.97		0.33548	0.4494	86.0769303832	2.8517
5 1 7			0.1		0.31		1.79		0.33556	0.2609	54.1000446603	4.252
3 5 7			0.1		0.41		1.62		0.33558	0.2309	60.5203777188	5.6046
1 3 7			0.08		0.49		1.5		0.33566	0.1893	39.2755843192	5.3372
0 2 22			-0.8		-0.31		7.47		0.33515	1.8317	96.7387030121	97.213
0 0 20			0.06		-0.24		7.02		0.33444	0.4542	83.3712939521	4.3689
0 0 4			-0.18		-0.43		8.58		0.33423	0.8482	15.2869714585	59.1035
2 4 14			-0.01		-0.44		8.7		0.33393	0.5221	70.6383718296	19.4111
5 5 7			0.05		-0.39		8.26		0.3341	0.6639	72.2860687267	4.3062
3 3 7			0.05		-0.34		7.89		0.33429	0.1558	47.1418707618	3.5073
1 5 7			0.05		-0.29		7.49		0.33437	0.6035	54.1236034243	4.2528
1 1 7			0.05		-0.24		7.15		0.33446	0.2012	29.7561292971	6.5386
2 0 14			0.04		-0.19		6.84		0.33431	0.2634	58.6945218607	7.3942
6 0 8			0.04		-0.15		6.58		0.33424	2.9234	64.163237895	5.3359
0 2 14			0.04		-0.11		6.3		0.33415	0.2479	58.6982494177	6.3292
6 0 2			0.02		-0.09		6.15		0.33414	0.2214	55.354768557	5.4487
0 6 2			0.02		-0.06		6.03		0.33414	0.2356	55.3895592761	6.1752
3 1 7			0.04		-0.03		5.81		0.33421	0.257	39.2655360855	5.205
0 6 18			-0.64		-0.67		16.04		0.34322	0.7949	98.0280769063	1.8601
2 0 8			0.04		-0.63		15.47		0.34322	0.1665	35.7565424018	1.5727
5 1 5			-0.12		-0.75		17.62		0.34343	1.1901	50.2495039981	127.1383
6 2 4			-0.04		-0.79		18.42		0.34334	0.8727	60.3342977717	77.9073
4 6 2			0.03		-0.77		17.9		0.34334	0.2349	67.657370766	5.5969
4 2 14			0.01		-0.75		17.66		0.34348	1.2576	70.6282605877	19.9713
0 6 10			0.03		-0.73		17.23		0.3435	0.8527	69.1637693973	8.5049
2 6 4			-0.04		-0.77		17.95		0.34343	0.8772	60.3635846112	78.02
6 0 6			0.03		-0.74		17.47		0.34344	1.0815	60.1501886982	39.9969
2 6 8			-0.16		-0.9		20.92		0.34388	4.3291	67.1483383839	218.3417
1 5 13			0.02		-0.89		20.56		0.34388	1.1973	71.2966048402	12.6128
1 3 11			-0.17		-1.06		24.82		0.34483	2.4293	52.0561920156	298.4303
0 6 6			0.03		-1.03		24.19		0.34486	1.0147	60.183190367	40.9583
3 1 13			0.02		-1.01		23.76		0.34486	0.3869	59.4126405656	11.7895
1 1 9			0.96		-0.05		12.1		0.3642	0.2216	37.1193146943	1.1702
6 0 12			0.02		-0.03		11.81		0.3642	0.5892	74.995462768	0.9301
6 4 6			0.02		-0.0		11.54		0.36416	0.9247	71.9614498967	41.9809
0 2 0			-0.07		-0.07		12.36		0.36416	1.4407	17.6394681947	177.2483
2 4 6			0.0		-0.07		12.35		0.36398	0.785	46.7364348384	64.2552
2 0 6			-0.04		-0.11		12.9		0.36371	1.6278	29.1406672869	128.8477
6 0 10			0.01		-0.1		12.73		0.3637	1.0728	69.1331306246	8.9056
2 4 10			0.01		-0.09		12.61		0.36368	0.607	57.0555982332	12.0937
0 6 14			0.01		-0.07		12.45		0.36355	0.9096	81.7552219026	27.2955
2 4 12			0.02		-0.06		12.23		0.3635	0.2205	63.4791913795	4.8908
1 1 13			0.02		-0.04		11.99		0.36348	0.3722	52.9310122384	10.9703
3 3 13			0.02		-0.02		11.77		0.3634	0.5636	65.4922780779	9.1158
2 0 16			0.02		0.0		11.55		0.36342	0.5935	67.2372591268	11.8907
0 6 8			0.01		0.02		11.38		0.36334	0.7694	64.1950429677	5.6946
1 3 13			0.02		0.03		11.18		0.36334	0.3907	59.4200243294	11.5335
3 7 1			0.01		0.04		11.1		0.36334	1.2822	71.5694631273	22.2453
1 5 9			0.01		0.05		11.01		0.36324	0.4394	58.984264935	17.7365
0 6 16			0.02		0.07		10.82		0.36317	0.4825	89.3859051251	7.6515
5 3 9			0.0		0.07		10.82		0.36308	0.4833	65.0662013285	20.8409
9 1 1			0.01		0.08		10.72		0.36308	0.8793	87.9915459652	19.6393
7 1 1			0.0		0.08		10.72		0.36306	0.5207	65.7483230412	25.2044
3 3 9			0.01		0.09		10.62		0.36299	0.3816	52.4524123761	12.0632
2 4 2			0.0		0.09		10.58		0.363	0.3828	40.8766170199	13.2501
3 5 1			-0.0		0.09		10.62		0.36299	0.5283	53.2544885252	31.9012
0 0 16			0.0		0.09		10.61		0.36333	1.3342	64.286058028	116.6634
1 3 15			0.01		0.1		10.49		0.36336	0.2862	67.3623786269	8.1809
2 2 12			-0.12		-0.02		11.91		0.36294	1.9766	54.0147953295	208.0279
5 5 1			0.01		-0.01		11.82		0.36292	0.5073	65.769247456	23.9531
5 1 13			0.01		0.0		11.65		0.36294	0.4567	71.2764535317	11.3258
5 1 9			0.01		0.01		11.58		0.36284	0.4583	58.9619928854	19.0838
0 2 8			0.01		0.02		11.42		0.36283	0.1155	35.7619852008	1.7384
3 5 9			0.0		0.02		11.39		0.36275	0.4755	65.0802252419	19.5165
0 2 12			0.01		0.03		11.33		0.36265	0.3827	50.6142203783	17.5707
0 6 0			0.01		0.03		11.27		0.36265	1.4277	54.7714555341	59.4019
6 4 2			0.01		0.05		11.14		0.36266	0.2211	67.6401768609	4.8049
0 4 20			0.01		0.06		11.0		0.36275	1.027	94.1654323607	18.6345
4 4 0			-0.27		-0.21		15.1		0.36275	4.9852	51.3853572345	648.027
3 1 15			0.01		-0.2		14.94		0.36277	0.2871	67.3554895111	7.7692
1 1 1			-0.01		-0.21		15.06		0.36276	0.5749	13.0194761966	56.7652
4 2 10			0.01		-0.2		14.95		0.36274	1.1102	57.0442200735	11.3144
0 2 16			0.01		-0.19		14.78		0.36282	1.8687	67.2407114996	13.8307
4 2 2			0.01		-0.18		14.68		0.36282	0.457	40.8620305525	12.2524
2 2 10			-0.0		-0.19		14.75		0.36293	0.6429	46.7739448495	44.8949
4 6 6			0.01		-0.18		14.57		0.36292	1.1903	71.9781772466	41.9784
1 1 15			0.0		-0.17		14.51		0.36297	0.656	61.3839959686	20.6242
1 7 1			0.0		-0.17		14.48		0.36296	0.5219	65.7901743415	26.2984
0 0 18			0.01		-0.16		14.37		0.36301	0.6609	73.530655613	37.988
3 3 11			-0.05		-0.21		15.15		0.36303	2.1204	58.6030846927	249.5822
5 1 1			0.0		-0.21		15.11		0.36302	0.5346	46.1701152	26.7419
2 0 12			0.01		-0.21		15.02		0.36294	0.8079	50.6101057273	16.6151
1 1 3			-0.0		-0.21		15.03		0.36292	0.4514	16.9416048235	36.8187
3 1 9			0.01		-0.2		14.9		0.36288	0.36	45.2950695798	8.7768
1 5 1			0.0		-0.2		14.87		0.36288	0.4978	46.196563203	27.3004
6 2 10			-0.0		-0.2		14.91		0.36298	0.7103	71.9901825081	43.9921
1 3 1			-0.0		-0.2		14.96		0.36297	0.5324	28.3265170018	42.1271
2 0 10			0.0		-0.2		14.94		0.36295	0.6169	42.9543880851	20.236
1 3 9			0.01		-0.19		14.81		0.36291	0.2622	45.3040218183	7.1674
4 0 6			-0.16		-0.36		17.71		0.3626	5.3963	42.900258124	488.2208
0 2 10			0.0		-0.35		17.67		0.36257	0.4317	42.9590557724	21.0204
4 2 4			-0.01		-0.36		17.88		0.3626	0.7624	43.1345383828	64.2766
4 2 0			0.0		-0.36		17.83		0.36259	0.9287	40.0811891304	86.5118