HKL Value		Reward		TotalReward	Chi Squared	Z Appr. 	Error	Two-Thetas	Sfs2
5 3 7			0.0		0.0		0.0		0.3	0.2523	60.5057581853	5.4388
1 7 7			0.0		0.0		0.08		0.33542	0.4353	72.3061031614	6.1143
3 1 11			-1.0		-1.0		58.44		0.36401	2.3814	52.0481274199	292.2152
4 6 0			0.5		-0.5		38.97		0.36401	0.7863	67.1083315067	59.4729
4 2 6			0.23		-0.27		31.6		0.36155	1.6049	46.7233273538	62.1975
7 1 7			0.23		-0.03		25.64		0.36164	0.3505	72.2660298289	5.0526
6 4 0			0.2		0.17		21.37		0.36164	1.8287	67.0910631577	58.6803
6 4 2			0.15		0.31		18.64		0.36168	0.2211	67.6401768609	4.8049
4 4 2			-0.3		0.01		26.7		0.36297	1.2125	52.0311030722	128.6454
2 4 8			0.11		0.12		24.08		0.36121	0.1687	51.4325245866	2.4593
5 1 7			0.1		0.22		21.81		0.36128	0.2609	54.1000446603	4.252
0 2 20			0.1		0.32		19.87		0.36218	0.4494	86.0769303832	2.8517
5 5 7			0.09		0.41		18.3		0.36226	0.6639	72.2860687267	4.3062
3 5 7			0.07		0.48		17.03		0.36234	0.2309	60.5203777188	5.6046
4 0 0			-0.66		-0.18		49.82		0.36234	8.3901	35.6934066618	787.9925
1 5 7			0.07		-0.11		46.59		0.36242	0.6035	54.1236034243	4.2528
6 4 6			0.07		-0.04		43.68		0.36235	0.9247	71.9614498967	41.9809
1 3 7			0.06		0.02		41.2		0.36243	0.1893	39.2755843192	5.3372
6 0 8			0.06		0.08		39.03		0.3614	2.9234	64.163237895	5.3359
0 0 20			0.05		0.12		37.35		0.36442	0.4542	83.3712939521	4.3689
2 0 14			0.05		0.17		35.49		0.36437	0.2634	58.6945218607	7.3942
0 6 2			0.05		0.22		33.89		0.36439	0.2356	55.3895592761	6.1752
4 6 2			0.04		0.26		32.47		0.3644	0.2349	67.657370766	5.5969
6 0 2			0.04		0.31		31.13		0.36442	0.2214	55.354768557	5.4487
1 1 7			0.04		0.35		29.89		0.36444	0.2012	29.7561292971	6.5386
0 2 14			0.04		0.39		28.7		0.36443	0.2479	58.6982494177	6.3292
1 1 13			0.04		0.43		27.6		0.36431	0.3722	52.9310122384	10.9703
7 3 3			0.01		0.44		27.41		0.36422	1.9283	72.601334037	69.5466
1 5 13			0.04		0.47		26.43		0.36419	1.1973	71.2966048402	12.6128
2 4 14			0.03		0.51		25.61		0.36406	0.5221	70.6383718296	19.4111
4 2 14			0.03		0.54		24.84		0.36393	1.2576	70.6282605877	19.9713
3 3 3			-0.0		0.54		24.86		0.36387	0.8081	39.7679129272	70.9373
3 1 7			0.03		0.57		24.13		0.36387	0.257	39.2655360855	5.205
2 4 12			0.03		0.59		23.45		0.36383	0.2205	63.4791913795	4.8908
0 0 22			0.03		0.62		22.82		0.36382	2.2765	94.0325860765	137.6091
0 6 10			0.02		0.65		22.3		0.3638	0.8527	69.1637693973	8.5049
4 2 8			0.02		0.67		21.81		0.36365	0.7605	51.4203212226	2.5419
3 1 13			0.03		0.7		21.22		0.36365	0.3869	59.4126405656	11.7895
3 3 13			0.03		0.72		20.67		0.36355	0.5636	65.4922780779	9.1158
4 0 8			-0.1		0.63		22.86		0.36383	2.9483	47.8850437629	244.3799
0 6 6			0.02		0.65		22.41		0.36373	1.0147	60.183190367	40.9583
6 0 6			0.02		0.67		21.97		0.36364	1.0815	60.1501886982	39.9969
0 2 12			0.02		0.68		21.63		0.36353	0.3827	50.6142203783	17.5707
6 0 10			0.02		0.7		21.24		0.36352	1.0728	69.1331306246	8.9056
5 3 1			0.01		0.71		21.08		0.3635	0.5252	53.2386121167	32.835
2 4 6			0.01		0.72		20.87		0.36335	0.785	46.7364348384	64.2552
3 3 7			0.02		0.74		20.43		0.36335	0.1558	47.1418707618	3.5073
5 5 1			0.01		0.76		20.13		0.36334	0.5073	65.769247456	23.9531
2 0 16			0.02		0.78		19.71		0.36337	0.5935	67.2372591268	11.8907
9 1 1			0.02		0.79		19.42		0.36335	0.8793	87.9915459652	19.6393
2 4 10			0.01		0.8		19.17		0.36334	0.607	57.0555982332	12.0937
2 0 8			0.02		0.82		18.8		0.36332	0.1665	35.7565424018	1.5727
0 0 4			-0.02		0.8		19.24		0.3633	0.8482	15.2869714585	59.1035
3 5 9			0.01		0.81		19.06		0.36319	0.4755	65.0802252419	19.5165
0 6 14			0.01		0.83		18.78		0.36309	0.9096	81.7552219026	27.2955
4 0 2			-0.06		0.76		20.02		0.36316	1.7854	36.5531212028	138.5255
3 7 1			0.01		0.78		19.78		0.36316	1.2822	71.5694631273	22.2453
2 0 10			0.01		0.78		19.66		0.36312	0.6169	42.9543880851	20.236
4 6 6			0.02		0.8		19.33		0.36311	1.1903	71.9781772466	41.9784
6 2 10			0.0		0.8		19.3		0.36328	0.7103	71.9901825081	43.9921
0 4 10			0.0		0.8		19.28		0.36345	0.9893	53.7871001638	44.1425
0 6 18			0.02		0.82		18.98		0.36345	0.7949	98.0280769063	1.8601
5 1 3			-0.01		0.81		19.1		0.36338	0.9592	47.5591860667	88.1873
0 0 12			-0.09		0.72		21.07		0.36275	3.2426	47.0346015839	274.3783
4 2 2			0.01		0.73		20.85		0.36275	0.457	40.8620305525	12.2524
1 1 9			0.02		0.74		20.53		0.36275	0.2216	37.1193146943	1.1702
1 5 9			0.01		0.75		20.3		0.36263	0.4394	58.984264935	17.7365
1 3 13			0.02		0.77		20.0		0.36266	0.3907	59.4200243294	11.5335
5 1 13			0.01		0.78		19.71		0.36269	0.4567	71.2764535317	11.3258
2 4 2			0.01		0.79		19.54		0.36269	0.3828	40.8766170199	13.2501
0 6 16			0.01		0.81		19.26		0.36267	0.4825	89.3859051251	7.6515
2 6 4			-0.02		0.79		19.7		0.36265	0.8772	60.3635846112	78.02
3 1 15			0.01		0.8		19.46		0.36268	0.2871	67.3554895111	7.7692
1 3 15			0.01		0.81		19.24		0.36271	0.2862	67.3623786269	8.1809
3 5 3			-0.01		0.8		19.45		0.36266	0.9259	54.5093201099	87.7589
1 1 15			0.01		0.81		19.32		0.36272	0.656	61.3839959686	20.6242
0 4 20			0.01		0.82		19.07		0.36281	1.027	94.1654323607	18.6345
0 6 8			0.01		0.83		18.85		0.36274	0.7694	64.1950429677	5.6946
1 7 1			0.01		0.84		18.76		0.36274	0.5219	65.7901743415	26.2984
4 2 10			0.01		0.84		18.6		0.36272	1.1102	57.0442200735	11.3144
5 1 1			0.0		0.85		18.51		0.36271	0.5346	46.1701152	26.7419
5 1 9			0.01		0.86		18.37		0.36262	0.4583	58.9619928854	19.0838
6 0 0			0.01		0.87		18.2		0.36262	0.7256	54.7363985401	55.434
3 3 9			0.01		0.87		18.03		0.36255	0.3816	52.4524123761	12.0632
0 6 0			0.01		0.88		17.89		0.36255	1.4277	54.7714555341	59.4019
0 0 16			0.0		0.89		17.82		0.3629	1.3342	64.286058028	116.6634
0 2 10			0.0		0.89		17.77		0.36287	0.4317	42.9590557724	21.0204
0 0 18			0.01		0.9		17.63		0.36292	0.6609	73.530655613	37.988
6 0 12			0.01		0.91		17.43		0.36291	0.5892	74.995462768	0.9301
4 0 12			-0.04		0.87		18.09		0.36255	2.7435	60.4154589103	161.2613
4 4 10			-0.0		0.87		18.14		0.36268	0.6886	66.23802526	47.6672
0 2 8			0.01		0.88		17.94		0.36267	0.1155	35.7619852008	1.7384
3 7 5			0.0		0.88		17.9		0.36278	1.0548	74.7470539899	89.5814
1 1 3			0.0		0.88		17.88		0.36276	0.4514	16.9416048235	36.8187
7 3 1			0.01		0.89		17.76		0.36275	0.5095	71.5359286583	22.1332
2 4 0			0.0		0.89		17.72		0.36275	1.4359	40.0960076051	88.2765
7 3 5			0.0		0.9		17.68		0.36285	1.0496	74.7140851895	88.0788
4 2 0			0.0		0.9		17.63		0.36285	0.9287	40.0811891304	86.5118
1 3 1			-0.0		0.9		17.65		0.36284	0.5324	28.3265170018	42.1271
2 0 12			0.01		0.9		17.54		0.36276	0.8079	50.6101057273	16.6151
2 2 16			0.01		0.91		17.44		0.36306	1.1693	70.1293332912	108.6018
0 2 4			-0.03		0.88		17.99		0.36308	1.326	23.4223631322	110.0283