HKL Value		Reward		TotalReward	Chi Squared	Z Appr. 	Error	Two-Thetas	Sfs2
5 3 7			0.0		0.0		0.0		0.3	0.2523	60.5057581853	5.4388
2 6 2			0.0		0.0		70.82		0.38326	1.2892	58.5985395934	134.3564
1 7 7			0.99		0.99		35.57		0.38208	0.4353	72.3061031614	6.1143
4 6 0			0.5		1.49		23.73		0.38208	0.7863	67.1083315067	59.4729
4 2 6			0.01		1.49		23.61		0.35293	1.6049	46.7233273538	62.1975
5 5 5			0.1		1.6		21.42		0.37826	1.5862	69.0631626084	104.8873
7 1 7			0.2		1.8		17.85		0.37826	0.3505	72.2660298289	5.0526
6 4 0			0.17		1.96		15.3		0.37826	1.8287	67.0910631577	58.6803
2 4 8			0.04		2.0		14.7		0.38144	0.1687	51.4325245866	2.4593
0 2 20			0.09		2.09		13.52		0.38503	0.4494	86.0769303832	2.8517
5 1 7			0.08		2.17		12.52		0.38455	0.2609	54.1000446603	4.252
3 5 7			0.08		2.25		11.57		0.38424	0.2309	60.5203777188	5.6046
3 5 3			-0.2		2.05		14.5		0.38403	0.9259	54.5093201099	87.7589
5 5 7			0.06		2.11		13.72		0.3836	0.6639	72.2860687267	4.3062
6 0 8			0.04		2.15		13.13		0.38385	2.9234	64.163237895	5.3359
3 3 3			-0.1		2.05		14.59		0.38368	0.8081	39.7679129272	70.9373
1 5 7			0.06		2.11		13.82		0.38343	0.6035	54.1236034243	4.2528
0 6 2			0.06		2.17		13.03		0.38344	0.2356	55.3895592761	6.1752
6 0 2			0.06		2.23		12.31		0.38346	0.2214	55.354768557	5.4487
0 4 6			-0.6		1.63		30.76		0.38256	3.7688	42.9189471786	481.9509
4 0 0			-0.42		1.21		53.02		0.38256	8.3901	35.6934066618	787.9925
2 0 14			0.05		1.26		50.5		0.38254	0.2634	58.6945218607	7.3942
1 3 7			0.05		1.3		48.27		0.38234	0.1893	39.2755843192	5.3372
4 6 2			0.04		1.35		46.24		0.38237	0.2349	67.657370766	5.5969
0 0 18			0.19		1.54		38.96		0.35111	0.6609	73.530655613	37.988
2 4 12			0.03		1.57		37.68		0.3535	0.2205	63.4791913795	4.8908
1 5 13			0.03		1.6		36.48		0.35374	1.1973	71.2966048402	12.6128
1 1 13			0.03		1.63		35.33		0.354	0.3722	52.9310122384	10.9703
3 3 7			0.04		1.67		34.1		0.35399	0.1558	47.1418707618	3.5073
0 2 12			0.04		1.71		32.92		0.35396	0.3827	50.6142203783	17.5707
2 4 14			0.03		1.74		31.85		0.35409	0.5221	70.6383718296	19.4111
4 2 14			0.03		1.77		30.86		0.35422	1.2576	70.6282605877	19.9713
4 6 6			0.03		1.8		29.96		0.35455	1.1903	71.9781772466	41.9784
3 3 1			0.02		1.82		29.44		0.35449	0.5106	38.1558496662	33.1617
1 5 5			-0.03		1.79		30.33		0.35555	1.8923	50.2743192378	127.3636
0 6 10			0.03		1.82		29.56		0.35541	0.8527	69.1637693973	8.5049
0 2 8			0.03		1.85		28.74		0.35547	0.1155	35.7619852008	1.7384
1 5 1			0.02		1.86		28.28		0.35542	0.4978	46.196563203	27.3004
1 3 13			0.02		1.88		27.66		0.35586	0.3907	59.4200243294	11.5335
3 1 13			0.02		1.91		27.07		0.35657	0.3869	59.4126405656	11.7895
4 4 8			-0.06		1.84		28.94		0.36181	3.9407	61.1479986878	218.5721
5 5 1			0.02		1.86		28.39		0.36176	0.5073	65.769247456	23.9531
0 6 18			0.02		1.88		27.73		0.36176	0.7949	98.0280769063	1.8601
4 2 8			0.02		1.91		27.14		0.36108	0.7605	51.4203212226	2.5419
0 2 14			0.02		1.93		26.53		0.36128	0.2479	58.6982494177	6.3292
3 1 7			0.02		1.95		25.98		0.36135	0.257	39.2655360855	5.205
1 1 7			0.02		1.97		25.45		0.3614	0.2012	29.7561292971	6.5386
0 6 6			0.02		1.99		24.97		0.36081	1.0147	60.183190367	40.9583
6 4 4			0.01		2.0		24.73		0.36101	0.6669	69.2748711385	33.991
3 3 13			0.02		2.02		24.23		0.36128	0.5636	65.4922780779	9.1158
2 4 10			0.01		2.04		23.88		0.36111	0.607	57.0555982332	12.0937
2 0 16			0.02		2.05		23.44		0.3617	0.5935	67.2372591268	11.8907
0 6 12			0.02		2.07		22.99		0.36162	0.3425	75.0250979777	1.887
9 1 1			0.01		2.09		22.65		0.36158	0.8793	87.9915459652	19.6393
2 2 14			-0.0		2.09		22.67		0.36077	1.0835	61.7979105177	101.9829
6 0 10			0.01		2.1		22.34		0.36063	1.0728	69.1331306246	8.9056
3 7 1			0.01		2.12		22.05		0.36057	1.2822	71.5694631273	22.2453
3 5 9			0.01		2.13		21.79		0.35978	0.4755	65.0802252419	19.5165
4 4 6			-0.12		2.01		24.69		0.35676	4.3817	57.0116572758	400.3855
6 0 6			0.02		2.03		24.28		0.35658	1.0815	60.1501886982	39.9969
2 4 6			0.01		2.04		23.96		0.35618	0.785	46.7364348384	64.2552
2 4 2			0.01		2.05		23.7		0.35618	0.3828	40.8766170199	13.2501
0 6 14			0.02		2.07		23.35		0.35623	0.9096	81.7552219026	27.2955
4 2 2			0.01		2.08		23.09		0.35623	0.457	40.8620305525	12.2524
4 2 10			0.01		2.09		22.81		0.35614	1.1102	57.0442200735	11.3144
2 0 8			0.02		2.11		22.46		0.35617	0.1665	35.7565424018	1.5727
5 1 13			0.01		2.12		22.19		0.3565	0.4567	71.2764535317	11.3258
3 3 9			0.01		2.13		21.86		0.3563	0.3816	52.4524123761	12.0632
6 0 12			0.01		2.15		21.58		0.35707	0.5892	74.995462768	0.9301
1 5 9			0.01		2.16		21.28		0.35687	0.4394	58.984264935	17.7365
4 2 4			-0.01		2.15		21.55		0.35698	0.7624	43.1345383828	64.2766
0 6 16			0.01		2.16		21.3		0.35725	0.4825	89.3859051251	7.6515
5 5 3			-0.0		2.16		21.3		0.35712	0.8107	66.8760743485	64.1048
4 4 4			-0.02		2.14		21.69		0.35698	0.8476	53.9354251327	76.9211
1 1 15			0.01		2.15		21.58		0.35719	0.656	61.3839959686	20.6242
1 7 1			0.01		2.15		21.44		0.35716	0.5219	65.7901743415	26.2984
3 1 9			0.01		2.17		21.16		0.35702	0.36	45.2950695798	8.7768
3 1 15			0.01		2.18		20.94		0.35702	0.2871	67.3554895111	7.7692
0 0 16			-0.01		2.17		21.06		0.35974	1.3342	64.286058028	116.6634
1 1 9			0.01		2.18		20.79		0.35972	0.2216	37.1193146943	1.1702
2 0 10			0.01		2.19		20.68		0.35955	0.6169	42.9543880851	20.236
5 1 1			0.01		2.19		20.57		0.35951	0.5346	46.1701152	26.7419
2 0 2			-0.0		2.19		20.63		0.35946	0.6502	19.2320929378	35.9547
0 4 20			0.01		2.2		20.47		0.36102	1.027	94.1654323607	18.6345
1 3 15			0.01		2.21		20.27		0.36109	0.2862	67.3623786269	8.1809
0 2 10			0.0		2.21		20.18		0.36103	0.4317	42.9590557724	21.0204
4 4 10			-0.0		2.21		20.23		0.36124	0.6886	66.23802526	47.6672
1 3 1			0.0		2.21		20.22		0.36122	0.5324	28.3265170018	42.1271
0 6 0			0.01		2.22		20.06		0.36122	1.4277	54.7714555341	59.4019
0 2 16			0.01		2.23		19.86		0.36145	1.8687	67.2407114996	13.8307
3 7 5			0.0		2.23		19.82		0.36166	1.0548	74.7470539899	89.5814
2 4 0			0.0		2.24		19.75		0.36166	1.4359	40.0960076051	88.2765
0 4 2			-0.04		2.2		20.48		0.36176	3.2657	36.5744795411	137.7475
6 2 10			0.0		2.2		20.47		0.36196	0.7103	71.9901825081	43.9921
2 2 2			-0.03		2.17		21.16		0.36205	1.1162	26.2109248846	125.5642
5 1 9			0.01		2.18		21.0		0.36189	0.4583	58.9619928854	19.0838
6 4 6			0.01		2.19		20.78		0.36189	0.9247	71.9614498967	41.9809
0 6 8			0.01		2.2		20.59		0.36179	0.7694	64.1950429677	5.6946
3 1 1			0.0		2.2		20.57		0.36177	0.5239	28.3131072915	41.7464
0 4 10			0.0		2.2		20.57		0.36197	0.9893	53.7871001638	44.1425
2 6 8			-0.03		2.17		21.22		0.36233	4.3291	67.1483383839	218.3417
4 4 2			-0.03		2.14		21.83		0.36241	1.2125	52.0311030722	128.6454