HKL Value		Reward		TotalReward	Chi Squared	Z Appr. 	Error	Two-Thetas	Sfs2
5 3 7			0.0		0.0		0.0		0.3	0.2523	60.5057581853	5.4388
5 3 9			0.0		0.0		1.41		0.34727	0.4833	65.0662013285	20.8409
3 1 11			-0.98		-0.98		62.34		0.36153	2.3814	52.0481274199	292.2152
5 1 7			0.48		-0.49		42.01		0.36165	0.2609	54.1000446603	4.252
1 7 7			0.31		-0.19		32.11		0.36179	0.4353	72.3061031614	6.1143
4 6 0			0.25		0.06		25.7		0.36179	0.7863	67.1083315067	59.4729
4 2 6			0.13		0.2		22.64		0.35937	1.6049	46.7233273538	62.1975
7 1 7			0.15		0.35		19.68		0.35942	0.3505	72.2660298289	5.0526
6 4 0			0.14		0.49		17.22		0.35942	1.8287	67.0910631577	58.6803
0 2 20			0.12		0.61		15.43		0.35902	0.4494	86.0769303832	2.8517
2 4 8			0.11		0.71		13.96		0.35771	0.1687	51.4325245866	2.4593
3 5 7			0.08		0.8		12.87		0.35772	0.2309	60.5203777188	5.6046
5 5 7			0.08		0.88		11.9		0.35772	0.6639	72.2860687267	4.3062
7 1 3			-0.09		0.79		13.09		0.35705	1.4031	66.8553232335	91.2915
3 3 7			0.07		0.86		12.21		0.35705	0.1558	47.1418707618	3.5073
5 5 3			-0.05		0.81		12.84		0.35658	0.8107	66.8760743485	64.1048
1 3 7			0.06		0.87		12.15		0.35658	0.1893	39.2755843192	5.3372
1 5 7			0.05		0.92		11.52		0.35658	0.6035	54.1236034243	4.2528
1 1 7			0.05		0.97		10.98		0.35656	0.2012	29.7561292971	6.5386
2 0 14			0.05		1.03		10.42		0.35649	0.2634	58.6945218607	7.3942
0 0 6			-0.64		0.39		28.68		0.35061	7.4326	23.0169618987	709.6598
3 7 1			0.04		0.43		27.58		0.35039	1.2822	71.5694631273	22.2453
6 0 8			0.05		0.48		26.36		0.35107	2.9234	64.163237895	5.3359
0 2 14			0.05		0.52		25.21		0.35092	0.2479	58.6982494177	6.3292
0 2 10			0.02		0.55		24.61		0.35082	0.4317	42.9590557724	21.0204
6 0 2			0.04		0.58		23.72		0.35088	0.2214	55.354768557	5.4487
0 6 18			0.04		0.62		22.83		0.35181	0.7949	98.0280769063	1.8601
3 3 9			0.04		0.66		21.99		0.35201	0.3816	52.4524123761	12.0632
0 6 2			0.03		0.69		21.31		0.35204	0.2356	55.3895592761	6.1752
2 0 8			0.03		0.73		20.59		0.35206	0.1665	35.7565424018	1.5727
3 1 7			0.03		0.76		19.95		0.35202	0.257	39.2655360855	5.205
0 0 22			-0.01		0.75		20.22		0.35662	2.2765	94.0325860765	137.6091
4 2 8			0.03		0.78		19.6		0.35651	0.7605	51.4203212226	2.5419
4 6 2			0.03		0.8		19.09		0.3565	0.2349	67.657370766	5.5969
1 5 13			0.02		0.83		18.67		0.35691	1.1973	71.2966048402	12.6128
4 2 14			0.03		0.86		18.15		0.35691	1.2576	70.6282605877	19.9713
0 6 10			0.02		0.88		17.74		0.3568	0.8527	69.1637693973	8.5049
6 0 6			0.03		0.91		17.28		0.35664	1.0815	60.1501886982	39.9969
0 6 6			0.03		0.93		16.85		0.35647	1.0147	60.183190367	40.9583
0 0 2			-0.08		0.85		18.3		0.35663	1.161	7.62646333295	98.931
3 1 13			0.02		0.87		17.95		0.357	0.3869	59.4126405656	11.7895
6 4 6			0.02		0.89		17.54		0.35722	0.9247	71.9614498967	41.9809
1 1 9			0.02		0.92		17.12		0.35731	0.2216	37.1193146943	1.1702
2 4 6			0.02		0.94		16.85		0.35695	0.785	46.7364348384	64.2552
6 0 12			0.02		0.96		16.51		0.35748	0.5892	74.995462768	0.9301
6 0 10			0.02		0.97		16.22		0.35741	1.0728	69.1331306246	8.9056
2 4 14			0.02		1.0		15.88		0.35741	0.5221	70.6383718296	19.4111
2 4 12			0.02		1.02		15.54		0.35743	0.2205	63.4791913795	4.8908
0 6 14			0.02		1.04		15.26		0.35742	0.9096	81.7552219026	27.2955
1 1 13			0.02		1.05		15.01		0.35765	0.3722	52.9310122384	10.9703
3 3 13			0.02		1.07		14.76		0.35787	0.5636	65.4922780779	9.1158
5 1 5			-0.05		1.02		15.53		0.35845	1.1901	50.2495039981	127.1383
2 0 16			0.01		1.03		15.32		0.3589	0.5935	67.2372591268	11.8907
0 6 8			0.02		1.05		15.03		0.35878	0.7694	64.1950429677	5.6946
0 2 8			0.02		1.07		14.76		0.3588	0.1155	35.7619852008	1.7384
1 3 13			0.02		1.09		14.53		0.35911	0.3907	59.4200243294	11.5335
2 4 10			0.01		1.1		14.39		0.35901	0.607	57.0555982332	12.0937
6 0 0			0.01		1.11		14.21		0.35901	0.7256	54.7363985401	55.434
5 1 13			0.01		1.12		14.01		0.35931	0.4567	71.2764535317	11.3258
6 4 2			0.01		1.14		13.81		0.35931	0.2211	67.6401768609	4.8049
1 5 9			0.01		1.15		13.62		0.35902	0.4394	58.984264935	17.7365
0 6 16			0.01		1.17		13.42		0.35934	0.4825	89.3859051251	7.6515
9 1 1			0.01		1.18		13.29		0.35932	0.8793	87.9915459652	19.6393
6 2 0			-0.24		0.93		17.56		0.35932	4.3933	57.9728440251	566.5186
3 1 15			0.01		0.95		17.34		0.35942	0.2871	67.3554895111	7.7692
0 0 8			-0.07		0.88		18.62		0.36021	2.1948	30.8548203523	183.9052
2 4 2			0.01		0.89		18.46		0.36021	0.3828	40.8766170199	13.2501
1 3 15			0.01		0.9		18.24		0.36033	0.2862	67.3623786269	8.1809
1 1 11			-0.1		0.79		20.37		0.36076	2.144	44.8525636461	378.5934
5 5 1			0.01		0.8		20.16		0.36073	0.5073	65.769247456	23.9531
5 1 9			0.01		0.81		19.94		0.36048	0.4583	58.9619928854	19.0838
0 4 18			0.01		0.83		19.66		0.36047	0.8369	84.5238780681	17.4513
0 0 12			-0.07		0.76		21.12		0.35862	3.2426	47.0346015839	274.3783
1 7 3			-0.0		0.76		21.2		0.35848	0.9932	66.8968211493	90.2271
0 6 4			-0.0		0.75		21.24		0.35856	0.6675	57.2171401797	42.9768