HKL Value		Reward		TotalReward	Chi Squared	Z Appr. 	Error	Two-Thetas	Sfs2
5 3 7			0.0		0.0		0.0		0.3	0.2523	60.5057581853	5.4388
1 7 7			0.0		0.0		0.08		0.33542	0.4353	72.3061031614	6.1143
4 6 2			-0.92		-0.92		0.99		0.33498	0.2349	67.657370766	5.5969
2 0 14			0.21		-0.71		0.82		0.33325	0.2634	58.6945218607	7.3942
4 6 0			0.31		-0.4		0.62		0.33325	0.7863	67.1083315067	59.4729
3 5 5			-0.87		-1.27		4.73		0.3825	1.2751	56.9624934876	133.7285
4 2 10			0.18		-1.09		4.0		0.38193	1.1102	57.0442200735	11.3144
6 2 4			-0.63		-1.72		10.75		0.38208	0.8727	60.3342977717	77.9073
4 2 6			-0.2		-1.92		13.47		0.3805	1.6049	46.7233273538	62.1975
7 1 7			0.12		-1.79		12.0		0.38023	0.3505	72.2660298289	5.0526
6 4 0			0.11		-1.68		10.8		0.38023	1.8287	67.0910631577	58.6803
5 1 13			-0.0		-1.69		10.85		0.36389	0.4567	71.2764535317	11.3258
0 2 20			0.09		-1.6		9.95		0.36358	0.4494	86.0769303832	2.8517
5 3 11			-0.24		-1.84		13.15		0.36358	1.8677	70.5420870211	204.0714
5 5 7			0.07		-1.77		12.28		0.36363	0.6639	72.2860687267	4.3062
1 3 15			0.05		-1.72		11.64		0.36375	0.2862	67.3623786269	8.1809
1 3 13			0.07		-1.65		10.92		0.36369	0.3907	59.4200243294	11.5335
2 4 8			0.04		-1.61		10.53		0.36325	0.1687	51.4325245866	2.4593
5 1 7			0.05		-1.56		10.02		0.36328	0.2609	54.1000446603	4.252
3 5 7			0.05		-1.52		9.58		0.36331	0.2309	60.5203777188	5.6046
0 2 10			-0.02		-1.54		9.8		0.3632	0.4317	42.9590557724	21.0204
3 3 7			0.05		-1.49		9.36		0.36323	0.1558	47.1418707618	3.5073
1 5 7			0.04		-1.45		9.0		0.36326	0.6035	54.1236034243	4.2528
1 3 7			0.04		-1.41		8.67		0.3633	0.1893	39.2755843192	5.3372
0 6 2			0.03		-1.38		8.39		0.36334	0.2356	55.3895592761	6.1752
6 0 2			0.03		-1.35		8.12		0.36338	0.2214	55.354768557	5.4487
1 1 7			0.03		-1.31		7.87		0.36343	0.2012	29.7561292971	6.5386
3 1 15			0.03		-1.29		7.67		0.36354	0.2871	67.3554895111	7.7692
4 2 14			0.03		-1.26		7.48		0.36323	1.2576	70.6282605877	19.9713
0 4 0			-0.7		-1.96		24.62		0.36323	6.137	35.7152072575	818.959
6 0 8			0.03		-1.93		23.9		0.36284	2.9234	64.163237895	5.3359
3 1 1			0.01		-1.92		23.75		0.36277	0.5239	28.3131072915	41.7464
2 0 8			0.03		-1.89		23.02		0.36269	0.1665	35.7565424018	1.5727
4 4 2			-0.07		-1.96		24.83		0.36299	1.2125	52.0311030722	128.6454
1 1 15			0.02		-1.95		24.38		0.36322	0.656	61.3839959686	20.6242
2 0 4			-0.05		-2.0		25.75		0.36334	1.3874	23.4143586184	109.347
0 2 14			0.03		-1.97		25.03		0.36338	0.2479	58.6982494177	6.3292
6 0 12			0.03		-1.94		24.36		0.36335	0.5892	74.995462768	0.9301
3 7 5			0.01		-1.93		24.08		0.36376	1.0548	74.7470539899	89.5814
2 4 12			0.02		-1.91		23.5		0.36366	0.2205	63.4791913795	4.8908
2 2 12			-0.08		-1.98		25.49		0.36077	1.9766	54.0147953295	208.0279
1 5 13			0.02		-1.96		24.89		0.36164	1.1973	71.2966048402	12.6128
4 2 8			0.02		-1.94		24.36		0.36094	0.7605	51.4203212226	2.5419
3 1 7			0.02		-1.92		23.83		0.36096	0.257	39.2655360855	5.205
2 4 14			0.02		-1.89		23.31		0.36066	0.5221	70.6383718296	19.4111
1 1 13			0.02		-1.87		22.81		0.36125	0.3722	52.9310122384	10.9703
0 6 18			0.02		-1.85		22.33		0.36125	0.7949	98.0280769063	1.8601
0 6 10			0.02		-1.83		21.94		0.3611	0.8527	69.1637693973	8.5049
0 4 14			-0.01		-1.84		22.06		0.35995	1.2337	67.7597167724	121.3788
4 0 2			-0.06		-1.9		23.42		0.36043	1.7854	36.5531212028	138.5255
6 0 6			0.02		-1.88		23.0		0.36001	1.0815	60.1501886982	39.9969
3 1 13			0.02		-1.86		22.58		0.3606	0.3869	59.4126405656	11.7895
6 0 10			0.02		-1.84		22.23		0.36046	1.0728	69.1331306246	8.9056
2 0 0			-0.02		-1.86		22.68		0.36046	2.02	17.6289686615	175.6782
0 6 6			0.02		-1.85		22.31		0.36004	1.0147	60.183190367	40.9583
4 2 0			0.01		-1.84		22.14		0.36004	0.9287	40.0811891304	86.5118
2 4 6			0.01		-1.83		21.88		0.35929	0.785	46.7364348384	64.2552
5 5 1			0.01		-1.81		21.6		0.3592	0.5073	65.769247456	23.9531
2 0 16			0.01		-1.8		21.28		0.36015	0.5935	67.2372591268	11.8907
3 3 13			0.02		-1.78		20.93		0.36044	0.5636	65.4922780779	9.1158
6 4 2			0.02		-1.77		20.62		0.36045	0.2211	67.6401768609	4.8049
0 0 8			-0.06		-1.83		21.89		0.36139	2.1948	30.8548203523	183.9052
2 2 4			-0.02		-1.85		22.34		0.3613	0.7551	29.4672289371	73.6026
2 4 10			0.01		-1.83		22.1		0.36122	0.607	57.0555982332	12.0937
0 6 14			0.01		-1.82		21.79		0.36102	0.9096	81.7552219026	27.2955
6 4 6			0.02		-1.81		21.46		0.36104	0.9247	71.9614498967	41.9809
3 5 9			0.01		-1.8		21.25		0.36067	0.4755	65.0802252419	19.5165
1 1 9			0.02		-1.78		20.93		0.36062	0.2216	37.1193146943	1.1702
3 7 1			0.01		-1.77		20.72		0.36058	1.2822	71.5694631273	22.2453
0 0 2			-0.03		-1.8		21.46		0.36074	1.161	7.62646333295	98.931
1 5 9			0.01		-1.79		21.21		0.36034	0.4394	58.984264935	17.7365
2 2 16			0.0		-1.79		21.11		0.36175	1.1693	70.1293332912	108.6018
0 6 16			0.01		-1.77		20.82		0.3618	0.4825	89.3859051251	7.6515
2 4 2			0.01		-1.77		20.64		0.36182	0.3828	40.8766170199	13.2501
9 1 1			0.01		-1.76		20.43		0.3618	0.8793	87.9915459652	19.6393
2 0 12			0.01		-1.75		20.23		0.36158	0.8079	50.6101057273	16.6151
0 6 8			0.01		-1.73		19.99		0.36144	0.7694	64.1950429677	5.6946
3 3 9			0.01		-1.72		19.77		0.36125	0.3816	52.4524123761	12.0632
6 2 0			-0.15		-1.87		23.14		0.36125	4.3933	57.9728440251	566.5186
4 4 6			-0.09		-1.96		25.36		0.36018	4.3817	57.0116572758	400.3855
5 1 9			0.01		-1.94		25.09		0.35981	0.4583	58.9619928854	19.0838
0 4 20			0.01		-1.93		24.85		0.36108	1.027	94.1654323607	18.6345
4 6 6			0.01		-1.92		24.55		0.3611	1.1903	71.9781772466	41.9784
4 2 2			0.01		-1.91		24.34		0.36111	0.457	40.8620305525	12.2524
2 0 10			0.01		-1.91		24.2		0.36105	0.6169	42.9543880851	20.236
0 0 14			0.0		-1.9		24.09		0.36086	0.8389	55.4890953336	74.9432
0 6 0			0.01		-1.9		23.89		0.36086	1.4277	54.7714555341	59.4019
0 2 12			0.01		-1.89		23.67		0.36067	0.3827	50.6142203783	17.5707
0 2 8			0.01		-1.87		23.4		0.36067	0.1155	35.7619852008	1.7384
2 2 2			-0.03		-1.9		24.11		0.36075	1.1162	26.2109248846	125.5642
0 0 18			0.01		-1.9		23.91		0.36074	0.6609	73.530655613	37.988
1 7 1			0.01		-1.89		23.77		0.36072	0.5219	65.7901743415	26.2984
6 2 10			0.0		-1.89		23.73		0.36092	0.7103	71.9901825081	43.9921
3 3 15			0.01		-1.88		23.49		0.36096	0.3402	73.0835579415	3.8877
4 4 10			-0.0		-1.88		23.5		0.36117	0.6886	66.23802526	47.6672
1 1 3			0.0		-1.87		23.41		0.36113	0.4514	16.9416048235	36.8187
3 5 3			-0.0		-1.88		23.53		0.36105	0.9259	54.5093201099	87.7589
5 1 1			0.01		-1.87		23.41		0.36104	0.5346	46.1701152	26.7419
7 3 1			0.01		-1.87		23.23		0.36102	0.5095	71.5359286583	22.1332
0 0 20			0.0		-1.87		23.21		0.36256	0.4542	83.3712939521	4.3689
0 0 16			0.01		-1.86		23.09		0.36289	1.3342	64.286058028	116.6634
5 3 9			0.01		-1.85		22.96		0.36281	0.4833	65.0662013285	20.8409