HKL Value		Reward		TotalReward	Chi Squared	Z Appr. 	Error	Two-Thetas	Sfs2
5 3 7			0.0		0.0		0.0		0.3	0.2523	60.5057581853	5.4388
1 7 7			0.0		0.0		0.08		0.33542	0.4353	72.3061031614	6.1143
4 4 0			-1.0		-1.0		163.13		0.33542	4.9852	51.3853572345	648.027
4 6 0			0.5		-0.5		108.76		0.33542	0.7863	67.1083315067	59.4729
4 2 6			0.33		-0.17		81.58		0.33544	1.6049	46.7233273538	62.1975
7 1 7			0.25		0.08		65.26		0.33563	0.3505	72.2660298289	5.0526
6 4 0			0.2		0.28		54.39		0.33563	1.8287	67.0910631577	58.6803
0 2 20			0.17		0.45		46.63		0.33646	0.4494	86.0769303832	2.8517
2 4 8			0.14		0.59		40.8		0.33648	0.1687	51.4325245866	2.4593
0 0 2			-0.09		0.5		44.98		0.33667	1.161	7.62646333295	98.931
5 1 7			0.11		0.61		40.48		0.33671	0.2609	54.1000446603	4.252
3 5 7			0.1		0.71		36.8		0.33668	0.2309	60.5203777188	5.6046
5 5 7			0.09		0.8		33.76		0.33687	0.6639	72.2860687267	4.3062
3 3 7			0.08		0.88		31.19		0.33713	0.1558	47.1418707618	3.5073
1 5 7			0.08		0.96		28.96		0.33714	0.6035	54.1236034243	4.2528
1 3 7			0.07		1.03		27.03		0.33715	0.1893	39.2755843192	5.3372
2 0 10			0.03		1.07		26.16		0.33742	0.6169	42.9543880851	20.236
1 1 7			0.06		1.13		24.62		0.33746	0.2012	29.7561292971	6.5386
6 0 8			0.05		1.18		23.36		0.33719	2.9234	64.163237895	5.3359
2 0 14			0.05		1.23		22.26		0.33662	0.2634	58.6945218607	7.3942
0 6 2			0.04		1.28		21.3		0.33661	0.2356	55.3895592761	6.1752
0 2 14			0.05		1.32		20.36		0.33621	0.2479	58.6982494177	6.3292
0 2 4			-0.13		1.2		23.3		0.33652	1.326	23.4223631322	110.0283
6 0 2			0.04		1.24		22.4		0.33652	0.2214	55.354768557	5.4487
9 1 1			0.04		1.27		21.59		0.33646	0.8793	87.9915459652	19.6393
3 3 1			0.02		1.29		21.15		0.33638	0.5106	38.1558496662	33.1617
0 6 18			0.04		1.33		20.35		0.35275	0.7949	98.0280769063	1.8601
3 7 1			0.03		1.36		19.81		0.35262	1.2822	71.5694631273	22.2453
2 0 8			0.04		1.4		19.11		0.35268	0.1665	35.7565424018	1.5727
4 6 2			0.03		1.43		18.55		0.35266	0.2349	67.657370766	5.5969
3 1 7			0.03		1.46		17.98		0.35257	0.257	39.2655360855	5.205
0 2 18			0.03		1.49		17.4		0.35278	0.3755	76.3208597895	3.7538
4 2 8			0.03		1.52		16.86		0.35288	0.7605	51.4203212226	2.5419
1 5 13			0.02		1.54		16.55		0.35326	1.1973	71.2966048402	12.6128
2 4 14			0.03		1.57		16.1		0.35365	0.5221	70.6383718296	19.4111
4 2 14			0.03		1.6		15.66		0.35404	1.2576	70.6282605877	19.9713
0 6 10			0.02		1.62		15.31		0.35385	0.8527	69.1637693973	8.5049
6 0 12			0.02		1.64		15.01		0.35733	0.5892	74.995462768	0.9301
6 0 6			0.03		1.67		14.64		0.35698	1.0815	60.1501886982	39.9969
3 3 11			-0.11		1.55		16.53		0.35948	2.1204	58.6030846927	249.5822
5 3 9			0.02		1.57		16.28		0.35829	0.4833	65.0662013285	20.8409
3 1 13			0.02		1.59		15.95		0.35926	0.3869	59.4126405656	11.7895
4 2 10			0.02		1.61		15.7		0.35893	1.1102	57.0442200735	11.3144
0 6 6			0.02		1.63		15.38		0.3584	1.0147	60.183190367	40.9583
1 1 13			0.02		1.65		15.08		0.35927	0.3722	52.9310122384	10.9703
2 4 6			0.01		1.66		14.9		0.35834	0.785	46.7364348384	64.2552
6 0 10			0.02		1.67		14.66		0.35811	1.0728	69.1331306246	8.9056
1 1 9			0.02		1.7		14.35		0.35814	0.2216	37.1193146943	1.1702
6 4 6			0.02		1.72		14.06		0.35842	0.9247	71.9614498967	41.9809
2 4 12			0.02		1.74		13.78		0.3583	0.2205	63.4791913795	4.8908
0 2 22			-0.02		1.72		14.01		0.36046	1.8317	96.7387030121	97.213
2 2 2			-0.09		1.63		15.42		0.3607	1.1162	26.2109248846	125.5642
1 5 9			0.01		1.64		15.19		0.36028	0.4394	58.984264935	17.7365
5 1 13			0.02		1.66		14.93		0.36063	0.4567	71.2764535317	11.3258
0 2 0			-0.04		1.62		15.53		0.36063	1.4407	17.6394681947	177.2483
2 4 10			0.01		1.63		15.37		0.36051	0.607	57.0555982332	12.0937
0 6 16			0.02		1.65		15.11		0.36079	0.4825	89.3859051251	7.6515
3 3 13			0.02		1.67		14.85		0.36093	0.5636	65.4922780779	9.1158
4 0 10			-0.01		1.66		14.96		0.36131	0.6243	53.7713327333	45.2096
0 6 14			0.01		1.68		14.75		0.36115	0.9096	81.7552219026	27.2955
0 2 10			0.0		1.68		14.73		0.36104	0.4317	42.9590557724	21.0204
2 0 16			0.02		1.69		14.51		0.36136	0.5935	67.2372591268	11.8907
7 3 5			-0.0		1.69		14.52		0.36168	1.0496	74.7140851895	88.0788
3 3 3			-0.01		1.68		14.68		0.36158	0.8081	39.7679129272	70.9373
5 5 1			0.01		1.69		14.54		0.36155	0.5073	65.769247456	23.9531
6 2 4			-0.04		1.65		15.09		0.36148	0.8727	60.3342977717	77.9073
0 6 8			0.01		1.67		14.88		0.36133	0.7694	64.1950429677	5.6946
6 2 2			-0.06		1.6		15.91		0.36149	3.3001	58.5687226088	135.1206
1 3 13			0.01		1.62		15.69		0.36165	0.3907	59.4200243294	11.5335
3 5 9			0.01		1.62		15.58		0.36142	0.4755	65.0802252419	19.5165
0 2 12			0.01		1.63		15.44		0.36113	0.3827	50.6142203783	17.5707
2 4 2			0.01		1.64		15.33		0.36114	0.3828	40.8766170199	13.2501
7 3 1			0.01		1.65		15.21		0.36112	0.5095	71.5359286583	22.1332
3 3 9			0.01		1.66		15.04		0.36091	0.3816	52.4524123761	12.0632
0 2 6			-0.02		1.64		15.29		0.36033	1.1672	29.1471999487	131.5155
0 2 8			0.01		1.66		15.09		0.36033	0.1155	35.7619852008	1.7384
2 0 2			-0.01		1.65		15.23		0.3603	0.6502	19.2320929378	35.9547
6 4 2			0.01		1.66		15.06		0.3603	0.2211	67.6401768609	4.8049
4 6 6			0.01		1.67		14.87		0.36034	1.1903	71.9781772466	41.9784
4 2 2			0.01		1.68		14.77		0.36036	0.457	40.8620305525	12.2524
1 3 15			0.01		1.69		14.64		0.36047	0.2862	67.3623786269	8.1809
3 1 15			0.01		1.7		14.5		0.36058	0.2871	67.3554895111	7.7692
5 1 9			0.01		1.71		14.37		0.36028	0.4583	58.9619928854	19.0838
0 6 0			0.01		1.71		14.28		0.36028	1.4277	54.7714555341	59.4019
0 4 20			0.01		1.72		14.17		0.36129	1.027	94.1654323607	18.6345
0 0 18			0.01		1.73		14.07		0.36129	0.6609	73.530655613	37.988
0 0 20			-0.0		1.72		14.12		0.36273	0.4542	83.3712939521	4.3689
1 1 15			0.0		1.73		14.07		0.36278	0.656	61.3839959686	20.6242
4 0 0			-0.27		1.45		19.32		0.36278	8.3901	35.6934066618	787.9925
2 6 10			0.0		1.46		19.32		0.3629	0.7069	72.0169435829	44.7171
5 1 1			0.0		1.46		19.23		0.36289	0.5346	46.1701152	26.7419
1 7 1			0.0		1.46		19.14		0.36288	0.5219	65.7901743415	26.2984
1 1 3			0.0		1.47		19.11		0.36286	0.4514	16.9416048235	36.8187
3 7 5			0.0		1.47		19.06		0.36297	1.0548	74.7470539899	89.5814
0 4 2			-0.04		1.43		19.77		0.36303	3.2657	36.5744795411	137.7475
6 2 10			0.0		1.43		19.76		0.36315	0.7103	71.9901825081	43.9921
0 2 16			0.01		1.44		19.56		0.36321	1.8687	67.2407114996	13.8307
3 1 3			-0.0		1.44		19.62		0.36318	1.2003	30.3814370344	67.5761
3 1 9			0.01		1.45		19.45		0.36313	0.36	45.2950695798	8.7768
2 4 0			0.0		1.45		19.39		0.36313	1.4359	40.0960076051	88.2765
1 3 1			-0.0		1.45		19.4		0.36312	0.5324	28.3265170018	42.1271
1 5 1			0.0		1.46		19.32		0.36311	0.4978	46.196563203	27.3004