HKL Value		Reward		TotalReward	Chi Squared	Z Appr. 	Error	Two-Thetas	Sfs2
4 4 8			0.0		0.0		0.0		0.3	3.9407	61.1479986878	218.5721
5 3 7			0.0		0.0		81.27		0.37557	0.2523	60.5057581853	5.4388
2 0 12			0.77		0.77		45.87		0.37564	0.8079	50.6101057273	16.6151
1 7 5			0.34		1.11		34.26		0.37883	1.0841	69.0835930101	99.7513
1 7 7			0.33		1.44		25.7		0.37906	0.4353	72.3061031614	6.1143
4 6 0			0.25		1.69		20.57		0.37906	0.7863	67.1083315067	59.4729
1 5 7			0.2		1.89		17.16		0.37869	0.6035	54.1236034243	4.2528
4 2 6			-0.08		1.82		18.56		0.37461	1.6049	46.7233273538	62.1975
7 1 7			0.14		1.96		16.27		0.37512	0.3505	72.2660298289	5.0526
2 4 2			0.07		2.03		15.21		0.37553	0.3828	40.8766170199	13.2501
6 4 0			0.11		2.14		13.69		0.37553	1.8287	67.0910631577	58.6803
0 4 2			-0.3		1.84		19.53		0.37744	3.2657	36.5744795411	137.7475
2 4 8			0.03		1.87		18.87		0.37896	0.1687	51.4325245866	2.4593
0 2 20			0.04		1.91		18.2		0.38424	0.4494	86.0769303832	2.8517
5 1 7			0.06		1.98		17.09		0.38389	0.2609	54.1000446603	4.252
3 5 7			0.06		2.04		16.06		0.38367	0.2309	60.5203777188	5.6046
5 5 7			0.05		2.09		15.3		0.3833	0.6639	72.2860687267	4.3062
0 0 18			0.05		2.14		14.56		0.36543	0.6609	73.530655613	37.988
3 3 7			0.06		2.2		13.78		0.36547	0.1558	47.1418707618	3.5073
1 1 17			-0.21		1.98		17.54		0.35572	2.447	70.2810461715	248.4175
3 5 5			-0.1		1.88		19.43		0.35701	1.2751	56.9624934876	133.7285
2 0 14			0.05		1.93		18.53		0.35701	0.2634	58.6945218607	7.3942
1 3 7			0.04		1.98		17.77		0.35701	0.1893	39.2755843192	5.3372
1 1 7			0.04		2.02		17.07		0.35701	0.2012	29.7561292971	6.5386
3 3 1			0.01		2.03		16.91		0.35689	0.5106	38.1558496662	33.1617
6 0 8			0.04		2.07		16.24		0.35676	2.9234	64.163237895	5.3359
4 6 6			0.04		2.11		15.65		0.35711	1.1903	71.9781772466	41.9784
0 2 14			0.04		2.14		15.11		0.35711	0.2479	58.6982494177	6.3292
6 2 0			-0.39		1.75		24.65		0.35711	4.3933	57.9728440251	566.5186
1 1 5			-0.12		1.64		27.96		0.3606	1.9661	22.8949597146	247.5537
0 6 2			0.03		1.67		27.1		0.36078	0.2356	55.3895592761	6.1752
6 0 2			0.03		1.7		26.28		0.36092	0.2214	55.354768557	5.4487
2 0 8			0.03		1.73		25.46		0.36083	0.1665	35.7565424018	1.5727
5 1 1			0.02		1.75		25.04		0.36065	0.5346	46.1701152	26.7419
4 2 8			0.03		1.78		24.35		0.3596	0.7605	51.4203212226	2.5419
0 6 8			0.03		1.8		23.67		0.35913	0.7694	64.1950429677	5.6946
3 1 7			0.03		1.83		23.06		0.35914	0.257	39.2655360855	5.205
2 6 6			-0.14		1.69		26.78		0.35662	5.383	63.2392339525	346.2148
0 6 18			0.03		1.72		26.09		0.35656	0.7949	98.0280769063	1.8601
4 6 2			0.02		1.74		25.49		0.35655	0.2349	67.657370766	5.5969
2 2 6			-0.24		1.5		33.67		0.35463	8.3224	34.2684003079	615.2447
1 5 13			0.02		1.52		33.0		0.35488	1.1973	71.2966048402	12.6128
0 6 10			0.02		1.54		32.28		0.35479	0.8527	69.1637693973	8.5049
6 0 6			0.02		1.57		31.54		0.35471	1.0815	60.1501886982	39.9969
3 3 5			-0.03		1.54		32.4		0.35565	1.3995	42.8396693434	151.0913
3 1 13			0.02		1.56		31.79		0.35599	0.3869	59.4126405656	11.7895
3 5 11			-0.02		1.54		32.43		0.35742	1.8915	70.5555824797	206.4699
4 2 14			0.02		1.56		31.75		0.3574	1.2576	70.6282605877	19.9713
0 6 6			0.02		1.58		31.11		0.35718	1.0147	60.183190367	40.9583
6 0 12			0.02		1.6		30.5		0.35776	0.5892	74.995462768	0.9301
1 1 9			0.02		1.62		29.9		0.3578	0.2216	37.1193146943	1.1702
6 4 6			0.02		1.64		29.32		0.35794	0.9247	71.9614498967	41.9809
2 4 6			0.02		1.66		28.87		0.35763	0.785	46.7364348384	64.2552
2 4 12			0.02		1.68		28.33		0.35763	0.2205	63.4791913795	4.8908
5 1 5			-0.02		1.66		28.82		0.35826	1.1901	50.2495039981	127.1383
3 1 5			-0.04		1.62		29.91		0.35911	2.8985	34.1781376955	186.2389
2 4 14			0.02		1.64		29.39		0.35905	0.5221	70.6383718296	19.4111
0 2 4			-0.03		1.61		30.17		0.35921	1.326	23.4223631322	110.0283
6 0 10			0.02		1.63		29.72		0.35911	1.0728	69.1331306246	8.9056
0 2 2			0.0		1.63		29.67		0.35907	0.4614	19.2417464495	36.8131
0 6 14			0.02		1.65		29.21		0.35898	0.9096	81.7552219026	27.2955
1 1 13			0.02		1.66		28.76		0.35931	0.3722	52.9310122384	10.9703
3 3 13			0.02		1.68		28.32		0.35958	0.5636	65.4922780779	9.1158
2 0 16			0.01		1.69		27.91		0.36007	0.5935	67.2372591268	11.8907
3 7 1			0.01		1.7		27.58		0.36004	1.2822	71.5694631273	22.2453
1 3 13			0.01		1.72		27.18		0.36034	0.3907	59.4200243294	11.5335
5 3 9			0.01		1.73		26.88		0.35996	0.4833	65.0662013285	20.8409
5 1 13			0.01		1.74		26.5		0.36025	0.4567	71.2764535317	11.3258
1 3 11			-0.05		1.69		27.88		0.3607	2.4293	52.0561920156	298.4303
1 5 11			-0.02		1.68		28.36		0.36095	1.8219	64.7342781598	204.7444
2 4 10			0.01		1.69		28.06		0.3609	0.607	57.0555982332	12.0937
0 4 16			0.01		1.7		27.77		0.36162	1.5557	75.7704700384	94.8658
3 3 9			0.01		1.71		27.44		0.36149	0.3816	52.4524123761	12.0632
6 2 6			-0.07		1.64		29.38		0.36079	3.9921	63.2107357729	344.5633
0 2 8			0.01		1.66		28.98		0.36078	0.1155	35.7619852008	1.7384
1 5 9			0.01		1.67		28.64		0.36057	0.4394	58.984264935	17.7365
0 2 18			0.01		1.68		28.29		0.36057	0.3755	76.3208597895	3.7538
1 3 3			0.0		1.69		28.22		0.36048	0.7045	30.3940112777	66.1614
6 4 2			0.01		1.7		27.89		0.36048	0.2211	67.6401768609	4.8049
0 6 16			0.01		1.71		27.55		0.36065	0.4825	89.3859051251	7.6515
9 1 1			0.01		1.72		27.26		0.36063	0.8793	87.9915459652	19.6393
3 1 9			0.01		1.73		26.95		0.36051	0.36	45.2950695798	8.7768
1 3 15			0.01		1.74		26.67		0.36058	0.2862	67.3623786269	8.1809
5 5 1			0.01		1.75		26.42		0.36056	0.5073	65.769247456	23.9531
5 1 9			0.01		1.76		26.16		0.36035	0.4583	58.9619928854	19.0838
0 2 12			0.01		1.77		25.9		0.36009	0.3827	50.6142203783	17.5707
3 3 3			0.0		1.77		25.88		0.36001	0.8081	39.7679129272	70.9373
3 5 9			0.01		1.78		25.66		0.35977	0.4755	65.0802252419	19.5165
0 4 20			0.01		1.79		25.45		0.36079	1.027	94.1654323607	18.6345
2 2 14			0.0		1.79		25.42		0.36061	1.0835	61.7979105177	101.9829
0 6 0			0.01		1.8		25.21		0.36061	1.4277	54.7714555341	59.4019
5 3 1			0.0		1.8		25.09		0.36059	0.5252	53.2386121167	32.835
4 2 10			0.01		1.81		24.88		0.36056	1.1102	57.0442200735	11.3144
6 2 10			0.0		1.81		24.84		0.36071	0.7103	71.9901825081	43.9921
2 6 10			0.0		1.82		24.8		0.36087	0.7069	72.0169435829	44.7171
1 5 5			-0.01		1.8		25.07		0.36111	1.8923	50.2743192378	127.3636
1 1 15			0.01		1.81		24.92		0.3612	0.656	61.3839959686	20.6242
3 1 15			0.01		1.82		24.69		0.36125	0.2871	67.3554895111	7.7692
6 4 4			0.0		1.82		24.58		0.36128	0.6669	69.2748711385	33.991
0 2 10			0.0		1.83		24.46		0.36124	0.4317	42.9590557724	21.0204
6 2 8			-0.03		1.8		25.13		0.36157	3.3751	67.1207225085	222.106
1 7 1			0.01		1.81		24.99		0.36156	0.5219	65.7901743415	26.2984