HKL Value		Reward		TotalReward	Chi Squared	Z Appr. 	Error	Two-Thetas	Sfs2
5 3 7			0.0		0.0		0.0		0.3	0.2523	60.5057581853	5.4388
1 7 7			0.0		0.0		0.08		0.33542	0.4353	72.3061031614	6.1143
0 0 22			-1.0		-1.0		15.83		0.32476	2.2765	94.0325860765	137.6091
4 6 0			0.5		-0.5		10.56		0.32476	0.7863	67.1083315067	59.4729
4 2 6			0.33		-0.17		7.94		0.32478	1.6049	46.7233273538	62.1975
0 2 0			-0.5		-0.67		15.85		0.32478	1.4407	17.6394681947	177.2483
7 1 7			0.08		-0.58		14.63		0.32592	0.3505	72.2660298289	5.0526
6 4 0			0.17		-0.42		12.54		0.32592	1.8287	67.0910631577	58.6803
2 4 8			0.05		-0.37		11.95		0.32674	0.1687	51.4325245866	2.4593
5 1 7			0.05		-0.32		11.39		0.3277	0.2609	54.1000446603	4.252
0 2 20			-0.12		-0.43		12.9		0.33331	0.4494	86.0769303832	2.8517
7 3 5			-0.21		-0.64		16.29		0.33388	1.0496	74.7140851895	88.0788
3 5 7			0.09		-0.55		14.94		0.334	0.2309	60.5203777188	5.6046
5 5 7			0.08		-0.48		13.88		0.3343	0.6639	72.2860687267	4.3062
1 5 7			0.07		-0.4		12.91		0.33445	0.6035	54.1236034243	4.2528
0 2 10			-0.01		-0.41		13.0		0.33446	0.4317	42.9590557724	21.0204
1 3 7			0.06		-0.34		12.2		0.33461	0.1893	39.2755843192	5.3372
6 0 8			0.06		-0.29		11.55		0.33445	2.9234	64.163237895	5.3359
2 0 14			0.06		-0.23		10.95		0.33417	0.2634	58.6945218607	7.3942
3 5 9			0.02		-0.21		10.72		0.33423	0.4755	65.0802252419	19.5165
0 6 2			0.04		-0.17		10.34		0.33422	0.2356	55.3895592761	6.1752
4 6 2			0.04		-0.13		9.94		0.33419	0.2349	67.657370766	5.5969
6 0 2			0.03		-0.1		9.6		0.33418	0.2214	55.354768557	5.4487
1 1 7			0.04		-0.05		9.21		0.33436	0.2012	29.7561292971	6.5386
5 3 11			0.27		0.21		7.27		0.36181	1.8677	70.5420870211	204.0714
0 2 14			0.04		0.25		6.99		0.36203	0.2479	58.6982494177	6.3292
5 3 3			-0.14		0.11		8.12		0.3616	0.9351	54.4936931553	89.9375
1 1 13			0.04		0.15		7.84		0.36202	0.3722	52.9310122384	10.9703
2 4 14			0.03		0.18		7.6		0.36171	0.5221	70.6383718296	19.4111
4 2 14			0.03		0.21		7.39		0.36143	1.2576	70.6282605877	19.9713
1 5 13			0.03		0.24		7.17		0.36187	1.1973	71.2966048402	12.6128
2 0 10			-0.03		0.21		7.36		0.36169	0.6169	42.9543880851	20.236
3 1 7			0.03		0.24		7.17		0.36172	0.257	39.2655360855	5.205
4 2 8			0.02		0.26		7.03		0.36125	0.7605	51.4203212226	2.5419
0 6 10			0.01		0.27		6.95		0.36111	0.8527	69.1637693973	8.5049
3 1 13			0.03		0.3		6.78		0.36152	0.3869	59.4126405656	11.7895
1 7 5			-0.08		0.22		7.35		0.36221	1.0841	69.0835930101	99.7513
0 6 6			0.01		0.23		7.25		0.3619	1.0147	60.183190367	40.9583
6 0 6			0.02		0.25		7.13		0.36159	1.0815	60.1501886982	39.9969
3 3 7			0.02		0.27		6.97		0.36161	0.1558	47.1418707618	3.5073
2 4 10			0.0		0.27		6.97		0.3615	0.607	57.0555982332	12.0937
1 7 1			-0.01		0.26		7.07		0.36144	0.5219	65.7901743415	26.2984
6 0 10			0.01		0.27		7.01		0.36133	1.0728	69.1331306246	8.9056
3 3 13			0.02		0.29		6.85		0.36146	0.5636	65.4922780779	9.1158
2 2 14			-0.05		0.24		7.22		0.36081	1.0835	61.7979105177	101.9829
5 1 11			-0.14		0.1		8.41		0.36118	3.2753	64.7131722767	203.727
2 4 6			-0.0		0.1		8.42		0.3608	0.785	46.7364348384	64.2552