HKL Value		Reward		TotalReward	Chi Squared	Z Appr. 	Error	Two-Thetas	Sfs2
5 3 7			0.0		0.0		0.0		0.3	0.2523	60.5057581853	5.4388
1 7 7			0.0		0.0		0.08		0.33542	0.4353	72.3061031614	6.1143
4 6 0			0.29		0.29		0.06		0.33542	0.7863	67.1083315067	59.4729
4 2 6			0.43		0.72		0.04		0.33544	1.6049	46.7233273538	62.1975
1 3 5			-1.0		-0.28		21.72		0.37908	3.1323	34.189462707	190.138
3 3 7			0.24		-0.03		17.51		0.37736	0.1558	47.1418707618	3.5073
1 7 3			-0.15		-0.18		20.51		0.37375	0.9932	66.8968211493	90.2271
7 1 7			0.16		-0.02		17.63		0.37478	0.3505	72.2660298289	5.0526
6 4 0			0.14		0.12		15.43		0.37478	1.8287	67.0910631577	58.6803
0 2 0			-0.19		-0.06		18.99		0.37478	1.4407	17.6394681947	177.2483
2 4 8			0.05		-0.01		18.0		0.36163	0.1687	51.4325245866	2.4593
5 1 7			0.09		0.08		16.49		0.36192	0.2609	54.1000446603	4.252
0 2 20			0.09		0.17		15.12		0.36312	0.4494	86.0769303832	2.8517
2 0 2			-0.05		0.12		15.97		0.36303	0.6502	19.2320929378	35.9547
5 5 7			0.07		0.19		14.89		0.36312	0.6639	72.2860687267	4.3062
3 5 7			0.06		0.26		14.02		0.36323	0.2309	60.5203777188	5.6046
1 5 7			0.06		0.32		13.23		0.36331	0.6035	54.1236034243	4.2528
0 4 16			0.05		0.37		12.54		0.36445	1.5557	75.7704700384	94.8658
1 5 5			-0.12		0.25		14.29		0.36517	1.8923	50.2743192378	127.3636
1 3 7			0.05		0.3		13.61		0.36522	0.1893	39.2755843192	5.3372
3 1 7			0.05		0.35		12.99		0.36526	0.257	39.2655360855	5.205
6 0 8			0.03		0.38		12.59		0.36489	2.9234	64.163237895	5.3359
3 1 1			-0.02		0.35		12.91		0.36484	0.5239	28.3131072915	41.7464
2 6 2			-0.19		0.17		15.87		0.36512	1.2892	58.5985395934	134.3564
2 0 14			0.04		0.21		15.22		0.36499	0.2634	58.6945218607	7.3942
0 6 2			0.04		0.24		14.69		0.36502	0.2356	55.3895592761	6.1752
4 6 2			0.03		0.28		14.22		0.36504	0.2349	67.657370766	5.5969
6 0 2			0.03		0.31		13.75		0.36507	0.2214	55.354768557	5.4487
1 1 7			0.03		0.35		13.31		0.36512	0.2012	29.7561292971	6.5386
0 2 14			0.04		0.38		12.85		0.36505	0.2479	58.6982494177	6.3292
6 4 6			0.03		0.41		12.44		0.36494	0.9247	71.9614498967	41.9809
1 1 13			0.03		0.45		12.06		0.36465	0.3722	52.9310122384	10.9703
1 5 13			0.03		0.48		11.68		0.36454	1.1973	71.2966048402	12.6128
0 6 6			0.02		0.49		11.49		0.36431	1.0147	60.183190367	40.9583
2 4 14			0.02		0.52		11.23		0.36408	0.5221	70.6383718296	19.4111
3 3 1			-0.01		0.51		11.31		0.36405	0.5106	38.1558496662	33.1617
4 2 14			0.02		0.53		11.07		0.36383	1.2576	70.6282605877	19.9713
0 6 10			0.02		0.55		10.9		0.3638	0.8527	69.1637693973	8.5049
4 2 8			0.02		0.56		10.72		0.36351	0.7605	51.4203212226	2.5419
3 1 13			0.03		0.59		10.45		0.36351	0.3869	59.4126405656	11.7895
5 3 5			-0.07		0.52		11.27		0.36395	2.2247	56.9473208346	134.0256
3 3 13			0.02		0.54		11.01		0.36374	0.5636	65.4922780779	9.1158
6 0 6			0.01		0.56		10.85		0.36357	1.0815	60.1501886982	39.9969
6 0 10			0.01		0.57		10.71		0.36355	1.0728	69.1331306246	8.9056
2 4 6			-0.0		0.57		10.73		0.36327	0.785	46.7364348384	64.2552
5 5 1			0.01		0.58		10.63		0.36324	0.5073	65.769247456	23.9531
2 0 16			0.02		0.6		10.4		0.3633	0.5935	67.2372591268	11.8907
0 0 22			0.02		0.62		10.23		0.36332	2.2765	94.0325860765	137.6091
9 1 1			0.01		0.63		10.12		0.36331	0.8793	87.9915459652	19.6393
2 4 10			0.01		0.63		10.06		0.36328	0.607	57.0555982332	12.0937
3 5 9			0.0		0.63		10.05		0.36311	0.4755	65.0802252419	19.5165
2 0 8			0.02		0.65		9.86		0.36306	0.1665	35.7565424018	1.5727
1 5 3			-0.03		0.62		10.15		0.36297	0.9511	47.585042181	85.8034
0 6 14			0.01		0.64		10.02		0.36279	0.9096	81.7552219026	27.2955
3 3 15			0.02		0.65		9.85		0.36282	0.3402	73.0835579415	3.8877
3 7 1			0.01		0.66		9.79		0.36281	1.2822	71.5694631273	22.2453
4 6 6			0.02		0.68		9.62		0.36279	1.1903	71.9781772466	41.9784
0 6 18			0.02		0.69		9.46		0.36279	0.7949	98.0280769063	1.8601
2 4 2			0.0		0.7		9.43		0.3628	0.3828	40.8766170199	13.2501
4 2 2			0.0		0.7		9.39		0.36281	0.457	40.8620305525	12.2524
1 1 9			0.02		0.72		9.24		0.3628	0.2216	37.1193146943	1.1702
1 5 9			0.01		0.72		9.18		0.36259	0.4394	58.984264935	17.7365
2 4 12			0.01		0.74		9.06		0.36251	0.2205	63.4791913795	4.8908
0 4 4			-0.07		0.67		9.72		0.36245	0.8482	39.0545896029	78.0016
1 3 13			0.02		0.69		9.57		0.36253	0.3907	59.4200243294	11.5335
5 1 13			0.02		0.7		9.42		0.36259	0.4567	71.2764535317	11.3258
0 6 16			0.02		0.72		9.28		0.36255	0.4825	89.3859051251	7.6515
3 1 15			0.01		0.73		9.18		0.36261	0.2871	67.3554895111	7.7692
1 3 15			0.01		0.74		9.09		0.36266	0.2862	67.3623786269	8.1809
1 1 15			-0.0		0.74		9.1		0.36275	0.656	61.3839959686	20.6242
0 4 20			0.01		0.75		8.97		0.36287	1.027	94.1654323607	18.6345
4 4 4			-0.06		0.69		9.57		0.36284	0.8476	53.9354251327	76.9211
0 6 8			0.01		0.7		9.47		0.36275	0.7694	64.1950429677	5.6946
1 7 1			-0.0		0.7		9.5		0.36274	0.5219	65.7901743415	26.2984
4 4 6			-0.22		0.48		12.13		0.36225	4.3817	57.0116572758	400.3855
2 0 10			-0.0		0.48		12.14		0.36221	0.6169	42.9543880851	20.236