HKL Value		Reward		TotalReward	Chi Squared	Z Appr. 	Error	Two-Thetas	Sfs2
5 3 7			0.0		0.0		0.0		0.3	0.2523	60.5057581853	5.4388
1 7 7			0.0		0.0		0.08		0.33542	0.4353	72.3061031614	6.1143
0 4 6			-1.0		-1.0		116.72		0.33438	3.7688	42.9189471786	481.9509
4 6 0			0.5		-0.5		77.83		0.33438	0.7863	67.1083315067	59.4729
4 2 6			0.33		-0.17		58.37		0.33438	1.6049	46.7233273538	62.1975
7 1 7			0.25		0.08		46.71		0.33468	0.3505	72.2660298289	5.0526
6 2 10			0.14		0.22		41.05		0.33164	0.7103	71.9901825081	43.9921
6 4 0			0.17		0.39		35.19		0.33164	1.8287	67.0910631577	58.6803
2 4 8			0.14		0.52		30.95		0.33258	0.1687	51.4325245866	2.4593
1 5 7			0.12		0.65		27.6		0.33319	0.6035	54.1236034243	4.2528
0 2 20			0.1		0.75		25.08		0.33532	0.4494	86.0769303832	2.8517
5 1 7			0.1		0.85		22.81		0.3354	0.2609	54.1000446603	4.252
3 7 1			0.07		0.92		21.26		0.33535	1.2822	71.5694631273	22.2453
3 5 7			0.08		1.0		19.62		0.33538	0.2309	60.5203777188	5.6046
5 5 7			0.07		1.08		18.26		0.33554	0.6639	72.2860687267	4.3062
3 3 7			0.07		1.14		17.1		0.33574	0.1558	47.1418707618	3.5073
2 0 8			0.04		1.18		16.45		0.33691	0.1665	35.7565424018	1.5727
1 3 7			0.06		1.25		15.48		0.33693	0.1893	39.2755843192	5.3372
2 6 8			-0.34		0.91		23.35		0.34267	4.3291	67.1483383839	218.3417
1 1 7			0.05		0.96		22.13		0.34146	0.2012	29.7561292971	6.5386
2 0 14			0.04		1.01		21.2		0.34501	0.2634	58.6945218607	7.3942
4 0 10			0.0		1.01		21.2		0.33733	0.6243	53.7713327333	45.2096
6 0 8			0.04		1.05		20.32		0.33712	2.9234	64.163237895	5.3359
4 0 8			-0.17		0.88		24.41		0.3641	2.9483	47.8850437629	244.3799
0 2 14			0.04		0.93		23.39		0.3641	0.2479	58.6982494177	6.3292
0 6 2			0.04		0.97		22.53		0.36415	0.2356	55.3895592761	6.1752
2 4 4			-0.03		0.94		23.16		0.36427	0.8182	43.1484985256	64.6996
7 3 5			0.02		0.96		22.74		0.36481	1.0496	74.7140851895	88.0788
0 2 22			0.01		0.96		22.6		0.36447	1.8317	96.7387030121	97.213
6 0 2			0.03		1.0		21.87		0.36449	0.2214	55.354768557	5.4487
3 1 7			0.03		1.03		21.19		0.36452	0.257	39.2655360855	5.205
4 2 8			0.03		1.05		20.66		0.36416	0.7605	51.4203212226	2.5419
0 6 18			0.03		1.09		20.04		0.36417	0.7949	98.0280769063	1.8601
4 6 2			0.03		1.11		19.51		0.36418	0.2349	67.657370766	5.5969
0 4 8			-0.1		1.01		21.78		0.36489	4.1351	47.9021960727	235.0989
1 5 13			0.03		1.04		21.16		0.36475	1.1973	71.2966048402	12.6128
0 6 10			0.02		1.06		20.7		0.36473	0.8527	69.1637693973	8.5049
3 1 13			0.03		1.09		20.15		0.36459	0.3869	59.4126405656	11.7895
6 0 6			0.02		1.11		19.75		0.36438	1.0815	60.1501886982	39.9969
4 2 14			0.02		1.13		19.32		0.36418	1.2576	70.6282605877	19.9713
6 0 12			0.03		1.16		18.84		0.36418	0.5892	74.995462768	0.9301
0 6 6			0.02		1.17		18.51		0.36397	1.0147	60.183190367	40.9583
2 4 14			0.02		1.19		18.12		0.36377	0.5221	70.6383718296	19.4111
1 1 9			0.02		1.22		17.71		0.36377	0.2216	37.1193146943	1.1702
2 4 6			0.01		1.23		17.57		0.36345	0.785	46.7364348384	64.2552
7 3 3			-0.01		1.22		17.67		0.36334	1.9283	72.601334037	69.5466
6 4 6			0.02		1.24		17.28		0.3633	0.9247	71.9614498967	41.9809
2 4 12			0.02		1.26		16.95		0.36321	0.2205	63.4791913795	4.8908
0 6 8			0.02		1.28		16.65		0.36301	0.7694	64.1950429677	5.6946
2 2 2			-0.08		1.2		18.04		0.36316	1.1162	26.2109248846	125.5642
3 5 1			0.01		1.21		17.95		0.36313	0.5283	53.2544885252	31.9012
6 2 0			-0.22		0.98		23.13		0.36313	4.3933	57.9728440251	566.5186
6 0 10			0.02		1.0		22.78		0.36309	1.0728	69.1331306246	8.9056
0 6 14			0.02		1.02		22.42		0.36285	0.9096	81.7552219026	27.2955
2 0 16			0.02		1.03		22.01		0.36297	0.5935	67.2372591268	11.8907
1 1 13			0.02		1.05		21.61		0.36299	0.3722	52.9310122384	10.9703
3 3 13			0.02		1.07		21.23		0.3629	0.5636	65.4922780779	9.1158
2 4 10			0.01		1.08		20.98		0.36287	0.607	57.0555982332	12.0937
2 2 8			-0.06		1.02		22.35		0.3633	1.8488	40.1384116224	216.1995
5 5 1			0.01		1.03		22.08		0.36329	0.5073	65.769247456	23.9531
1 3 13			0.02		1.05		21.71		0.3633	0.3907	59.4200243294	11.5335
5 1 13			0.02		1.07		21.36		0.36329	0.4567	71.2764535317	11.3258
1 5 9			0.01		1.08		21.11		0.36314	0.4394	58.984264935	17.7365
0 2 8			0.02		1.1		20.78		0.36311	0.1155	35.7619852008	1.7384
5 3 9			0.01		1.1		20.62		0.36297	0.4833	65.0662013285	20.8409
0 6 16			0.02		1.12		20.3		0.3629	0.4825	89.3859051251	7.6515
6 4 2			0.01		1.13		20.03		0.3629	0.2211	67.6401768609	4.8049
9 1 1			0.01		1.14		19.81		0.3629	0.8793	87.9915459652	19.6393
2 4 2			0.01		1.15		19.63		0.3629	0.3828	40.8766170199	13.2501
1 1 5			-0.06		1.09		20.94		0.36326	1.9661	22.8949597146	247.5537
0 4 20			0.01		1.1		20.64		0.36329	1.027	94.1654323607	18.6345
2 2 12			-0.05		1.05		21.83		0.36272	1.9766	54.0147953295	208.0279
3 3 9			0.01		1.06		21.58		0.36263	0.3816	52.4524123761	12.0632
4 2 0			0.01		1.07		21.46		0.36263	0.9287	40.0811891304	86.5118
1 3 15			0.01		1.08		21.21		0.36266	0.2862	67.3623786269	8.1809
1 5 5			-0.02		1.06		21.56		0.36289	1.8923	50.2743192378	127.3636
0 2 12			0.01		1.07		21.37		0.36277	0.3827	50.6142203783	17.5707
0 0 8			-0.04		1.03		22.32		0.36303	2.1948	30.8548203523	183.9052
5 1 9			0.01		1.04		22.12		0.36291	0.4583	58.9619928854	19.0838
3 5 9			0.01		1.05		21.96		0.36279	0.4755	65.0802252419	19.5165
0 6 0			0.01		1.05		21.77		0.36279	1.4277	54.7714555341	59.4019
4 6 6			0.01		1.07		21.5		0.36277	1.1903	71.9781772466	41.9784
4 2 10			0.01		1.08		21.31		0.36275	1.1102	57.0442200735	11.3144
1 1 15			0.01		1.08		21.17		0.36282	0.656	61.3839959686	20.6242
0 2 16			0.01		1.09		20.93		0.36292	1.8687	67.2407114996	13.8307
3 1 15			0.01		1.1		20.71		0.36296	0.2871	67.3554895111	7.7692
4 2 2			0.01		1.11		20.56		0.36296	0.457	40.8620305525	12.2524
2 0 2			-0.0		1.11		20.62		0.36296	0.6502	19.2320929378	35.9547
1 7 1			0.01		1.11		20.51		0.36296	0.5219	65.7901743415	26.2984
0 0 20			0.01		1.12		20.38		0.36362	0.4542	83.3712939521	4.3689
2 2 16			0.01		1.13		20.21		0.36384	1.1693	70.1293332912	108.6018
3 1 5			-0.03		1.1		20.86		0.364	2.8985	34.1781376955	186.2389
3 1 9			0.01		1.11		20.67		0.36396	0.36	45.2950695798	8.7768
0 0 18			0.01		1.11		20.5		0.36403	0.6609	73.530655613	37.988
5 1 1			0.0		1.12		20.41		0.36402	0.5346	46.1701152	26.7419
1 1 3			0.0		1.12		20.36		0.364	0.4514	16.9416048235	36.8187
0 6 12			0.01		1.13		20.16		0.364	0.3425	75.0250979777	1.887
2 0 6			-0.01		1.12		20.33		0.36383	1.6278	29.1406672869	128.8477
2 0 10			0.0		1.13		20.26		0.36382	0.6169	42.9543880851	20.236
1 3 1			0.0		1.13		20.26		0.36382	0.5324	28.3265170018	42.1271
1 5 1			0.0		1.13		20.18		0.3638	0.4978	46.196563203	27.3004
3 3 15			0.01		1.14		19.99		0.36382	0.3402	73.0835579415	3.8877