Number of epochs: 100e-01
-4.799027165040954390e-01
-4.748978648665690833e-02
-1.888714593177968359e-01
-5.349327538858431597e-01
7.357182753786846614e-03
-3.682380549463113995e-01
-3.611297451352653010e-01
-5.094330701438255782e-03
-3.979684338771009577e-01
1.239045952059580485e-01
-4.334460197764678814e-03
-3.245993230295957654e-01
3.237223140808569433e-01
-2.536882648423055553e-03
-7.608806125494796402e-02
3.768943396010196283e-03
-7.104926762707755583e-02
1.321049410732590308e-02
-2.366800331839509497e-03
-1.509772538761897445e-02
-1.273054500135835550e-02
-4.091464332418470740e-02
5.953705989751140529e-03
-2.490825680109539156e-02
2.107602552907798105e-02
6.084255534080477978e-03
1.386203968750877001e-02
-8.276179145591895658e-02
-3.210943624073135660e-02
-1.822550839403455081e-01
3.263258947622579148e-02
-3.138761771690549290e-02
-2.470270593260779635e-01
1.236976567283757690e-02
-1.508999684736399005e-01
-1.348357375539112335e-01
1.389716266231937232e-02
-2.985315833371266492e-01
-2.350415014667832023e-02
3.568274882462828257e-02
-1.737476091238470133e-01
2.929157137122782167e-02
-2.194166431428282160e-02
-3.930456152533400027e-02
-4.360600893759233182e-02
-8.342296074274259399e-02
-6.049906967633615629e-02
-1.351664840881604546e-01
-4.966954469328479366e-02
-1.750779095073878855e-01
-2.153382910331994721e-02
-6.270261403315635640e-02
-3.483649660615028513e-03
-8.328156370876420300e-02
-8.552967280863008059e-03
-9.201462315404498882e-02
-1.736114405376757985e-01
-1.309340059459030980e-01
-4.333296979141056798e-02
-5.955488564686215597e-02
-5.202344989264205688e-02
-4.759619633061040050e-02
-8.751139038712386908e-02
-1.025929823959857157e-01
-1.707395932761545665e-01
-4.087165333462203232e-02
-4.730985010311984651e-02
-6.299376453907308548e-02
-5.219010672127930711e-02
-4.981430255519868344e-02
-2.722884330894023708e-01
-1.518255952850790236e-01
-1.122663223874444671e-01
-1.707806861647379396e-02
-1.923799939737877995e-01
-2.370332293565848292e-01
-1.645620604637919593e-01
2.731778443455052437e-03
-9.056125596137185041e-02
-1.549577583022039851e-01
-1.932112335397241920e-01
-7.616785727712846454e-02
-3.316635669206623779e-03
-3.875546437036015979e-01
-5.537022189033465741e-02
-3.439452160381397672e-01
1.276328136384752635e-02
-5.732101793061182560e-02
-2.906323746273644648e-01
2.113707072103355733e-01
-1.891769784333404147e-01
-2.556781901952774327e-01
1.270711289294327792e-02
-2.532575967957205187e-01
-7.497519239105677330e-03
1.692920493246782149e-02
-2.219277877481142802e-01
2.152332980195452092e-02
1.741015261536944456e-02
1.603646798993148964e-02
6.673110787475548811e-02
1.669406499485685536e-01
2.983136114239294881e-02
9.242679330589757131e-03
1.705204229658150661e+00
3.315162104405040139e-02
5.800504668295681371e-02
4.301131866610796717e-02
6.180951690985128089e-01
-3.192740047980178186e-01
2.248152835565985982e-02
-2.562481233365962452e-01
3.497475652734034074e-02
5.428198626814415874e-03
-1.201648294846688059e-01
1.853529049462887893e-02
-2.400137605547635888e-01
-3.115817326240133966e-01
8.023852799771163946e-02
-1.538514110139764246e-01
-8.290592570637201827e-03
-8.494597506786276397e-02
3.836272398016433993e-03
-2.800586079818430038e-02
-5.596319965229581798e-03
-1.921030318385221272e-02
7.742364051742235340e-03
-1.435707587097980603e-02
6.944838904877478555e-03
1.344019959860819589e-02
-8.566998648844387221e-02
4.756058564412374116e-03
-1.620940176428340568e-02
1.488222192186534551e-02
4.917357950212401622e-03
-9.288837681692006104e-03
1.065573421623343224e-02
-4.095137363406853651e-03
-5.290690440112013476e-03
1.760271378800160394e-02
4.621587365087513415e-04
2.190456845782171036e-02
-5.499584075344415846e-02
-2.402441482394545025e-01
-2.585541037264432740e-01
-2.236140663326368072e-01
-1.878551177608855649e-01
-1.708029242525532232e-01
-1.674919886753406251e-01
-1.306944243767385327e-01
-1.189841876131867426e-01
-1.724598604872848717e-01
-5.378192051373498900e-02
-4.806573865491473724e-02
-7.687525449659186882e-02
7.954988465519122892e-03
-2.073287419189167036e-01
8.408400530069496878e-03
-9.100457568984970935e-02
1.258666607527098719e-02
-1.525129013287050174e-02
-4.171470342672391890e-02
2.579185646065552603e-02
1.984656216403058240e-02
8.476002191244263323e-03
2.042695314950010096e-02
1.618331775280716298e-02
2.631917561995574667e-02
-9.045278163728576182e-02
3.053735095855987861e-02
-7.532829890125820882e-02
1.746278192875330704e-02
-1.164285541715412431e-01
2.282168103520587632e-02
-3.937936407408624412e-02
2.422640676480485381e-02
1.250938462294163070e-02
6.868950111992270895e-03
1.015728977564835968e-02
7.993352453958246220e-04
-3.004434494601587388e-02
2.779807078490190066e-03
1.571000874285957694e-02
-4.815912393225700583e-03
3.743614238364428165e-03
2.410454709283044866e-03
1.927213272332277058e-02
-1.957020292823415386e-01
-1.194484292724905770e-02
-6.592223075451558723e-02
-2.316675493519254614e-01
2.994655517529335939e-02
-5.022600271200104716e-02
6.721769540083624705e-02
5.706160486068596015e-03
-1.404407487493751494e-01
-1.620610791346313584e-01
