Number of epochs: 325e-02
-4.571366695175537176e-01
-4.035476179363198940e-02
-1.794277912529206598e-01
-5.919158376248737641e-01
-1.898094472521453385e-02
-3.761288410586978714e-01
-4.202289125170228790e-01
-3.162631990977236851e-02
-4.029341331719024089e-01
1.456656061606926567e-01
4.908044021152464624e-03
-3.091956774364816307e-01
3.366679842167011327e-01
-4.514696216690298330e-02
-3.880808795130542138e-02
-1.024908692492386723e-03
-2.405898160995336571e-02
9.276851483940477122e-03
-1.059860098325307066e-02
-1.539220740354910882e-02
-3.398260418538176508e-02
-1.964469578939573302e-02
-9.495525603285202496e-03
-4.868762614801421668e-02
1.071991208364586785e-02
-2.059340289025448647e-04
1.188468375124036684e-02
-2.108077737555278108e-01
-3.674433362611789766e-02
-1.798898401669038194e-01
3.139864316866527311e-02
-8.994483979341708069e-02
-1.566533550113740902e-01
6.595080530853611629e-03
-1.877262323967966162e-01
-1.128523135493977037e-01
8.575088093090274879e-03
-2.053434122724332733e-01
6.884576732992303896e-03
3.240651882631523373e-02
-1.258565447048481112e-01
2.682119052773006967e-02
-2.916350774572345778e-03
-5.644933252777294130e-02
-5.158847998942786561e-02
-7.401771173977715612e-02
-5.572924592626192497e-02
-1.302077488609592604e-01
-9.362922276576726710e-02
-1.342320012937344709e-01
-5.206578133640904493e-02
-1.047411986780016034e-02
-3.214351334073906052e-02
-4.499491998329181036e-02
-4.514920954769090222e-02
-7.590829708825523603e-02
-1.674680330683240015e-01
-1.055357311006315524e-01
-8.123804148514464363e-02
-1.443527170116496450e-01
-1.930781857268931145e-01
-1.197963463470382017e-01
-1.136028723218817787e-01
-8.672971452895378297e-02
-1.534343952494778007e-01
-8.256912633115613687e-02
-4.514951509055905449e-02
-9.878247829063534213e-02
-1.448052752818447253e-01
-3.222912956779652033e-02
-2.241375448715640095e-01
-1.504852481586383128e-01
-8.984792354535639514e-02
-4.537567545863578633e-02
-2.201229208947148575e-01
-1.926776231229553882e-01
-1.158531277879334548e-01
-4.324306611630636399e-02
-1.204278008446421216e-01
-1.520224593515151490e-01
-9.398809167714676505e-02
-9.009356637753969388e-02
-4.320155214294162278e-03
-4.800194480014898235e-01
-1.160958397702738648e-01
-3.572603840671509379e-01
2.219182254650217331e-02
-8.679825183647892073e-02
-3.917501117074528860e-01
2.277869479116594875e-01
-2.672026663120315448e-01
-3.540924880132135799e-01
1.841441582077817801e-02
-2.209215005074609828e-01
1.529214240894769504e-02
1.944730594047872421e-02
-2.524165741751456249e-01
6.584677997422737003e-03
4.711326519131115581e-02
2.609645523410281109e-02
7.512664426589509004e-02
1.736575177990986318e-01
4.726378495617083314e-02
6.447224288588560004e-02
1.227406600386522717e+00
5.145940321181450422e-02
6.873230377994844764e-02
6.619300702024592808e-02
5.826048219255417493e-01
-1.745915183895420664e-01
2.873349999810141664e-02
-2.084521808322809810e-01
3.526585200039543400e-02
7.115738061566588557e-03
-2.025945678605795552e-01
2.538471040382257043e-02
-2.523954271120343873e-01
-2.368408085346241920e-01
8.624166203557522004e-02
-1.899767820863225987e-01
1.038186784796093706e-02
-1.520903671809217816e-01
1.532943047382639458e-02
-6.178069220807899317e-03
5.230216760418271958e-03
-2.948429115473245876e-02
8.008454994705727428e-03
2.159031181213702175e-02
1.317840522085345425e-02
9.010468484997929614e-03
-2.780230178662700460e-02
3.749081473987741445e-03
-2.143774127993946024e-02
1.760119741791823025e-02
-8.383519541380533152e-03
-4.397953734747291760e-02
2.150901801668238071e-03
-4.570030055209693687e-03
-3.035670845691214315e-02
1.304877069111624009e-02
-1.359719239738384038e-02
2.287272281180911457e-02
-6.176001781732817775e-02
-2.820290508360960846e-01
-2.657994734995322572e-01
-1.548118289133923464e-01
-2.122399459763383567e-01
-1.624131352825637920e-01
-1.408791782800377923e-01
-1.330870432626910793e-01
-1.598267016772003390e-01
-2.209456144928729493e-01
-2.521769662560657474e-02
-3.436895263648487298e-02
1.978731597007140838e-02
5.614462154696419488e-03
-1.670648883462838019e-01
-4.332409117407064886e-02
-8.834072644238355476e-02
1.385089071387438781e-02
-7.080195021176893810e-02
-8.402281956997481593e-02
1.875539473870826285e-02
2.148523062378321705e-02
1.302457003141010983e-02
8.968136862103084916e-03
1.141529448920801035e-02
2.392435406739968143e-02
-6.181979936745334719e-02
3.461102115765831572e-02
-1.252940533936380274e-01
3.166793423819094094e-02
-1.000446468119265270e-01
2.306044804778419055e-02
-2.941203958612191582e-02
2.322832717561927607e-02
1.168837718846013445e-02
2.550758092759716766e-03
6.266941264554844009e-03
6.395941147545307175e-03
-1.584781804947045167e-02
-2.084416355034050469e-02
1.136368680485432860e-02
-4.951346288913262804e-03
-3.239794735697520273e-02
-2.394591201073574885e-02
1.195932001582401989e-02
-1.627204593933020971e-01
4.125821181554310650e-03
-3.578743947080353927e-02
-7.183405167060726015e-02
3.123762956420866183e-02
4.048856793445233110e-03
8.681876618391537459e-02
4.766353039145096102e-03
-6.801167637007000943e-02
-1.563515241165626957e-01
