Number of epochs: 475e-02
-4.634360153788011361e-01
-2.301957545853510270e-02
-1.862201845843972914e-01
-5.506248139721211521e-01
-1.768263654607557522e-02
-3.941162868312744205e-01
-4.379900055469302944e-01
-3.409231037088437249e-02
-3.913379111198074800e-01
1.484964783456085569e-01
5.535096641210346738e-03
-3.313916402626552737e-01
3.392366556758838469e-01
-3.491910133089244639e-02
-3.621786603865707888e-02
-2.497457503287404609e-03
-1.673946816515211461e-02
9.255105112891924557e-03
-5.658494687302660989e-03
-2.435354679175560921e-02
-3.203500384407870910e-02
-3.548816670331230577e-02
-4.820885031412175392e-03
-5.265389246092842812e-02
7.815315254322177663e-03
1.809223213229530815e-03
1.122350903467512866e-02
-1.907750929839009124e-01
-4.049469907714288441e-02
-1.947238264878726755e-01
2.907096626506478973e-02
-8.395746118066445274e-02
-1.490830135440169291e-01
3.473742814540971280e-03
-1.825767871677513587e-01
-1.463326051680321205e-01
8.679394948420534814e-03
-2.002645060032313129e-01
5.715406280264003110e-03
2.867286071136584263e-02
-1.642190986605651104e-01
2.645302444169853745e-02
-2.508985959466258214e-03
-7.854084143126033313e-02
-4.604392616952584366e-02
-7.835715502254708698e-02
-4.796176012294184332e-02
-1.064842250613657754e-01
-1.013083624345538364e-01
-9.362028793994668641e-02
-5.324014797335686194e-02
-1.816219744868940653e-02
-3.690720071104306582e-02
-5.054229202090375350e-02
-4.204248783763683828e-02
-6.969496911798278571e-02
-1.655943297610152354e-01
-8.679064954973515766e-02
-8.389892102596563372e-02
-1.270698413935518467e-01
-1.858232213033888247e-01
-1.381343021538918858e-01
-1.161704027207476758e-01
-9.995859359759588780e-02
-1.327697046317607432e-01
-9.970438327096339814e-02
-6.098039048889354607e-02
-1.032124026006899925e-01
-1.580786032725614854e-01
-3.676529559549196469e-02
-2.384357745478783985e-01
-1.482479565492086093e-01
-1.673941026448736158e-01
-4.752639464111101109e-02
-2.025770912490747477e-01
-1.893778530282201056e-01
-1.194739428810733251e-01
-4.788801710817677110e-02
-1.225608067201000156e-01
-1.217508532115110509e-01
-6.774573149999044142e-02
-7.559720586604705417e-02
-1.960978372054761332e-02
-4.740175680704927230e-01
-8.095453407583524941e-02
-3.384558176835157917e-01
2.088345863245934589e-02
-6.393405809184582456e-02
-4.110595724272510521e-01
2.284054271129724867e-01
-2.332898950280948569e-01
-3.606574582126840234e-01
1.543745890375367025e-02
-2.475167348488013785e-01
1.843994674716552956e-02
1.961366970035109680e-02
-2.946742890745075449e-01
3.185586423020593180e-03
4.666670310197325311e-02
2.843729849749800781e-02
7.737057841523002633e-02
1.740956372469830427e-01
6.078191086683245453e-02
5.605079929429732100e-02
1.002517720713947291e+00
5.355283489199351432e-02
7.004549657168847310e-02
6.019915403039530905e-02
5.587394071880076307e-01
-1.717728172670473230e-01
2.845808656003682297e-02
-1.922943021834980781e-01
3.502263997673289025e-02
7.182738465893631109e-03
-1.965383000078279041e-01
2.793514867910459540e-02
-2.167750665080283579e-01
-2.429885853590301459e-01
8.898693091336719319e-02
-2.146469245582979524e-01
1.154745268322642654e-02
-1.768681046270982882e-01
1.809840199452326243e-02
-3.770120434148189256e-03
7.517232523373051055e-03
-1.249465132460748397e-02
9.232085647813227658e-03
9.717016448166665432e-03
1.040664457487215644e-02
6.063266544639909009e-03
-3.120171701479503013e-02
-9.261173631086781072e-03
-2.438690982735705268e-02
1.386805262908623847e-02
-1.316524086720945522e-02
-4.350167570053719429e-02
4.430811178260006360e-03
-5.051954536563089959e-03
-3.309833718919651807e-02
1.052131369804756682e-02
-2.391355882680164593e-02
2.116399555139577074e-02
-4.869889433728311762e-02
-3.046895031683652943e-01
-2.476157082566335932e-01
-1.312618999596620595e-01
-2.148258738160843673e-01
-1.863428496748965602e-01
-1.375897295905379736e-01
-1.687334960470527057e-01
-1.435291939931032101e-01
-1.792422110440394512e-01
-2.657218066212288510e-03
-3.386290500962181593e-02
1.460283308548986775e-02
6.080661684568456835e-03
-1.331039493982527910e-01
-2.947707966518540654e-02
-8.178755963057587897e-02
1.287315774062077096e-02
-7.669166143425559801e-02
-5.932571865703187980e-02
1.267396175831462385e-02
1.915249908553770183e-02
7.661089823801297410e-03
1.123348486755626659e-02
1.241569054978117551e-02
2.276185827032908143e-02
-7.189791832580406938e-02
4.260582881921282095e-02
-1.275962568061800861e-01
3.384729354114475453e-02
-1.136885829039903234e-01
2.141674430798099285e-02
-7.781477407140534319e-02
1.363543087001546812e-02
1.293883451882049673e-02
2.738627484314690337e-03
4.485537453830790167e-03
8.084444247368026762e-03
-2.295028266985337309e-02
-1.974340857594669013e-02
1.231593419357473670e-02
3.651607401942414538e-03
-2.216160033175276767e-02
-2.829917501388138842e-02
1.010272199680607198e-02
-1.716488236241106025e-01
-9.770495465875757811e-04
-2.709293594911037564e-02
-4.279840034302647561e-02
2.949602197991460159e-02
1.578096879463130003e-04
8.828780602980465519e-02
5.055392613731406540e-03
-3.105184392677780986e-02
-1.534153739681881345e-01
