Number of epochs: 275e-02
-4.361653347319590646e-01
-5.072978352739186680e-02
-1.889655516621606135e-01
-5.798667933619492398e-01
-1.720367234513134683e-02
-3.673988045904919009e-01
-4.127374621299085833e-01
-3.375664051810946947e-02
-3.990964694944980073e-01
1.432449689830624651e-01
3.436308391416947796e-03
-3.306597888138749775e-01
3.386390150935756349e-01
-4.922397696230652181e-02
-4.435888002958542076e-02
-5.149702831691340722e-03
-3.682403329658645585e-02
9.018907488545991474e-03
-1.029182091616097534e-02
-1.968615076584069937e-02
-2.664431386588658746e-02
-7.787114952796830511e-03
-1.152250518917035879e-02
-5.192845644673103889e-02
1.492576933192469625e-02
-1.100061510552775889e-03
1.269679919038088634e-02
-1.894145801257758055e-01
-2.037046384316135855e-02
-1.851357886275133147e-01
3.077640682229177554e-02
-8.507930640221167407e-02
-1.693564963588063133e-01
5.278609899659955119e-03
-1.750702440654873515e-01
-1.046061929913559146e-01
9.806971179985222303e-03
-2.059912154898068115e-01
3.073962170608022897e-03
3.197699782652220490e-02
-1.300138671197780260e-01
2.672744506742837783e-02
-4.327649346250878049e-03
-6.746622643590574619e-02
-6.013911359850414307e-02
-4.804110037628699093e-02
-6.309045551187983381e-02
-1.419844730861507809e-01
-1.014176217436273120e-01
-1.476092615004833686e-01
-6.388873298073713403e-02
-5.829019239852678905e-03
-2.862315819093578032e-02
-5.182193906065877403e-02
-4.803772995749987923e-02
-7.724688054952422167e-02
-1.793550812513921566e-01
-1.097628894692699447e-01
-7.401315405336861275e-02
-1.076968411615337184e-01
-1.950396850077739386e-01
-8.918970089480708630e-02
-1.373606697884406647e-01
-8.547283107522832268e-02
-1.433872380350525444e-01
-8.293109895515353436e-02
-5.005670073975650169e-02
-1.115293396534218773e-01
-1.349974698652841032e-01
-1.959857983612137491e-02
-1.942238462100441265e-01
-1.597901791944303374e-01
-1.030215992800407321e-01
-4.928062722576994487e-02
-2.234998282890959254e-01
-1.663808891779657573e-01
-1.280997296937878560e-01
-3.460990436284795690e-02
-1.305759511901167791e-01
-1.532318661484624311e-01
-1.074422334125275241e-01
-9.224674727372415839e-02
-6.702031671836770899e-03
-4.933450661547872929e-01
-9.795236764376860639e-02
-3.473100230481179773e-01
2.133341010800654525e-02
-1.046379728707759749e-01
-3.594563646400429358e-01
2.280171903462709648e-01
-2.860493555679041178e-01
-3.114714075485661704e-01
1.724808045899633990e-02
-2.006540077255254406e-01
1.303256760758694961e-02
1.934533302204931998e-02
-2.414191684028083040e-01
5.738543484012316800e-03
3.123474307542212225e-02
2.532377668406176480e-02
7.391016613403821045e-02
1.732591422936785586e-01
4.515540474836630958e-02
6.461662228968777233e-02
1.281279462557280535e+00
4.982621249978807371e-02
6.664284449602021765e-02
6.273229799495923242e-02
5.971629055890743665e-01
-1.842721881084292967e-01
2.720918074408917170e-02
-2.096249880013055233e-01
3.042851556613001066e-02
4.058372778529715716e-03
-2.076661980605983837e-01
2.499267895045907684e-02
-2.346662870227166353e-01
-2.503239427479392321e-01
8.338248594361523380e-02
-1.717081302337364890e-01
8.960324363667289405e-03
-1.673814490816419032e-01
1.365970106187393285e-02
-1.607457600316033672e-02
5.389226074251121310e-03
-2.808451618351261517e-02
6.482386192035510461e-03
-6.759177188190568057e-03
1.257328881419257638e-02
8.038669830761919349e-03
-3.347588136610361170e-02
3.821495769104566766e-03
-2.143562356708561198e-02
1.795152632360249093e-02
-3.244362966293510252e-03
-4.433531829638140409e-02
1.358077556881885726e-03
-4.572930726623358061e-03
-3.119620252713701733e-02
1.370824746464924249e-02
-4.667798039212439631e-03
2.086214445314036464e-02
-5.317093508611988456e-02
-2.851648557089169200e-01
-2.737623608197865543e-01
-1.710354681176214364e-01
-2.163245393203228339e-01
-1.704812415794910441e-01
-1.543664499096078779e-01
-1.428354257228262314e-01
-1.881211842598051465e-01
-2.294636772798080704e-01
-1.561575463017680389e-02
-3.417355155927017524e-02
2.045084833714686315e-02
4.933536012213500695e-03
-1.855970252587987035e-01
-5.123078972880206611e-02
-9.459262645674966496e-02
1.242121497890999633e-02
-7.106297251857691955e-02
-9.046686458130685782e-02
1.853619754397667005e-02
2.155599675381149674e-02
1.093618089273357824e-02
9.044208346707029167e-03
1.022942755956377653e-02
2.448284248430195389e-02
-4.335832380474907016e-02
3.287754079554006809e-02
-1.321911169201738512e-01
3.028854863564177727e-02
-9.989230634659050645e-02
2.284224051479362069e-02
-3.163858206217091962e-02
2.292125966348102645e-02
1.372435577654783703e-02
1.417478801481990812e-03
7.847774157779766752e-03
4.917829174702673632e-03
-3.296996916461901461e-02
-6.516804358974508278e-03
1.569653946924779928e-02
-1.068928877609147052e-02
-2.527112865240783296e-02
-2.571545864615586846e-02
1.099721756862258662e-02
-1.698726885541330667e-01
2.369512497023383438e-04
-4.226670394707246481e-02
-6.614692466371334401e-02
2.307065544830060044e-02
-5.902751404924566452e-03
8.750342593287382953e-02
5.515553079469214491e-03
-8.116290723625937953e-02
-1.585560594560305459e-01
