Number of epochs: 425e-02
-4.622694565627145091e-01
-3.035471222185268450e-02
-1.746130317840824675e-01
-5.477094901395682669e-01
-1.499013928421373196e-02
-3.816487445832318359e-01
-4.271113902302382526e-01
-3.629181076795270910e-02
-3.967647656901119868e-01
1.487615766914115456e-01
5.312963040125046922e-03
-3.412290457419139833e-01
3.408399859060419201e-01
-4.124052298878749107e-02
-4.055386760314456940e-02
-3.387642138939507205e-03
-2.031874479712722850e-02
9.009360462946324616e-03
-5.011178081694987393e-03
-2.610941996615807198e-02
-3.399023520800293491e-02
-2.516987455543050548e-02
-6.436622833763053740e-03
-5.612752814545055036e-02
7.690380566165325692e-03
1.682325399462704374e-03
1.124064944389581433e-02
-1.968245274398856826e-01
-3.720188547716091892e-02
-1.866601141953017351e-01
2.842738080822429861e-02
-8.929766422020948835e-02
-1.460167183380730316e-01
2.692651332792238110e-03
-1.753193592917103028e-01
-1.047190251767493169e-01
8.680443795001081819e-03
-2.037668265106239163e-01
9.593826798302075229e-03
2.855530800288399659e-02
-1.276593956057876511e-01
2.636808065945300469e-02
-3.201627130068800207e-03
-8.631525817449459126e-02
-4.803212236173605432e-02
-6.983405446881500722e-02
-5.151181524971971265e-02
-1.139640767972138757e-01
-1.030293583593546586e-01
-1.082371494073955942e-01
-5.647495807402385520e-02
-1.889780057228540588e-02
-3.900124773836534386e-02
-5.678198428876480436e-02
-4.357072395074179649e-02
-6.854800624308034218e-02
-1.474407368961485609e-01
-9.558032332869649539e-02
-7.149858665179076311e-02
-1.395246365886005924e-01
-1.923171770457255958e-01
-1.351971733625123018e-01
-1.085509533506012481e-01
-7.409918957830408104e-02
-1.492350244844449225e-01
-9.844992298100098405e-02
-3.900303304354017786e-02
-1.076834631321733765e-01
-1.704061165918044629e-01
-2.793344476474672253e-02
-2.334175199239871823e-01
-1.502520802321462012e-01
-1.436979756217595106e-01
-5.073654754906807562e-02
-2.077452095405645238e-01
-1.844909622402903793e-01
-1.194438186066123092e-01
-4.938063382090897291e-02
-1.226570268744395509e-01
-1.309432992230331882e-01
-7.888266677051362918e-02
-8.682366621205478419e-02
-2.015449101289867873e-02
-4.692249080316637788e-01
-8.445282412437976616e-02
-3.463146271395100007e-01
2.039076868885059471e-02
-7.212728696300127473e-02
-4.141048367829185950e-01
2.288597063123544439e-01
-2.401431180104054153e-01
-3.496772077584131000e-01
1.620866079680247790e-02
-2.455388034321646651e-01
1.654325250166745545e-02
1.941730857445489802e-02
-2.933581189372044817e-01
4.964913517854676293e-03
4.678573034809251074e-02
2.750126590542226190e-02
7.629838366123249671e-02
1.757596461089402373e-01
4.878591530264768383e-02
6.059249477993378791e-02
1.104384521056861468e+00
5.361196372217161971e-02
7.014305620911270855e-02
6.307897623021242739e-02
5.727320544317469064e-01
-1.832247848160677151e-01
2.817221648675196852e-02
-2.031384462874427921e-01
3.542489123352694086e-02
1.016202069691592505e-02
-1.963079313388849667e-01
2.788827551267151691e-02
-2.157143048683937137e-01
-2.522384054605594228e-01
8.842447933588641618e-02
-2.278929686631034901e-01
1.428674531943395845e-02
-1.840586144836181270e-01
1.753647069513115248e-02
9.662175606104336269e-04
7.170030689578094259e-03
-2.409968403014074029e-02
8.522555444156539040e-03
9.860523462636276021e-03
1.012117481329214384e-02
5.957315541060409503e-03
-3.278935342298172628e-02
-8.367729282628470072e-03
-3.348885633959872848e-02
1.365272030596709728e-02
-1.046751308413848731e-02
-4.607588499386060937e-02
4.179455768096616147e-03
-4.545126598498172923e-03
-2.581512430421631712e-02
1.050943293430797038e-02
-2.385823095799746371e-02
2.161570223258011195e-02
-5.170826496771580016e-02
-3.067022912815312585e-01
-2.415123335238653079e-01
-1.365229683850051334e-01
-2.243559882517581761e-01
-1.769580683046670100e-01
-1.429553010106263122e-01
-1.454655782571045997e-01
-1.356111912697150479e-01
-1.915998502215804367e-01
-1.898523705821213506e-02
-4.087858765344772743e-02
1.905278605175124776e-02
6.592490128624048373e-03
-1.396068660567536257e-01
-2.751141150063254881e-02
-8.829159732230837387e-02
1.585354408427773823e-02
-6.543723304550738695e-02
-6.963071227751484182e-02
1.215288934862075731e-02
2.021182190712054669e-02
1.040580006635296630e-02
1.055284131438424984e-02
1.211844326744156673e-02
2.281569750481057465e-02
-7.784737723132581499e-02
3.564989402233334492e-02
-1.414700751662801848e-01
3.342439266233609985e-02
-1.223034289704143379e-01
2.035456893263150671e-02
-7.860313809558219789e-02
1.493453918722708294e-02
1.249434117906645346e-02
3.687424032711924659e-03
3.477895583551909430e-03
7.943754827794276621e-03
-7.229294736643933177e-03
-2.129507023014483996e-02
1.232636651966019167e-02
2.329604693524650345e-03
-2.767644113947765466e-02
-2.677947346960019709e-02
9.554166814351824910e-03
-1.722500156884113620e-01
-2.003021438195635821e-03
-2.256355830590276584e-02
-4.913760536245419946e-02
2.685662387978700327e-02
4.906533432078405855e-04
8.762614421712687507e-02
5.441711815040092826e-03
-3.208880067769522004e-02
-1.513325197813626399e-01
