HKL Value		Reward		TotalReward	Chi Squared	Z Appr. 	Error	Two-Thetas	Sfs2
5 3 1			0.0		0.0		0.0		0.3	0.5252	53.2386121167	32.835
3 3 7			0.0		0.0		11.47		0.33841	0.1558	47.1418707618	3.5073
1 1 7			1.0		1.0		5.74		0.33823	0.2012	29.7561292971	6.5386
1 7 1			-0.15		0.85		6.73		0.33749	0.5219	65.7901743415	26.2984
0 0 18			0.05		0.9		6.39		0.35195	0.6609	73.530655613	37.988
3 5 9			0.23		1.13		5.21		0.35156	0.4755	65.0802252419	19.5165
6 0 0			0.02		1.15		5.12		0.35156	0.7256	54.7363985401	55.434
6 4 0			0.17		1.32		4.39		0.35156	1.8287	67.0910631577	58.6803
7 1 3			-0.38		0.94		7.03		0.35131	1.4031	66.8553232335	91.2915
0 2 4			-0.53		0.41		14.85		0.35174	1.326	23.4223631322	110.0283
3 1 1			-0.02		0.39		15.15		0.35162	0.5239	28.3131072915	41.7464
7 1 1			0.04		0.43		14.63		0.35152	0.5207	65.7483230412	25.2044
4 2 2			0.04		0.47		14.03		0.35152	0.457	40.8620305525	12.2524
3 1 13			0.04		0.51		13.45		0.35172	0.3869	59.4126405656	11.7895
1 1 9			0.06		0.57		12.75		0.35342	0.2216	37.1193146943	1.1702
6 0 8			0.07		0.64		11.91		0.3536	2.9234	64.163237895	5.3359
0 0 10			-0.06		0.58		12.73		0.35401	0.8316	38.8438017949	41.7013
0 6 2			0.05		0.62		12.14		0.3541	0.2356	55.3895592761	6.1752
1 3 1			-0.03		0.6		12.5		0.3539	0.5324	28.3265170018	42.1271
6 4 6			0.04		0.64		11.96		0.35492	0.9247	71.9614498967	41.9809
4 4 12			-0.0		0.64		12.0		0.35194	1.9475	72.2035773977	130.2426
4 6 0			0.05		0.69		11.43		0.35194	0.7863	67.1083315067	59.4729
7 1 7			0.04		0.73		10.99		0.35191	0.3505	72.2660298289	5.0526
1 3 7			0.04		0.77		10.58		0.35187	0.1893	39.2755843192	5.3372
5 3 7			0.04		0.8		10.21		0.35184	0.2523	60.5057581853	5.4388
0 4 20			-0.09		0.72		11.19		0.36109	1.027	94.1654323607	18.6345
6 0 2			0.03		0.75		10.83		0.36114	0.2214	55.354768557	5.4487
5 5 1			0.02		0.76		10.65		0.36109	0.5073	65.769247456	23.9531
0 2 6			-0.07		0.69		11.47		0.36014	1.1672	29.1471999487	131.5155
3 3 1			-0.01		0.69		11.54		0.36008	0.5106	38.1558496662	33.1617
1 5 13			0.03		0.72		11.22		0.3605	1.1973	71.2966048402	12.6128
0 2 14			0.03		0.75		10.87		0.36063	0.2479	58.6982494177	6.3292
4 2 12			0.03		0.78		10.55		0.36045	0.2244	63.468523569	4.7972
3 1 7			0.03		0.8		10.28		0.36046	0.257	39.2655360855	5.205
4 6 2			0.02		0.83		10.06		0.36047	0.2349	67.657370766	5.5969
1 5 7			0.03		0.85		9.81		0.36047	0.6035	54.1236034243	4.2528
6 0 10			0.02		0.87		9.66		0.36038	1.0728	69.1331306246	8.9056
0 4 18			0.03		0.89		9.41		0.36035	0.8369	84.5238780681	17.4513
2 4 12			0.03		0.92		9.18		0.36015	0.2205	63.4791913795	4.8908
2 4 2			0.0		0.92		9.15		0.36016	0.3828	40.8766170199	13.2501
5 5 7			0.02		0.95		8.94		0.36018	0.6639	72.2860687267	4.3062
1 3 5			-0.18		0.77		10.87		0.3613	3.1323	34.189462707	190.138
5 1 13			0.02		0.79		10.63		0.36161	0.4567	71.2764535317	11.3258
6 2 0			-0.37		0.42		16.94		0.36161	4.3933	57.9728440251	566.5186
2 4 0			0.0		0.42		16.87		0.36161	1.4359	40.0960076051	88.2765
6 2 10			-0.0		0.42		16.93		0.36228	0.7103	71.9901825081	43.9921
1 3 15			0.02		0.44		16.63		0.36245	0.2862	67.3623786269	8.1809
4 2 4			-0.03		0.41		17.1		0.36257	0.7624	43.1345383828	64.2766
1 5 9			0.01		0.42		16.86		0.36208	0.4394	58.984264935	17.7365
4 6 6			0.02		0.45		16.51		0.36207	1.1903	71.9781772466	41.9784
2 0 10			0.0		0.45		16.44		0.36192	0.6169	42.9543880851	20.236
1 1 13			0.02		0.47		16.12		0.36212	0.3722	52.9310122384	10.9703
2 4 8			0.02		0.49		15.87		0.36175	0.1687	51.4325245866	2.4593
5 1 7			0.02		0.5		15.6		0.36175	0.2609	54.1000446603	4.252
2 0 6			-0.02		0.48		15.92		0.36099	1.6278	29.1406672869	128.8477
0 6 6			0.02		0.5		15.68		0.36072	1.0147	60.183190367	40.9583
5 1 9			0.01		0.51		15.48		0.36033	0.4583	58.9619928854	19.0838
0 0 16			-0.0		0.51		15.51		0.362	1.3342	64.286058028	116.6634
4 2 10			0.01		0.52		15.35		0.36194	1.1102	57.0442200735	11.3144
0 6 12			0.02		0.54		15.1		0.36188	0.3425	75.0250979777	1.887
6 0 6			0.01		0.55		14.9		0.36166	1.0815	60.1501886982	39.9969
6 4 2			0.01		0.56		14.69		0.36166	0.2211	67.6401768609	4.8049
3 3 13			0.02		0.58		14.45		0.36171	0.5636	65.4922780779	9.1158
0 6 4			-0.01		0.57		14.6		0.36177	0.6675	57.2171401797	42.9768
0 6 18			0.02		0.58		14.38		0.36177	0.7949	98.0280769063	1.8601
0 2 18			0.01		0.6		14.18		0.36177	0.3755	76.3208597895	3.7538
6 0 12			0.02		0.61		13.97		0.36176	0.5892	74.995462768	0.9301
2 0 14			0.02		0.63		13.76		0.36176	0.2634	58.6945218607	7.3942
4 2 6			0.01		0.64		13.68		0.36148	1.6049	46.7233273538	62.1975
1 1 1			-0.01		0.62		13.84		0.36143	0.5749	13.0194761966	56.7652
1 5 1			0.0		0.63		13.81		0.3614	0.4978	46.196563203	27.3004
5 3 11			-0.04		0.59		14.35		0.3616	1.8677	70.5420870211	204.0714
4 2 8			0.01		0.6		14.19		0.3614	0.7605	51.4203212226	2.5419
0 2 16			0.01		0.61		14.02		0.36171	1.8687	67.2407114996	13.8307
0 4 16			0.01		0.62		13.91		0.36233	1.5557	75.7704700384	94.8658
3 7 1			0.01		0.63		13.81		0.36233	1.2822	71.5694631273	22.2453
3 7 5			-0.0		0.63		13.82		0.36256	1.0548	74.7470539899	89.5814
0 6 8			0.01		0.64		13.67		0.36244	0.7694	64.1950429677	5.6946
0 4 8			-0.08		0.56		14.79		0.3629	4.1351	47.9021960727	235.0989
3 1 9			0.01		0.57		14.64		0.3628	0.36	45.2950695798	8.7768
1 3 13			0.01		0.58		14.45		0.36284	0.3907	59.4200243294	11.5335
7 1 5			-0.01		0.58		14.59		0.36309	1.5264	69.0427278305	98.726
0 0 14			-0.0		0.57		14.62		0.36279	0.8389	55.4890953336	74.9432
1 1 15			0.0		0.58		14.56		0.36288	0.656	61.3839959686	20.6242
0 2 8			0.01		0.59		14.39		0.36286	0.1155	35.7619852008	1.7384
0 6 16			0.01		0.6		14.22		0.36281	0.4825	89.3859051251	7.6515
3 3 9			0.01		0.61		14.11		0.3627	0.3816	52.4524123761	12.0632
0 6 0			0.01		0.62		14.02		0.3627	1.4277	54.7714555341	59.4019
5 3 9			0.0		0.62		13.97		0.36256	0.4833	65.0662013285	20.8409
2 4 10			0.01		0.62		13.9		0.36254	0.607	57.0555982332	12.0937
0 6 10			0.01		0.63		13.79		0.36251	0.8527	69.1637693973	8.5049
3 1 15			0.01		0.64		13.67		0.36255	0.2871	67.3554895111	7.7692
5 1 1			0.0		0.64		13.65		0.36255	0.5346	46.1701152	26.7419
4 0 12			-0.05		0.6		14.31		0.36189	2.7435	60.4154589103	161.2613
4 0 10			-0.0		0.59		14.37		0.3621	0.6243	53.7713327333	45.2096
3 5 5			-0.02		0.57		14.7		0.36239	1.2751	56.9624934876	133.7285