HKL Value		Reward		TotalReward	Chi Squared	Z Appr. 	Error	Two-Thetas	Sfs2
1 3 7			0.0		0.0		0.0		0.3	0.1893	39.2755843192	5.3372
0 6 18			0.0		0.0		53.74		0.3181	0.7949	98.0280769063	1.8601
6 4 0			1.0		1.0		26.88		0.3181	1.8287	67.0910631577	58.6803
3 3 7			-0.27		0.73		36.91		0.31976	0.1558	47.1418707618	3.5073
4 6 0			0.33		1.06		27.69		0.31975	0.7863	67.1083315067	59.4729
1 1 7			-0.04		1.02		28.85		0.32054	0.2012	29.7561292971	6.5386
3 1 7			0.0		1.02		28.84		0.32116	0.257	39.2655360855	5.205
7 1 7			0.04		1.06		27.68		0.32162	0.3505	72.2660298289	5.0526
1 5 7			0.02		1.08		27.13		0.32209	0.6035	54.1236034243	4.2528
7 3 5			-0.12		0.97		30.75		0.32216	1.0496	74.7140851895	88.0788
0 0 16			0.1		1.06		28.06		0.32198	1.3342	64.286058028	116.6634
4 0 6			-0.42		0.64		48.12		0.32213	5.3963	42.900258124	488.2208
5 5 7			0.04		0.68		46.47		0.32261	0.6639	72.2860687267	4.3062
0 6 12			-0.08		0.6		50.67		0.32106	0.3425	75.0250979777	1.887
6 0 8			0.07		0.67		47.16		0.32108	2.9234	64.163237895	5.3359
4 2 8			0.05		0.72		45.11		0.32122	0.7605	51.4203212226	2.5419
6 0 2			0.06		0.78		42.43		0.32122	0.2214	55.354768557	5.4487
4 6 2			0.06		0.84		39.99		0.32122	0.2349	67.657370766	5.5969
0 6 2			0.05		0.9		37.92		0.32122	0.2356	55.3895592761	6.1752
4 6 6			0.04		0.94		36.4		0.32115	1.1903	71.9781772466	41.9784
0 2 16			0.05		0.99		34.62		0.32122	1.8687	67.2407114996	13.8307
2 4 12			-0.03		0.96		35.54		0.3204	0.2205	63.4791913795	4.8908
3 5 7			0.01		0.98		35.05		0.32072	0.2309	60.5203777188	5.6046
7 1 5			-0.05		0.93		36.72		0.32076	1.5264	69.0427278305	98.726
0 4 2			-0.07		0.86		39.58		0.32077	3.2657	36.5744795411	137.7475
6 0 6			0.04		0.9		38.02		0.32077	1.0815	60.1501886982	39.9969
3 3 9			0.03		0.93		36.76		0.32067	0.3816	52.4524123761	12.0632
3 1 3			0.02		0.95		36.17		0.32068	1.2003	30.3814370344	67.5761
3 3 13			0.0		0.95		36.09		0.32127	0.5636	65.4922780779	9.1158
0 6 16			0.03		0.98		35.03		0.32144	0.4825	89.3859051251	7.6515
2 0 14			0.03		1.01		34.11		0.32144	0.2634	58.6945218607	7.3942
1 3 13			0.01		1.02		33.61		0.3218	0.3907	59.4200243294	11.5335
1 1 13			0.01		1.04		33.12		0.32214	0.3722	52.9310122384	10.9703
2 4 6			0.03		1.07		32.13		0.32214	0.785	46.7364348384	64.2552
1 7 1			0.02		1.09		31.39		0.32214	0.5219	65.7901743415	26.2984
4 4 2			-0.06		1.04		33.34		0.32216	1.2125	52.0311030722	128.6454
7 1 1			0.02		1.06		32.59		0.32215	0.5207	65.7483230412	25.2044
0 6 6			0.03		1.09		31.72		0.32215	1.0147	60.183190367	40.9583
3 5 9			0.03		1.11		30.92		0.32211	0.4755	65.0802252419	19.5165
1 5 13			0.02		1.13		30.46		0.32237	1.1973	71.2966048402	12.6128
3 1 9			0.02		1.14		29.99		0.32227	0.36	45.2950695798	8.7768
0 2 20			-0.02		1.12		30.54		0.32179	0.4494	86.0769303832	2.8517
5 3 7			0.01		1.13		30.29		0.32201	0.2523	60.5057581853	5.4388
6 0 10			0.02		1.16		29.59		0.32201	1.0728	69.1331306246	8.9056
4 2 6			0.02		1.18		28.92		0.32201	1.6049	46.7233273538	62.1975
2 4 8			0.01		1.19		28.62		0.32212	0.1687	51.4325245866	2.4593
6 0 12			-0.08		1.11		31.23		0.32076	0.5892	74.995462768	0.9301
0 4 18			-0.03		1.08		32.1		0.31986	0.8369	84.5238780681	17.4513
4 2 2			0.02		1.1		31.55		0.31986	0.457	40.8620305525	12.2524
0 2 18			0.0		1.1		31.41		0.31943	0.3755	76.3208597895	3.7538
5 1 7			-0.0		1.1		31.49		0.31962	0.2609	54.1000446603	4.252
5 5 1			0.02		1.12		30.92		0.31962	0.5073	65.769247456	23.9531
4 2 14			0.02		1.14		30.37		0.31962	1.2576	70.6282605877	19.9713
4 0 4			0.0		1.14		30.22		0.3196	1.2165	39.0343929222	79.1487
5 1 9			0.02		1.16		29.71		0.31956	0.4583	58.9619928854	19.0838
1 5 9			0.02		1.17		29.24		0.31952	0.4394	58.984264935	17.7365
5 1 1			0.01		1.19		28.85		0.31952	0.5346	46.1701152	26.7419
1 1 9			0.01		1.19		28.66		0.3194	0.2216	37.1193146943	1.1702
1 3 1			0.01		1.2		28.39		0.3194	0.5324	28.3265170018	42.1271
6 0 0			0.01		1.22		27.99		0.3194	0.7256	54.7363985401	55.434
2 0 2			0.01		1.22		27.85		0.3194	0.6502	19.2320929378	35.9547
1 3 15			0.02		1.24		27.39		0.31937	0.2862	67.3623786269	8.1809
0 6 14			0.01		1.25		27.1		0.31939	0.9096	81.7552219026	27.2955
0 6 8			0.02		1.27		26.69		0.3194	0.7694	64.1950429677	5.6946
2 2 16			0.02		1.28		26.28		0.31939	1.1693	70.1293332912	108.6018
5 3 9			0.02		1.3		25.87		0.31939	0.4833	65.0662013285	20.8409
1 3 9			0.01		1.31		25.63		0.31932	0.2622	45.3040218183	7.1674
0 2 14			0.01		1.32		25.39		0.31929	0.2479	58.6982494177	6.3292
4 0 12			0.01		1.32		25.23		0.31938	2.7435	60.4154589103	161.2613
2 6 10			0.01		1.34		24.87		0.3194	0.7069	72.0169435829	44.7171
4 2 10			0.01		1.35		24.51		0.3194	1.1102	57.0442200735	11.3144
6 4 4			-0.0		1.35		24.52		0.3194	0.6669	69.2748711385	33.991
3 1 15			0.01		1.36		24.18		0.31938	0.2871	67.3554895111	7.7692
0 0 18			0.01		1.37		24.06		0.31917	0.6609	73.530655613	37.988
0 6 10			0.01		1.38		23.74		0.31919	0.8527	69.1637693973	8.5049
3 3 15			0.01		1.39		23.48		0.31911	0.3402	73.0835579415	3.8877
6 2 10			0.01		1.41		23.19		0.31914	0.7103	71.9901825081	43.9921
1 7 7			-0.0		1.41		23.2		0.31925	0.4353	72.3061031614	6.1143
9 1 1			0.01		1.42		22.92		0.31925	0.8793	87.9915459652	19.6393
3 7 1			0.01		1.43		22.67		0.31925	1.2822	71.5694631273	22.2453
1 1 3			0.01		1.44		22.55		0.31925	0.4514	16.9416048235	36.8187
2 4 10			0.01		1.45		22.27		0.31925	0.607	57.0555982332	12.0937
0 0 22			0.01		1.46		22.03		0.31925	2.2765	94.0325860765	137.6091
2 4 2			0.01		1.47		21.84		0.31924	0.3828	40.8766170199	13.2501
0 4 20			0.01		1.48		21.67		0.3192	1.027	94.1654323607	18.6345
0 4 16			0.01		1.49		21.42		0.31922	1.5557	75.7704700384	94.8658
3 3 1			0.01		1.49		21.27		0.31922	0.5106	38.1558496662	33.1617
2 2 0			-0.25		1.24		28.49		0.31922	11.1953	25.0390113278	1035.9387
2 2 10			0.01		1.25		28.17		0.31923	0.6429	46.7739448495	44.8949
0 2 8			-0.02		1.23		28.84		0.31936	0.1155	35.7619852008	1.7384
4 6 4			0.0		1.23		28.79		0.31936	1.0731	69.291881243	33.3045
1 1 15			0.01		1.24		28.55		0.3194	0.656	61.3839959686	20.6242
2 4 0			0.01		1.24		28.39		0.3194	1.4359	40.0960076051	88.2765
2 2 12			-0.0		1.24		28.39		0.31949	1.9766	54.0147953295	208.0279
4 0 8			-0.06		1.18		30.31		0.31951	2.9483	47.8850437629	244.3799
4 2 0			0.01		1.19		30.13		0.31951	0.9287	40.0811891304	86.5118
3 5 1			0.01		1.19		29.9		0.31951	0.5283	53.2544885252	31.9012
0 4 10			0.01		1.2		29.6		0.31952	0.9893	53.7871001638	44.1425
3 1 13			-0.0		1.2		29.61		0.31971	0.3869	59.4126405656	11.7895
5 3 3			-0.0		1.2		29.64		0.31971	0.9351	54.4936931553	89.9375
1 1 1			0.0		1.21		29.51		0.31971	0.5749	13.0194761966	56.7652
7 3 1			0.01		1.22		29.25		0.31971	0.5095	71.5359286583	22.1332