HKL Value		Reward		TotalReward	Chi Squared	Z Appr. 	Error	Two-Thetas	Sfs2
6 4 0			0.0		0.0		0.0		0.3	1.8287	67.0910631577	58.6803
1 1 7			0.0		0.0		0.01		0.33798	0.2012	29.7561292971	6.5386
2 0 2			-1.0		-1.0		11.34		0.33568	0.6502	19.2320929378	35.9547
1 3 7			0.5		-0.5		7.58		0.3364	0.1893	39.2755843192	5.3372
3 1 7			0.33		-0.17		5.69		0.33676	0.257	39.2655360855	5.205
1 5 7			0.25		0.08		4.55		0.33689	0.6035	54.1236034243	4.2528
5 3 7			0.2		0.28		3.8		0.33681	0.2523	60.5057581853	5.4388
3 5 7			0.17		0.44		3.26		0.3367	0.2309	60.5203777188	5.6046
7 1 7			0.14		0.59		2.85		0.33662	0.3505	72.2660298289	5.0526
4 6 0			0.12		0.71		2.54		0.33662	0.7863	67.1083315067	59.4729
5 5 7			0.1		0.81		2.31		0.33699	0.6639	72.2860687267	4.3062
3 3 7			0.08		0.89		2.13		0.33742	0.1558	47.1418707618	3.5073
2 0 14			-0.01		0.89		2.15		0.33633	0.2634	58.6945218607	7.3942
0 2 14			0.04		0.92		2.07		0.33562	0.2479	58.6982494177	6.3292
0 2 20			0.07		0.99		1.94		0.33611	0.4494	86.0769303832	2.8517
0 0 14			-0.46		0.53		3.61		0.3548	0.8389	55.4890953336	74.9432
2 2 0			-0.92		-0.39		43.99		0.3548	11.1953	25.0390113278	1035.9387
4 2 8			0.06		-0.33		41.4		0.35472	0.7605	51.4203212226	2.5419
2 4 8			0.06		-0.27		39.1		0.35464	0.1687	51.4325245866	2.4593
6 2 4			-0.01		-0.28		39.55		0.35377	0.8727	60.3342977717	77.9073
6 2 10			0.02		-0.26		38.85		0.35467	0.7103	71.9901825081	43.9921
6 0 2			0.05		-0.22		37.1		0.35482	0.2214	55.354768557	5.4487
1 1 1			0.02		-0.2		36.48		0.35438	0.5749	13.0194761966	56.7652
4 6 2			0.04		-0.16		35.01		0.35435	0.2349	67.657370766	5.5969
3 3 15			0.04		-0.12		33.59		0.35308	0.3402	73.0835579415	3.8877
0 6 14			0.04		-0.08		32.35		0.35418	0.9096	81.7552219026	27.2955
0 6 8			0.04		-0.04		31.11		0.35448	0.7694	64.1950429677	5.6946
0 6 16			0.03		-0.0		30.11		0.35446	0.4825	89.3859051251	7.6515
0 6 2			0.03		0.03		29.13		0.3547	0.2356	55.3895592761	6.1752
5 1 7			0.03		0.06		28.17		0.35462	0.2609	54.1000446603	4.252
0 4 18			0.03		0.1		27.24		0.35623	0.8369	84.5238780681	17.4513
0 4 20			0.03		0.13		26.5		0.36214	1.027	94.1654323607	18.6345
4 6 6			0.03		0.16		25.67		0.36213	1.1903	71.9781772466	41.9784
4 2 14			0.03		0.19		24.94		0.36198	1.2576	70.6282605877	19.9713
2 4 12			0.03		0.22		24.24		0.36185	0.2205	63.4791913795	4.8908
1 1 9			0.03		0.25		23.56		0.36182	0.2216	37.1193146943	1.1702
5 5 1			0.02		0.27		23.07		0.36179	0.5073	65.769247456	23.9531
0 2 8			0.03		0.29		22.45		0.36177	0.1155	35.7619852008	1.7384
1 1 13			0.03		0.32		21.87		0.36192	0.3722	52.9310122384	10.9703
3 3 9			0.02		0.34		21.41		0.36171	0.3816	52.4524123761	12.0632
2 0 16			0.02		0.37		20.89		0.36196	0.5935	67.2372591268	11.8907
6 0 8			0.02		0.39		20.44		0.36178	2.9234	64.163237895	5.3359
6 0 6			0.02		0.41		20.02		0.36161	1.0815	60.1501886982	39.9969
1 1 11			-0.14		0.27		23.31		0.36184	2.144	44.8525636461	378.5934
6 0 12			0.02		0.29		22.78		0.36182	0.5892	74.995462768	0.9301
2 4 10			0.02		0.31		22.43		0.36177	0.607	57.0555982332	12.0937
3 1 9			0.02		0.33		21.99		0.36164	0.36	45.2950695798	8.7768
1 5 5			-0.03		0.3		22.56		0.36203	1.8923	50.2743192378	127.3636
6 4 6			0.02		0.32		22.09		0.36202	0.9247	71.9614498967	41.9809
3 5 9			0.01		0.34		21.81		0.36182	0.4755	65.0802252419	19.5165
3 1 15			0.02		0.35		21.44		0.36189	0.2871	67.3554895111	7.7692
2 4 2			0.01		0.37		21.17		0.3619	0.3828	40.8766170199	13.2501
1 7 7			0.02		0.38		20.81		0.36192	0.4353	72.3061031614	6.1143
2 2 4			-0.03		0.36		21.36		0.36187	0.7551	29.4672289371	73.6026
0 0 18			0.01		0.37		21.08		0.36192	0.6609	73.530655613	37.988
4 2 6			0.01		0.38		20.85		0.36168	1.6049	46.7233273538	62.1975
5 1 9			0.01		0.4		20.57		0.36143	0.4583	58.9619928854	19.0838
0 6 12			0.02		0.41		20.22		0.36138	0.3425	75.0250979777	1.887
3 3 1			0.01		0.42		20.1		0.36135	0.5106	38.1558496662	33.1617
4 2 2			0.01		0.43		19.88		0.36136	0.457	40.8620305525	12.2524
1 5 3			-0.0		0.43		19.96		0.36126	0.9511	47.585042181	85.8034
1 1 5			-0.07		0.36		21.49		0.36186	1.9661	22.8949597146	247.5537
1 5 13			0.02		0.37		21.16		0.36201	1.1973	71.2966048402	12.6128
2 2 10			0.0		0.37		21.15		0.3623	0.6429	46.7739448495	44.8949
1 5 9			0.01		0.38		20.9		0.36209	0.4394	58.984264935	17.7365
0 6 6			0.01		0.4		20.63		0.36193	1.0147	60.183190367	40.9583
1 3 15			0.01		0.41		20.37		0.362	0.2862	67.3623786269	8.1809
5 1 13			0.01		0.42		20.07		0.3621	0.4567	71.2764535317	11.3258
1 3 9			0.01		0.44		19.8		0.362	0.2622	45.3040218183	7.1674
0 2 12			0.01		0.45		19.61		0.36178	0.3827	50.6142203783	17.5707
4 2 10			0.01		0.46		19.42		0.36173	1.1102	57.0442200735	11.3144
3 3 3			-0.0		0.45		19.49		0.36164	0.8081	39.7679129272	70.9373
1 3 13			0.01		0.47		19.22		0.36176	0.3907	59.4200243294	11.5335
3 3 13			0.01		0.48		18.96		0.36179	0.5636	65.4922780779	9.1158
3 7 1			0.01		0.49		18.79		0.36178	1.2822	71.5694631273	22.2453
5 3 9			0.01		0.5		18.66		0.36158	0.4833	65.0662013285	20.8409
2 0 10			0.0		0.5		18.59		0.36152	0.6169	42.9543880851	20.236
6 0 10			0.01		0.51		18.41		0.36147	1.0728	69.1331306246	8.9056
4 0 2			-0.05		0.47		19.3		0.3616	1.7854	36.5531212028	138.5255
1 7 1			0.01		0.47		19.19		0.36158	0.5219	65.7901743415	26.2984
4 2 0			0.0		0.47		19.11		0.36158	0.9287	40.0811891304	86.5118
1 1 15			0.01		0.48		19.0		0.36172	0.656	61.3839959686	20.6242
3 5 1			0.0		0.48		18.94		0.3617	0.5283	53.2544885252	31.9012
2 4 6			0.01		0.49		18.82		0.36148	0.785	46.7364348384	64.2552
1 3 11			-0.06		0.43		20.01		0.36165	2.4293	52.0561920156	298.4303
0 2 16			0.01		0.44		19.8		0.36186	1.8687	67.2407114996	13.8307
3 1 13			0.01		0.45		19.57		0.36196	0.3869	59.4126405656	11.7895
4 2 12			0.01		0.46		19.36		0.3619	0.2244	63.468523569	4.7972
2 0 4			-0.03		0.43		19.97		0.36195	1.3874	23.4143586184	109.347
0 6 18			0.01		0.44		19.75		0.36195	0.7949	98.0280769063	1.8601
2 6 10			-0.0		0.44		19.75		0.36215	0.7069	72.0169435829	44.7171
4 6 4			0.0		0.45		19.68		0.36218	1.0731	69.291881243	33.3045
2 0 8			0.01		0.46		19.46		0.36217	0.1665	35.7565424018	1.5727
2 2 16			0.01		0.46		19.36		0.36267	1.1693	70.1293332912	108.6018
7 3 1			0.01		0.47		19.22		0.36266	0.5095	71.5359286583	22.1332
6 0 0			0.01		0.48		19.07		0.36266	0.7256	54.7363985401	55.434
7 1 1			0.0		0.48		18.98		0.36265	0.5207	65.7483230412	25.2044
2 4 14			0.01		0.49		18.8		0.36258	0.5221	70.6383718296	19.4111
9 1 1			0.01		0.5		18.66		0.36257	0.8793	87.9915459652	19.6393
7 3 5			0.0		0.5		18.61		0.36271	1.0496	74.7140851895	88.0788
0 6 10			0.01		0.51		18.47		0.3627	0.8527	69.1637693973	8.5049
4 0 14			-0.01		0.5		18.62		0.36241	1.986	67.7459682929	124.3248