HKL Value		Reward		TotalReward	Chi Squared	Z Appr. 	Error	Two-Thetas	Sfs2
6 4 0			0.0		0.0		0.0		0.3	1.8287	67.0910631577	58.6803
4 6 2			0.0		0.0		0.01		0.29294	0.2349	67.657370766	5.5969
1 3 7			-0.99		-0.99		1.02		0.37794	0.1893	39.2755843192	5.3372
0 4 12			-0.96		-1.95		26.51		0.39286	1.4889	60.4300914167	161.7651
1 1 7			0.13		-1.82		23.48		0.38652	0.2012	29.7561292971	6.5386
3 1 7			0.2		-1.62		19.56		0.38329	0.257	39.2655360855	5.205
1 5 7			0.18		-1.44		16.53		0.38156	0.6035	54.1236034243	4.2528
7 1 7			0.16		-1.27		14.22		0.38084	0.3505	72.2660298289	5.0526
5 3 7			0.14		-1.13		12.47		0.38026	0.2523	60.5057581853	5.4388
3 5 7			0.12		-1.01		11.1		0.3799	0.2309	60.5203777188	5.6046
7 1 5			0.02		-0.99		10.85		0.38089	1.5264	69.0427278305	98.726
0 2 18			-0.02		-1.0		11.03		0.37028	0.3755	76.3208597895	3.7538
4 6 0			0.09		-0.91		10.11		0.37028	0.7863	67.1083315067	59.4729
5 5 7			0.08		-0.83		9.36		0.37046	0.6639	72.2860687267	4.3062
3 3 7			0.08		-0.76		8.7		0.37058	0.1558	47.1418707618	3.5073
2 0 14			0.54		-0.22		5.66		0.3502	0.2634	58.6945218607	7.3942
0 0 8			-0.56		-0.78		12.94		0.35191	2.1948	30.8548203523	183.9052
0 2 14			0.06		-0.72		12.18		0.35175	0.2479	58.6982494177	6.3292
1 5 13			0.02		-0.7		11.9		0.35196	1.1973	71.2966048402	12.6128
6 0 2			0.04		-0.65		11.4		0.35202	0.2214	55.354768557	5.4487
4 2 8			0.05		-0.6		10.83		0.35216	0.7605	51.4203212226	2.5419
0 2 20			0.05		-0.55		10.35		0.3526	0.4494	86.0769303832	2.8517
2 4 8			0.05		-0.5		9.88		0.35274	0.1687	51.4325245866	2.4593
0 6 16			0.03		-0.48		9.61		0.35224	0.4825	89.3859051251	7.6515
0 6 8			0.04		-0.44		9.23		0.35258	0.7694	64.1950429677	5.6946
4 2 14			0.04		-0.4		8.91		0.35319	1.2576	70.6282605877	19.9713
0 6 2			0.03		-0.37		8.68		0.35326	0.2356	55.3895592761	6.1752
2 2 0			-0.73		-1.11		32.42		0.35326	11.1953	25.0390113278	1035.9387
0 4 18			0.04		-1.07		31.31		0.35531	0.8369	84.5238780681	17.4513
3 3 15			0.03		-1.04		30.27		0.35487	0.3402	73.0835579415	3.8877
5 5 1			0.03		-1.01		29.45		0.35474	0.5073	65.769247456	23.9531
5 1 7			0.03		-0.98		28.55		0.35471	0.2609	54.1000446603	4.252
2 4 12			0.03		-0.94		27.68		0.35609	0.2205	63.4791913795	4.8908
1 1 3			0.01		-0.93		27.28		0.35584	0.4514	16.9416048235	36.8187
1 1 9			0.03		-0.9		26.49		0.35635	0.2216	37.1193146943	1.1702
4 6 6			0.03		-0.87		25.77		0.35707	1.1903	71.9781772466	41.9784
0 0 10			0.0		-0.87		25.66		0.3615	0.8316	38.8438017949	41.7013
3 1 9			0.03		-0.84		25.02		0.3587	0.36	45.2950695798	8.7768
3 3 9			0.03		-0.82		24.39		0.35686	0.3816	52.4524123761	12.0632
0 6 18			0.03		-0.79		23.78		0.35674	0.7949	98.0280769063	1.8601
6 0 6			0.02		-0.77		23.2		0.35638	1.0815	60.1501886982	39.9969
0 2 8			0.02		-0.74		22.64		0.35646	0.1155	35.7619852008	1.7384
1 1 13			0.02		-0.72		22.19		0.35759	0.3722	52.9310122384	10.9703
6 0 12			0.02		-0.7		21.68		0.35916	0.5892	74.995462768	0.9301
3 1 15			0.02		-0.68		21.28		0.35985	0.2871	67.3554895111	7.7692
6 0 10			0.02		-0.66		20.9		0.35936	1.0728	69.1331306246	8.9056
3 5 11			-0.03		-0.69		21.64		0.36103	1.8915	70.5555824797	206.4699
6 0 8			0.02		-0.67		21.21		0.3605	2.9234	64.163237895	5.3359
5 1 9			0.02		-0.66		20.85		0.35948	0.4583	58.9619928854	19.0838
1 5 9			0.02		-0.64		20.48		0.35866	0.4394	58.984264935	17.7365
1 7 7			0.02		-0.62		20.12		0.35866	0.4353	72.3061031614	6.1143
4 2 6			0.01		-0.61		19.83		0.35803	1.6049	46.7233273538	62.1975
4 2 2			0.01		-0.59		19.59		0.35803	0.457	40.8620305525	12.2524
1 7 1			0.01		-0.59		19.42		0.35798	0.5219	65.7901743415	26.2984
1 3 15			0.01		-0.57		19.14		0.35811	0.2862	67.3623786269	8.1809
0 6 12			0.02		-0.55		18.8		0.35826	0.3425	75.0250979777	1.887
3 5 9			0.01		-0.54		18.55		0.3577	0.4755	65.0802252419	19.5165
2 0 10			0.01		-0.53		18.42		0.35752	0.6169	42.9543880851	20.236
6 4 6			0.02		-0.52		18.12		0.3577	0.9247	71.9614498967	41.9809
0 6 6			0.02		-0.5		17.84		0.35751	1.0147	60.183190367	40.9583
1 1 15			0.0		-0.49		17.75		0.3578	0.656	61.3839959686	20.6242
2 4 2			0.01		-0.49		17.59		0.35783	0.3828	40.8766170199	13.2501
5 1 13			0.01		-0.47		17.36		0.35831	0.4567	71.2764535317	11.3258
1 3 9			0.02		-0.46		17.09		0.35817	0.2622	45.3040218183	7.1674
2 0 0			-0.03		-0.48		17.54		0.35817	2.02	17.6289686615	175.6782
0 4 20			0.01		-0.48		17.43		0.36097	1.027	94.1654323607	18.6345
4 0 10			-0.0		-0.48		17.49		0.36129	0.6243	53.7713327333	45.2096
3 3 13			0.02		-0.46		17.23		0.36136	0.5636	65.4922780779	9.1158
0 6 14			0.01		-0.45		17.02		0.36123	0.9096	81.7552219026	27.2955
5 1 5			-0.03		-0.48		17.48		0.36162	1.1901	50.2495039981	127.1383
3 7 1			0.01		-0.47		17.33		0.36161	1.2822	71.5694631273	22.2453
2 4 6			0.01		-0.46		17.21		0.36136	0.785	46.7364348384	64.2552
2 2 14			-0.0		-0.47		17.3		0.36102	1.0835	61.7979105177	101.9829
1 3 13			0.01		-0.45		17.08		0.36117	0.3907	59.4200243294	11.5335
3 3 1			0.0		-0.45		17.03		0.36115	0.5106	38.1558496662	33.1617
4 2 10			0.01		-0.44		16.88		0.3611	1.1102	57.0442200735	11.3144
0 2 12			0.01		-0.43		16.73		0.36086	0.3827	50.6142203783	17.5707
4 2 0			0.0		-0.43		16.68		0.36086	0.9287	40.0811891304	86.5118
5 3 9			0.01		-0.42		16.58		0.36063	0.4833	65.0662013285	20.8409
3 5 1			0.0		-0.42		16.53		0.36061	0.5283	53.2544885252	31.9012
2 6 10			-0.0		-0.43		16.6		0.36086	0.7069	72.0169435829	44.7171
2 2 16			0.0		-0.42		16.56		0.36172	1.1693	70.1293332912	108.6018
0 2 16			0.01		-0.41		16.38		0.36192	1.8687	67.2407114996	13.8307
3 3 11			-0.05		-0.46		17.18		0.36205	2.1204	58.6030846927	249.5822
2 0 8			0.01		-0.45		16.98		0.36203	0.1665	35.7565424018	1.5727
2 4 10			0.01		-0.44		16.86		0.36199	0.607	57.0555982332	12.0937
3 1 1			-0.0		-0.44		16.89		0.36197	0.5239	28.3131072915	41.7464
4 0 4			-0.02		-0.47		17.29		0.36193	1.2165	39.0343929222	79.1487
7 1 1			0.0		-0.46		17.21		0.36191	0.5207	65.7483230412	25.2044
0 0 12			-0.07		-0.53		18.53		0.36089	3.2426	47.0346015839	274.3783
3 1 13			0.01		-0.52		18.33		0.36102	0.3869	59.4126405656	11.7895
4 2 12			0.01		-0.51		18.14		0.36096	0.2244	63.468523569	4.7972
4 6 4			0.0		-0.51		18.09		0.36099	1.0731	69.291881243	33.3045
0 0 18			0.01		-0.5		17.96		0.36099	0.6609	73.530655613	37.988
9 1 1			0.01		-0.49		17.82		0.36098	0.8793	87.9915459652	19.6393
0 0 4			-0.01		-0.51		18.07		0.36095	0.8482	15.2869714585	59.1035
0 4 2			-0.04		-0.55		18.79		0.36105	3.2657	36.5744795411	137.7475
7 3 1			0.01		-0.54		18.66		0.36105	0.5095	71.5359286583	22.1332
2 4 4			-0.01		-0.55		18.88		0.36109	0.8182	43.1484985256	64.6996
6 0 0			0.01		-0.54		18.73		0.36109	0.7256	54.7363985401	55.434
4 4 0			-0.14		-0.68		21.81		0.36109	4.9852	51.3853572345	648.027
7 3 3			0.0		-0.68		21.8		0.36103	1.9283	72.601334037	69.5466