HKL Value		Reward		TotalReward	Chi Squared	Z Appr. 	Error	Two-Thetas	Sfs2
6 4 0			0.0		0.0		0.0		0.3	1.8287	67.0910631577	58.6803
4 4 4			0.0		0.0		0.01		0.28037	0.8476	53.9354251327	76.9211
1 3 7			-0.98		-0.98		0.69		0.22623	0.1893	39.2755843192	5.3372
1 1 7			0.26		-0.72		0.54		0.23163	0.2012	29.7561292971	6.5386
3 1 7			0.28		-0.44		0.43		0.23248	0.257	39.2655360855	5.205
3 1 15			-0.45		-0.89		0.78		0.23279	0.2871	67.3554895111	7.7692
4 0 8			-0.96		-1.85		19.19		0.23871	2.9483	47.8850437629	244.3799
1 5 7			0.16		-1.69		16.56		0.23812	0.6035	54.1236034243	4.2528
1 1 5			-0.41		-2.11		28.14		0.23467	1.9661	22.8949597146	247.5537
4 6 0			0.12		-1.98		25.02		0.23467	0.7863	67.1083315067	59.4729
4 4 0			-0.55		-2.53		55.14		0.23467	4.9852	51.3853572345	648.027
7 1 7			0.1		-2.43		50.13		0.23475	0.3505	72.2660298289	5.0526
6 4 6			0.04		-2.39		48.24		0.23407	0.9247	71.9614498967	41.9809
2 0 4			-0.04		-2.42		50.08		0.23475	1.3874	23.4143586184	109.347
3 1 5			-0.03		-2.46		51.69		0.23038	2.8985	34.1781376955	186.2389
5 5 7			0.07		-2.38		48.24		0.23054	0.6639	72.2860687267	4.3062
3 5 7			0.07		-2.32		45.26		0.23102	0.2309	60.5203777188	5.6046
3 3 7			0.06		-2.26		42.6		0.23099	0.1558	47.1418707618	3.5073
2 0 14			0.05		-2.2		40.45		0.23147	0.2634	58.6945218607	7.3942
1 3 9			0.03		-2.17		39.11		0.23551	0.2622	45.3040218183	7.1674
4 4 8			-0.07		-2.24		42.04		0.23709	3.9407	61.1479986878	218.5721
4 6 2			0.05		-2.19		40.06		0.23707	0.2349	67.657370766	5.5969
0 2 4			-0.03		-2.22		41.51		0.23724	1.326	23.4223631322	110.0283
0 6 2			0.05		-2.18		39.72		0.23725	0.2356	55.3895592761	6.1752
6 0 2			0.04		-2.14		38.08		0.23725	0.2214	55.354768557	5.4487
1 1 13			-0.03		-2.16		39.13		0.24112	0.3722	52.9310122384	10.9703
4 2 6			-0.01		-2.17		39.48		0.24109	1.6049	46.7233273538	62.1975
1 1 9			0.03		-2.14		38.16		0.24152	0.2216	37.1193146943	1.1702
5 5 1			0.04		-2.1		36.85		0.24155	0.5073	65.769247456	23.9531
0 6 16			0.03		-2.07		35.77		0.24087	0.4825	89.3859051251	7.6515
0 2 20			0.03		-2.04		34.61		0.24089	0.4494	86.0769303832	2.8517
4 2 8			0.03		-2.01		33.7		0.24067	0.7605	51.4203212226	2.5419
0 0 14			-0.02		-2.03		34.53		0.24063	0.8389	55.4890953336	74.9432
1 5 13			-0.0		-2.04		34.6		0.24235	1.1973	71.2966048402	12.6128
5 3 7			0.03		-2.01		33.67		0.24215	0.2523	60.5057581853	5.4388
1 3 13			0.0		-2.01		33.62		0.2434	0.3907	59.4200243294	11.5335
3 3 9			0.03		-1.98		32.68		0.24338	0.3816	52.4524123761	12.0632
2 2 4			0.03		-1.95		31.88		0.24335	0.7551	29.4672289371	73.6026
3 3 13			-0.0		-1.96		31.96		0.24452	0.5636	65.4922780779	9.1158
4 4 12			0.02		-1.93		31.22		0.24441	1.9475	72.2035773977	130.2426
3 1 9			0.03		-1.91		30.44		0.24441	0.36	45.2950695798	8.7768
2 4 8			0.02		-1.89		29.94		0.24431	0.1687	51.4325245866	2.4593
2 6 2			-0.06		-1.95		31.86		0.24431	1.2892	58.5985395934	134.3564
3 3 15			0.02		-1.93		31.16		0.24434	0.3402	73.0835579415	3.8877
6 0 6			0.0		-1.93		31.13		0.24434	1.0815	60.1501886982	39.9969
4 2 14			0.02		-1.91		30.53		0.24442	1.2576	70.6282605877	19.9713
0 2 10			0.01		-1.89		30.11		0.24445	0.4317	42.9590557724	21.0204
5 1 7			0.02		-1.88		29.62		0.24423	0.2609	54.1000446603	4.252
0 6 8			0.02		-1.86		29.15		0.24416	0.7694	64.1950429677	5.6946
6 0 10			0.02		-1.84		28.62		0.24418	1.0728	69.1331306246	8.9056
4 4 10			0.0		-1.84		28.61		0.24412	0.6886	66.23802526	47.6672
2 2 14			-0.04		-1.88		29.71		0.2441	1.0835	61.7979105177	101.9829
3 3 1			0.02		-1.86		29.14		0.2441	0.5106	38.1558496662	33.1617
0 2 14			0.02		-1.84		28.68		0.24393	0.2479	58.6982494177	6.3292
0 4 8			-0.04		-1.88		29.81		0.24406	4.1351	47.9021960727	235.0989
4 6 6			0.0		-1.88		29.8		0.24405	1.1903	71.9781772466	41.9784
6 0 8			0.01		-1.87		29.4		0.24397	2.9234	64.163237895	5.3359
2 4 12			-0.05		-1.92		31.09		0.2425	0.2205	63.4791913795	4.8908
0 6 10			0.02		-1.91		30.62		0.24252	0.8527	69.1637693973	8.5049
1 5 9			0.02		-1.89		30.1		0.24252	0.4394	58.984264935	17.7365
5 1 3			-0.02		-1.91		30.66		0.24257	0.9592	47.5591860667	88.1873
5 1 9			0.02		-1.89		30.16		0.24255	0.4583	58.9619928854	19.0838
6 2 8			-0.03		-1.92		30.95		0.24271	3.3751	67.1207225085	222.106
4 2 10			0.01		-1.9		30.54		0.24275	1.1102	57.0442200735	11.3144
0 0 10			0.0		-1.9		30.43		0.24267	0.8316	38.8438017949	41.7013
6 0 4			0.01		-1.89		30.09		0.24268	0.7069	57.1830782131	42.6751
2 2 6			-0.2		-2.08		37.45		0.2426	8.3224	34.2684003079	615.2447
2 2 16			0.02		-2.07		36.89		0.24264	1.1693	70.1293332912	108.6018
0 6 12			-0.05		-2.11		38.68		0.24015	0.3425	75.0250979777	1.887
7 1 3			-0.01		-2.13		39.1		0.2402	1.4031	66.8553232335	91.2915
1 3 1			0.01		-2.11		38.58		0.24019	0.5324	28.3265170018	42.1271
4 2 2			0.01		-2.1		38.06		0.24019	0.457	40.8620305525	12.2524
3 7 1			0.01		-2.08		37.54		0.24019	1.2822	71.5694631273	22.2453
0 4 18			0.01		-2.07		37.15		0.24077	0.8369	84.5238780681	17.4513
5 3 9			0.01		-2.06		36.66		0.24073	0.4833	65.0662013285	20.8409
3 5 9			0.01		-2.05		36.18		0.24069	0.4755	65.0802252419	19.5165
1 7 7			0.01		-2.03		35.71		0.24065	0.4353	72.3061031614	6.1143
1 3 15			0.01		-2.02		35.3		0.24062	0.2862	67.3623786269	8.1809
0 0 18			0.01		-2.01		34.85		0.24066	0.6609	73.530655613	37.988
1 3 11			-0.07		-2.08		37.41		0.24093	2.4293	52.0561920156	298.4303
2 2 0			-0.17		-2.25		45.06		0.24093	11.1953	25.0390113278	1035.9387
0 0 6			-0.13		-2.37		51.53		0.24082	7.4326	23.0169618987	709.6598