HKL Value		Reward		TotalReward	Chi Squared	Z Appr. 	Error	Two-Thetas	Sfs2
6 4 0			0.0		0.0		0.0		0.3	1.8287	67.0910631577	58.6803
1 1 7			0.0		0.0		0.01		0.33798	0.2012	29.7561292971	6.5386
4 0 2			-1.0		-1.0		38.28		0.38196	1.7854	36.5531212028	138.5255
0 2 2			0.11		-0.89		34.49		0.38225	0.4614	19.2417464495	36.8131
1 3 7			0.32		-0.57		26.06		0.38028	0.1893	39.2755843192	5.3372
2 2 6			-0.7		-1.27		87.26		0.336	8.3224	34.2684003079	615.2447
3 1 7			0.2		-1.07		72.73		0.33627	0.257	39.2655360855	5.205
1 5 7			0.17		-0.9		62.34		0.33641	0.6035	54.1236034243	4.2528
4 6 0			0.14		-0.76		54.56		0.33641	0.7863	67.1083315067	59.4729
4 4 6			-0.16		-0.92		65.06		0.33573	4.3817	57.0116572758	400.3855
7 1 7			0.11		-0.81		58.55		0.33575	0.3505	72.2660298289	5.0526
3 5 7			0.1		-0.71		53.23		0.33578	0.2309	60.5203777188	5.6046
5 5 7			0.09		-0.62		48.83		0.3361	0.6639	72.2860687267	4.3062
1 1 3			0.06		-0.56		46.01		0.33608	0.4514	16.9416048235	36.8187
5 3 7			0.08		-0.48		42.72		0.33611	0.2523	60.5057581853	5.4388
3 3 7			0.07		-0.41		39.92		0.33643	0.1558	47.1418707618	3.5073
5 1 7			0.07		-0.34		37.42		0.33648	0.2609	54.1000446603	4.252
0 2 14			0.06		-0.28		35.3		0.33595	0.2479	58.6982494177	6.3292
2 0 14			0.06		-0.23		33.43		0.33546	0.2634	58.6945218607	7.3942
1 1 1			0.02		-0.21		32.73		0.33534	0.5749	13.0194761966	56.7652
5 3 11			-0.13		-0.33		37.55		0.34723	1.8677	70.5420870211	204.0714
0 0 4			0.0		-0.33		37.53		0.34625	0.8482	15.2869714585	59.1035
6 4 2			0.04		-0.29		35.92		0.34613	0.2211	67.6401768609	4.8049
2 6 0			-0.22		-0.51		46.34		0.34613	4.3567	58.0028534629	558.9791
6 0 2			0.04		-0.47		44.52		0.3462	0.2214	55.354768557	5.4487
2 0 12			0.03		-0.44		43.05		0.35035	0.8079	50.6101057273	16.6151
4 2 8			0.04		-0.4		41.41		0.35049	0.7605	51.4203212226	2.5419
4 4 0			-0.2		-0.6		51.96		0.35048	4.9852	51.3853572345	648.027
4 6 2			0.04		-0.57		50.2		0.35046	0.2349	67.657370766	5.5969
7 1 5			0.01		-0.56		49.91		0.35169	1.5264	69.0427278305	98.726
1 5 3			0.02		-0.54		48.94		0.35146	0.9511	47.585042181	85.8034
0 2 20			0.03		-0.51		47.39		0.35173	0.4494	86.0769303832	2.8517
2 4 8			0.03		-0.48		45.92		0.35185	0.1687	51.4325245866	2.4593
0 6 16			0.03		-0.45		44.63		0.35143	0.4825	89.3859051251	7.6515
0 6 8			0.03		-0.42		43.34		0.3517	0.7694	64.1950429677	5.6946
4 2 14			0.03		-0.39		42.15		0.35216	1.2576	70.6282605877	19.9713
0 6 2			0.03		-0.36		41.05		0.35219	0.2356	55.3895592761	6.1752
0 4 18			0.03		-0.34		40.04		0.35375	0.8369	84.5238780681	17.4513
2 4 12			0.03		-0.31		39.06		0.35456	0.2205	63.4791913795	4.8908
4 4 2			-0.03		-0.34		40.29		0.35476	1.2125	52.0311030722	128.6454
3 3 3			0.01		-0.33		39.84		0.35464	0.8081	39.7679129272	70.9373
3 3 15			0.02		-0.31		38.9		0.3545	0.3402	73.0835579415	3.8877
1 1 9			0.02		-0.28		38.0		0.35482	0.2216	37.1193146943	1.1702
6 2 8			-0.04		-0.32		39.6		0.35629	3.3751	67.1207225085	222.106
3 3 9			0.02		-0.3		38.71		0.35608	0.3816	52.4524123761	12.0632
4 6 6			0.02		-0.28		37.88		0.35633	1.1903	71.9781772466	41.9784
3 1 1			0.01		-0.27		37.46		0.35626	0.5239	28.3131072915	41.7464
3 1 9			0.02		-0.25		36.67		0.35617	0.36	45.2950695798	8.7768
1 1 5			-0.05		-0.29		38.5		0.35754	1.9661	22.8949597146	247.5537
6 0 6			0.02		-0.27		37.73		0.35733	1.0815	60.1501886982	39.9969
1 1 13			0.02		-0.26		37.05		0.35784	0.3722	52.9310122384	10.9703
0 2 8			0.02		-0.24		36.32		0.35791	0.1155	35.7619852008	1.7384
6 0 12			0.02		-0.22		35.64		0.35842	0.5892	74.995462768	0.9301
5 5 3			0.01		-0.21		35.38		0.35825	0.8107	66.8760743485	64.1048
1 5 13			0.02		-0.19		34.79		0.35879	1.1973	71.2966048402	12.6128
3 1 15			0.02		-0.18		34.23		0.35898	0.2871	67.3554895111	7.7692
6 0 8			0.02		-0.16		33.63		0.35873	2.9234	64.163237895	5.3359
1 1 17			-0.02		-0.18		34.31		0.3569	2.447	70.2810461715	248.4175
9 1 1			0.02		-0.16		33.8		0.35686	0.8793	87.9915459652	19.6393
1 5 9			0.02		-0.15		33.24		0.3567	0.4394	58.984264935	17.7365
5 1 9			0.02		-0.13		32.71		0.35653	0.4583	58.9619928854	19.0838
2 6 10			0.0		-0.13		32.59		0.3567	0.7069	72.0169435829	44.7171
4 2 6			0.01		-0.11		32.13		0.35651	1.6049	46.7233273538	62.1975
3 3 11			-0.03		-0.14		33.07		0.3572	2.1204	58.6030846927	249.5822
1 7 7			0.01		-0.13		32.59		0.3572	0.4353	72.3061031614	6.1143
3 1 11			-0.04		-0.17		33.94		0.35791	2.3814	52.0481274199	292.2152
0 0 20			-0.0		-0.17		34.11		0.36185	0.4542	83.3712939521	4.3689
1 7 1			0.01		-0.16		33.76		0.36184	0.5219	65.7901743415	26.2984
0 6 18			0.01		-0.15		33.28		0.36184	0.7949	98.0280769063	1.8601
1 3 15			0.01		-0.13		32.84		0.36188	0.2862	67.3623786269	8.1809
0 6 12			0.01		-0.12		32.38		0.36186	0.3425	75.0250979777	1.887
0 0 16			0.01		-0.11		32.11		0.36234	1.3342	64.286058028	116.6634
1 7 5			0.0		-0.11		32.03		0.3625	1.0841	69.0835930101	99.7513
4 0 10			0.01		-0.1		31.87		0.36265	0.6243	53.7713327333	45.2096
5 3 3			-0.0		-0.1		31.94		0.3626	0.9351	54.4936931553	89.9375
1 3 9			0.01		-0.09		31.54		0.36254	0.2622	45.3040218183	7.1674
4 2 2			0.01		-0.08		31.21		0.36254	0.457	40.8620305525	12.2524
2 0 16			0.01		-0.07		30.81		0.36262	0.5935	67.2372591268	11.8907
5 1 11			-0.01		-0.08		31.18		0.36266	3.2753	64.7131722767	203.727
0 2 16			0.01		-0.07		30.8		0.36275	1.8687	67.2407114996	13.8307
5 1 13			0.01		-0.05		30.41		0.36277	0.4567	71.2764535317	11.3258
5 1 3			0.0		-0.05		30.36		0.36272	0.9592	47.5591860667	88.1873
3 3 13			0.01		-0.04		29.99		0.3627	0.5636	65.4922780779	9.1158
4 2 12			0.01		-0.03		29.65		0.36266	0.2244	63.468523569	4.7972
2 0 10			0.01		-0.02		29.45		0.36264	0.6169	42.9543880851	20.236
3 5 9			0.01		-0.01		29.21		0.36256	0.4755	65.0802252419	19.5165
2 2 4			-0.01		-0.02		29.46		0.36253	0.7551	29.4672289371	73.6026
5 5 1			0.01		-0.01		29.19		0.36252	0.5073	65.769247456	23.9531
1 1 15			0.01		-0.01		28.97		0.36259	0.656	61.3839959686	20.6242
0 6 6			0.01		0.0		28.69		0.36251	1.0147	60.183190367	40.9583
2 4 2			0.01		0.01		28.46		0.36251	0.3828	40.8766170199	13.2501
6 0 10			0.01		0.02		28.2		0.36251	1.0728	69.1331306246	8.9056
3 3 1			0.01		0.03		28.04		0.36249	0.5106	38.1558496662	33.1617
0 4 4			-0.01		0.02		28.29		0.36247	0.8482	39.0545896029	78.0016
0 6 14			0.01		0.03		28.02		0.3624	0.9096	81.7552219026	27.2955
6 2 6			-0.05		-0.02		29.54		0.36209	3.9921	63.2107357729	344.5633
1 3 11			-0.03		-0.05		30.47		0.36215	2.4293	52.0561920156	298.4303
1 1 11			-0.04		-0.1		31.82		0.36221	2.144	44.8525636461	378.5934