HKL Value		Reward		TotalReward	Chi Squared	Z Appr. 	Error	Two-Thetas	Sfs2
5 1 3			0.0		0.0		0.0		0.3	0.9592	47.5591860667	88.1873
6 4 0			0.0		0.0		20.14		0.33332	1.8287	67.0910631577	58.6803
1 3 7			0.99		0.99		10.12		0.33665	0.1893	39.2755843192	5.3372
1 1 7			0.5		1.49		6.76		0.33725	0.2012	29.7561292971	6.5386
3 1 7			0.33		1.82		5.07		0.33736	0.257	39.2655360855	5.205
1 1 13			0.04		1.86		4.9		0.3348	0.3722	52.9310122384	10.9703
1 5 7			0.19		2.05		4.11		0.33535	0.6035	54.1236034243	4.2528
4 6 0			0.16		2.21		3.53		0.33535	0.7863	67.1083315067	59.4729
3 5 7			0.14		2.35		3.09		0.33549	0.2309	60.5203777188	5.6046
7 1 7			0.12		2.48		2.75		0.33557	0.3505	72.2660298289	5.0526
5 5 7			0.09		2.57		2.52		0.33617	0.6639	72.2860687267	4.3062
3 3 7			0.08		2.65		2.34		0.33678	0.1558	47.1418707618	3.5073
5 3 7			0.09		2.74		2.14		0.33674	0.2523	60.5057581853	5.4388
0 2 20			0.08		2.82		1.98		0.3367	0.4494	86.0769303832	2.8517
4 6 2			-0.0		2.82		1.98		0.33665	0.2349	67.657370766	5.5969
2 0 14			-0.0		2.82		1.98		0.33617	0.2634	58.6945218607	7.3942
0 2 14			0.03		2.84		1.93		0.33583	0.2479	58.6982494177	6.3292
6 0 2			-0.02		2.82		1.98		0.33582	0.2214	55.354768557	5.4487
4 2 8			0.06		2.88		1.87		0.33585	0.7605	51.4203212226	2.5419
0 6 16			-0.04		2.84		1.94		0.33609	0.4825	89.3859051251	7.6515
6 0 8			0.01		2.85		1.92		0.33594	2.9234	64.163237895	5.3359
2 4 8			0.05		2.9		1.83		0.33597	0.1687	51.4325245866	2.4593
2 4 12			-0.24		2.66		2.42		0.35932	0.2205	63.4791913795	4.8908
0 6 2			0.0		2.66		2.42		0.36008	0.2356	55.3895592761	6.1752
5 3 3			-0.36		2.3		3.77		0.35645	0.9351	54.4936931553	89.9375
3 3 9			0.04		2.34		3.64		0.35564	0.3816	52.4524123761	12.0632
3 3 15			0.02		2.36		3.56		0.35522	0.3402	73.0835579415	3.8877
6 0 4			-0.18		2.18		4.34		0.35571	0.7069	57.1830782131	42.6751
5 3 11			-0.3		1.88		6.16		0.36085	1.8677	70.5420870211	204.0714
4 2 14			0.03		1.91		5.99		0.3605	1.2576	70.6282605877	19.9713
6 0 12			0.03		1.95		5.79		0.36052	0.5892	74.995462768	0.9301
0 6 8			0.03		1.98		5.63		0.36004	0.7694	64.1950429677	5.6946
5 1 9			0.01		1.99		5.57		0.35906	0.4583	58.9619928854	19.0838
4 6 6			0.03		2.02		5.41		0.3593	1.1903	71.9781772466	41.9784
1 1 9			0.03		2.05		5.25		0.35925	0.2216	37.1193146943	1.1702
6 0 6			0.02		2.07		5.15		0.35885	1.0815	60.1501886982	39.9969
5 1 7			0.02		2.09		5.04		0.35885	0.2609	54.1000446603	4.252
3 1 9			0.02		2.11		4.93		0.35851	0.36	45.2950695798	8.7768
4 4 0			-0.63		1.48		13.38		0.35851	4.9852	51.3853572345	648.027
1 5 13			0.02		1.5		13.12		0.3592	1.1973	71.2966048402	12.6128
1 7 1			0.0		1.5		13.07		0.35913	0.5219	65.7901743415	26.2984
0 2 8			0.02		1.53		12.75		0.35916	0.1155	35.7619852008	1.7384
4 2 6			0.01		1.54		12.59		0.35854	1.6049	46.7233273538	62.1975
3 1 15			0.02		1.56		12.39		0.35871	0.2871	67.3554895111	7.7692
5 5 1			0.01		1.57		12.24		0.35865	0.5073	65.769247456	23.9531
3 5 5			-0.06		1.5		13.09		0.36001	1.2751	56.9624934876	133.7285
1 5 9			0.02		1.52		12.86		0.35938	0.4394	58.984264935	17.7365
0 6 14			0.02		1.54		12.63		0.3592	0.9096	81.7552219026	27.2955
6 4 4			-0.0		1.54		12.66		0.35936	0.6669	69.2748711385	33.991
1 3 15			0.01		1.55		12.48		0.35957	0.2862	67.3623786269	8.1809
0 0 14			-0.0		1.55		12.5		0.35917	0.8389	55.4890953336	74.9432
4 2 2			0.01		1.56		12.4		0.35919	0.457	40.8620305525	12.2524
1 7 7			0.02		1.57		12.21		0.3592	0.4353	72.3061031614	6.1143
2 0 10			0.0		1.57		12.21		0.359	0.6169	42.9543880851	20.236
0 2 2			-0.02		1.55		12.47		0.35895	0.4614	19.2417464495	36.8131
0 4 18			0.02		1.57		12.25		0.35887	0.8369	84.5238780681	17.4513
0 6 12			0.02		1.59		12.03		0.35888	0.3425	75.0250979777	1.887
0 2 12			0.01		1.6		11.87		0.35835	0.3827	50.6142203783	17.5707
3 3 1			-0.0		1.6		11.9		0.35829	0.5106	38.1558496662	33.1617
4 4 2			-0.09		1.51		13.14		0.35855	1.2125	52.0311030722	128.6454
1 3 9			0.02		1.52		12.92		0.35842	0.2622	45.3040218183	7.1674
2 4 2			0.01		1.53		12.84		0.35843	0.3828	40.8766170199	13.2501
3 5 9			0.01		1.54		12.72		0.35803	0.4755	65.0802252419	19.5165
0 4 6			-0.25		1.29		16.89		0.35691	3.7688	42.9189471786	481.9509
0 6 18			0.02		1.31		16.63		0.35688	0.7949	98.0280769063	1.8601
3 3 13			0.01		1.32		16.42		0.35707	0.5636	65.4922780779	9.1158
4 2 10			0.01		1.33		16.24		0.35699	1.1102	57.0442200735	11.3144
5 1 13			0.01		1.34		16.06		0.35722	0.4567	71.2764535317	11.3258
0 2 16			0.01		1.35		15.92		0.35758	1.8687	67.2407114996	13.8307
1 1 15			0.0		1.35		15.88		0.35783	0.656	61.3839959686	20.6242
2 6 4			-0.03		1.33		16.35		0.35769	0.8772	60.3635846112	78.02
0 6 6			0.01		1.34		16.14		0.35752	1.0147	60.183190367	40.9583
3 7 1			0.01		1.35		16.0		0.35748	1.2822	71.5694631273	22.2453
6 0 10			0.01		1.36		15.83		0.35739	1.0728	69.1331306246	8.9056
2 2 16			-0.01		1.35		15.97		0.35956	1.1693	70.1293332912	108.6018
3 5 1			0.0		1.35		15.93		0.35952	0.5283	53.2544885252	31.9012
4 2 12			0.01		1.36		15.73		0.35939	0.2244	63.468523569	4.7972
7 1 1			0.0		1.37		15.65		0.35934	0.5207	65.7483230412	25.2044
0 4 20			0.01		1.38		15.55		0.36093	1.027	94.1654323607	18.6345
5 3 5			-0.03		1.35		15.96		0.36127	2.2247	56.9473208346	134.0256
3 1 3			-0.01		1.34		16.07		0.3612	1.2003	30.3814370344	67.5761
2 4 6			0.01		1.35		15.98		0.361	0.785	46.7364348384	64.2552
3 5 3			-0.01		1.34		16.2		0.36092	0.9259	54.5093201099	87.7589
4 0 0			-0.25		1.08		21.74		0.36092	8.3901	35.6934066618	787.9925
4 6 4			0.0		1.09		21.64		0.36096	1.0731	69.291881243	33.3045
1 3 13			0.01		1.1		21.4		0.3611	0.3907	59.4200243294	11.5335
4 2 0			0.0		1.1		21.3		0.3611	0.9287	40.0811891304	86.5118
2 6 10			0.0		1.1		21.3		0.36131	0.7069	72.0169435829	44.7171
2 0 8			0.01		1.11		21.05		0.36129	0.1665	35.7565424018	1.5727
2 4 14			0.01		1.12		20.83		0.36123	0.5221	70.6383718296	19.4111
7 3 5			0.0		1.13		20.77		0.36143	1.0496	74.7140851895	88.0788
2 4 10			0.01		1.13		20.61		0.3614	0.607	57.0555982332	12.0937
5 3 9			0.01		1.14		20.48		0.36122	0.4833	65.0662013285	20.8409
3 1 13			0.01		1.15		20.27		0.36135	0.3869	59.4126405656	11.7895
0 4 16			0.01		1.16		20.13		0.36183	1.5557	75.7704700384	94.8658
3 1 1			0.0		1.16		20.12		0.36181	0.5239	28.3131072915	41.7464
0 2 18			0.01		1.17		19.93		0.36181	0.3755	76.3208597895	3.7538
0 4 12			-0.03		1.14		20.47		0.36116	1.4889	60.4300914167	161.7651
2 4 0			0.0		1.15		20.4		0.36116	1.4359	40.0960076051	88.2765
7 3 1			0.01		1.15		20.26		0.36114	0.5095	71.5359286583	22.1332
6 2 10			-0.0		1.15		20.26		0.36133	0.7103	71.9901825081	43.9921
0 0 18			0.01		1.16		20.12		0.36133	0.6609	73.530655613	37.988