HKL Value		Reward		TotalReward	Chi Squared	Z Appr. 	Error	Two-Thetas	Sfs2
6 4 0			0.0		0.0		0.0		0.3	1.8287	67.0910631577	58.6803
1 1 7			0.0		0.0		0.01		0.33798	0.2012	29.7561292971	6.5386
1 3 7			0.42		0.42		0.01		0.3377	0.1893	39.2755843192	5.3372
3 1 7			0.49		0.91		0.01		0.33767	0.257	39.2655360855	5.205
1 5 7			0.21		1.12		0.01		0.3376	0.6035	54.1236034243	4.2528
4 6 0			-0.59		0.53		0.01		0.3376	0.7863	67.1083315067	59.4729
7 1 7			-0.38		0.15		0.02		0.33731	0.3505	72.2660298289	5.0526
3 5 7			-0.09		0.05		0.02		0.33712	0.2309	60.5203777188	5.6046
5 3 7			0.05		0.11		0.02		0.33702	0.2523	60.5057581853	5.4388
5 5 7			-0.42		-0.31		0.04		0.33736	0.6639	72.2860687267	4.3062
3 3 7			-0.39		-0.7		0.06		0.33776	0.1558	47.1418707618	3.5073
2 0 14			-0.79		-1.49		0.29		0.3366	0.2634	58.6945218607	7.3942
0 2 14			-0.23		-1.72		0.37		0.33581	0.2479	58.6982494177	6.3292
0 2 20			0.05		-1.67		0.35		0.33622	0.4494	86.0769303832	2.8517
4 2 8			0.08		-1.6		0.33		0.33623	0.7605	51.4203212226	2.5419
6 0 2			-0.32		-1.92		0.48		0.33623	0.2214	55.354768557	5.4487
7 1 5			-0.89		-2.8		4.26		0.33703	1.5264	69.0427278305	98.726
2 4 8			0.06		-2.74		4.01		0.337	0.1687	51.4325245866	2.4593
4 6 2			0.03		-2.71		3.9		0.33694	0.2349	67.657370766	5.5969
0 6 8			0.03		-2.69		3.8		0.33672	0.7694	64.1950429677	5.6946
0 6 16			0.01		-2.67		3.75		0.33712	0.4825	89.3859051251	7.6515
0 6 12			0.49		-2.19		2.52		0.36244	0.3425	75.0250979777	1.887
0 6 2			0.01		-2.18		2.5		0.36251	0.2356	55.3895592761	6.1752
0 0 20			-0.06		-2.24		2.65		0.36441	0.4542	83.3712939521	4.3689
5 1 7			0.02		-2.21		2.59		0.36443	0.2609	54.1000446603	4.252
0 4 18			0.04		-2.17		2.49		0.36445	0.8369	84.5238780681	17.4513
4 6 6			0.03		-2.14		2.4		0.3644	1.1903	71.9781772466	41.9784
4 2 14			-0.01		-2.14		2.43		0.36423	1.2576	70.6282605877	19.9713
2 4 12			0.01		-2.14		2.41		0.36418	0.2205	63.4791913795	4.8908
1 1 9			0.03		-2.11		2.34		0.36419	0.2216	37.1193146943	1.1702
3 3 15			0.03		-2.08		2.28		0.36421	0.3402	73.0835579415	3.8877
0 2 8			0.03		-2.05		2.21		0.36417	0.1155	35.7619852008	1.7384
3 3 9			-0.04		-2.09		2.31		0.36406	0.3816	52.4524123761	12.0632
1 1 13			0.03		-2.07		2.25		0.36399	0.3722	52.9310122384	10.9703
6 4 6			0.03		-2.04		2.19		0.36395	0.9247	71.9614498967	41.9809
6 0 8			-0.02		-2.06		2.23		0.36381	2.9234	64.163237895	5.3359
6 0 12			0.03		-2.03		2.17		0.3638	0.5892	74.995462768	0.9301
6 2 8			-0.51		-2.54		4.41		0.36416	3.3751	67.1207225085	222.106
4 2 4			-0.17		-2.71		5.31		0.36419	0.7624	43.1345383828	64.2766
3 1 9			0.01		-2.7		5.27		0.36411	0.36	45.2950695798	8.7768
6 0 6			0.0		-2.7		5.25		0.36398	1.0815	60.1501886982	39.9969
3 1 15			0.01		-2.68		5.18		0.36402	0.2871	67.3554895111	7.7692
1 7 7			0.01		-2.67		5.11		0.36403	0.4353	72.3061031614	6.1143
4 2 6			-0.02		-2.69		5.24		0.36384	1.6049	46.7233273538	62.1975
5 1 9			-0.01		-2.7		5.29		0.36369	0.4583	58.9619928854	19.0838
4 2 2			-0.01		-2.71		5.33		0.3637	0.457	40.8620305525	12.2524