HKL Value		Reward		TotalReward	Chi Squared	Z Appr. 	Error	Two-Thetas	Sfs2
4 0 8			0.0		0.0		0.0		0.3	2.9483	47.8850437629	244.3799
6 4 0			0.0		0.0		93.69		0.25	1.8287	67.0910631577	58.6803
5 3 3			0.17		0.17		80.21		0.25235	0.9351	54.4936931553	89.9375
1 3 7			0.39		0.56		57.79		0.24341	0.1893	39.2755843192	5.3372
1 1 7			0.3		0.86		44.46		0.241	0.2012	29.7561292971	6.5386
3 1 7			0.23		1.09		36.01		0.23978	0.257	39.2655360855	5.205
4 2 2			0.19		1.28		30.28		0.2398	0.457	40.8620305525	12.2524
1 5 11			-0.38		0.9		48.51		0.24285	1.8219	64.7342781598	204.7444
1 5 7			0.13		1.03		42.91		0.24148	0.6035	54.1236034243	4.2528
6 0 10			0.11		1.15		38.58		0.24172	1.0728	69.1331306246	8.9056
4 6 0			0.11		1.26		34.73		0.24172	0.7863	67.1083315067	59.4729
3 5 7			0.09		1.35		31.75		0.24094	0.2309	60.5203777188	5.6046
7 1 7			0.09		1.44		29.22		0.24036	0.3505	72.2660298289	5.0526
4 0 0			-0.54		0.9		63.59		0.24036	8.3901	35.6934066618	787.9925
2 0 8			0.08		0.97		59.1		0.24016	0.1665	35.7565424018	1.5727
5 5 7			0.07		1.04		55.36		0.2393	0.6639	72.2860687267	4.3062
5 3 7			0.07		1.11		51.94		0.23895	0.2523	60.5057581853	5.4388
3 3 7			0.06		1.17		49.04		0.23825	0.1558	47.1418707618	3.5073
0 2 14			0.06		1.22		46.32		0.23833	0.2479	58.6982494177	6.3292
3 3 9			0.05		1.28		43.96		0.23873	0.3816	52.4524123761	12.0632
2 0 14			0.05		1.33		41.76		0.23882	0.2634	58.6945218607	7.3942
6 0 2			0.05		1.38		39.78		0.23882	0.2214	55.354768557	5.4487
4 2 8			0.04		1.42		38.17		0.23842	0.7605	51.4203212226	2.5419
4 6 2			0.04		1.47		36.53		0.23841	0.2349	67.657370766	5.5969
0 2 20			0.04		1.51		35.03		0.23819	0.4494	86.0769303832	2.8517
2 4 8			0.04		1.55		33.79		0.23777	0.1687	51.4325245866	2.4593
0 6 16			0.04		1.59		32.49		0.23766	0.4825	89.3859051251	7.6515
0 6 8			0.04		1.62		31.37		0.23744	0.7694	64.1950429677	5.6946
4 2 14			0.02		1.65		30.63		0.23779	1.2576	70.6282605877	19.9713
2 4 0			0.02		1.67		30.05		0.23779	1.4359	40.0960076051	88.2765
0 6 2			0.03		1.7		29.06		0.23779	0.2356	55.3895592761	6.1752
0 4 18			0.01		1.71		28.72		0.23987	0.8369	84.5238780681	17.4513
2 4 12			-0.04		1.67		30.0		0.23788	0.2205	63.4791913795	4.8908
3 3 15			0.03		1.7		29.12		0.23785	0.3402	73.0835579415	3.8877
5 1 7			0.03		1.73		28.28		0.2378	0.2609	54.1000446603	4.252
4 6 6			-0.0		1.73		28.29		0.23776	1.1903	71.9781772466	41.9784
1 1 9			0.02		1.75		27.82		0.23818	0.2216	37.1193146943	1.1702
6 0 6			-0.0		1.74		27.87		0.23818	1.0815	60.1501886982	39.9969
3 1 9			0.02		1.77		27.23		0.23835	0.36	45.2950695798	8.7768
1 1 13			-0.04		1.73		28.28		0.23972	0.3722	52.9310122384	10.9703
6 0 12			-0.09		1.64		31.22		0.2365	0.5892	74.995462768	0.9301
0 2 8			0.02		1.66		30.46		0.2365	0.1155	35.7619852008	1.7384
1 5 13			-0.03		1.63		31.54		0.23733	1.1973	71.2966048402	12.6128
3 1 15			0.02		1.65		30.87		0.2373	0.2871	67.3554895111	7.7692
3 5 1			0.02		1.67		30.18		0.2373	0.5283	53.2544885252	31.9012
6 0 8			0.02		1.69		29.56		0.23723	2.9234	64.163237895	5.3359
2 6 10			0.01		1.7		29.33		0.23709	0.7069	72.0169435829	44.7171
1 5 9			0.02		1.72		28.76		0.23718	0.4394	58.984264935	17.7365
5 1 9			0.02		1.74		28.2		0.23728	0.4583	58.9619928854	19.0838
4 0 10			0.01		1.75		28.02		0.23714	0.6243	53.7713327333	45.2096
4 2 6			-0.01		1.73		28.41		0.23712	1.6049	46.7233273538	62.1975
2 0 6			-0.05		1.69		29.78		0.23706	1.6278	29.1406672869	128.8477
1 7 7			0.02		1.71		29.21		0.23706	0.4353	72.3061031614	6.1143
1 7 1			0.02		1.73		28.65		0.23706	0.5219	65.7901743415	26.2984
1 3 15			0.02		1.74		28.18		0.23704	0.2862	67.3623786269	8.1809
1 3 9			0.01		1.76		27.81		0.23724	0.2622	45.3040218183	7.1674
2 0 16			0.02		1.77		27.32		0.23731	0.5935	67.2372591268	11.8907
6 0 4			0.01		1.79		27.0		0.23733	0.7069	57.1830782131	42.6751
0 2 16			0.02		1.8		26.56		0.23742	1.8687	67.2407114996	13.8307
5 1 13			-0.03		1.77		27.45		0.23835	0.4567	71.2764535317	11.3258
0 6 12			-0.03		1.74		28.4		0.23677	0.3425	75.0250979777	1.887
2 0 10			0.01		1.75		28.15		0.23678	0.6169	42.9543880851	20.236
3 5 9			0.02		1.76		27.7		0.2368	0.4755	65.0802252419	19.5165
0 2 2			0.01		1.77		27.44		0.2368	0.4614	19.2417464495	36.8131
0 2 10			0.01		1.78		27.23		0.23683	0.4317	42.9590557724	21.0204
5 5 1			0.01		1.79		26.85		0.23684	0.5073	65.769247456	23.9531
0 6 6			-0.0		1.79		26.9		0.23684	1.0147	60.183190367	40.9583
1 3 13			-0.03		1.76		27.72		0.23763	0.3907	59.4200243294	11.5335
3 3 3			-0.01		1.75		28.13		0.23763	0.8081	39.7679129272	70.9373