HKL Value		Reward		TotalReward	Chi Squared	Z Appr. 	Error	Two-Thetas	Sfs2
3 3 7			0.0		0.0		0.0		0.3	0.1558	47.1418707618	3.5073
1 7 1			0.0		0.0		8.92		0.33865	0.5219	65.7901743415	26.2984
2 2 8			-0.82		-0.82		50.17		0.37436	1.8488	40.1384116224	216.1995
0 2 16			0.4		-0.42		35.82		0.36726	1.8687	67.2407114996	13.8307
0 4 10			0.28		-0.14		27.96		0.37984	0.9893	53.7871001638	44.1425
6 4 0			0.25		0.11		22.37		0.37984	1.8287	67.0910631577	58.6803
1 1 7			0.2		0.3		18.71		0.37939	0.2012	29.7561292971	6.5386
3 1 9			0.14		0.44		16.45		0.37974	0.36	45.2950695798	8.7768
4 6 0			0.14		0.58		14.4		0.37974	0.7863	67.1083315067	59.4729
1 3 7			0.12		0.71		12.83		0.37946	0.1893	39.2755843192	5.3372
7 1 7			0.11		0.82		11.55		0.37935	0.3505	72.2660298289	5.0526
3 1 7			0.1		0.92		10.52		0.37912	0.257	39.2655360855	5.205
1 7 5			0.01		0.92		10.45		0.37974	1.0841	69.0835930101	99.7513
1 5 7			0.08		1.0		9.66		0.37955	0.6035	54.1236034243	4.2528
0 4 2			-0.33		0.68		14.39		0.38006	3.2657	36.5744795411	137.7475
0 2 2			-0.06		0.62		15.23		0.3801	0.4614	19.2417464495	36.8131
5 5 7			0.06		0.68		14.34		0.37974	0.6639	72.2860687267	4.3062
6 2 4			-0.13		0.55		16.52		0.37981	0.8727	60.3342977717	77.9073
3 5 7			0.06		0.61		15.61		0.37972	0.2309	60.5203777188	5.6046
4 2 8			0.02		0.63		15.32		0.3802	0.7605	51.4203212226	2.5419
6 0 8			0.02		0.65		14.95		0.38061	2.9234	64.163237895	5.3359
5 1 13			-0.06		0.59		15.86		0.36672	0.4567	71.2764535317	11.3258
6 0 2			0.04		0.64		15.2		0.36678	0.2214	55.354768557	5.4487
6 0 6			0.03		0.66		14.82		0.36612	1.0815	60.1501886982	39.9969
1 1 5			-0.2		0.47		18.44		0.36774	1.9661	22.8949597146	247.5537
4 6 2			0.04		0.5		17.81		0.36777	0.2349	67.657370766	5.5969
0 6 2			0.04		0.54		17.19		0.36784	0.2356	55.3895592761	6.1752
3 5 9			0.01		0.55		17.0		0.36754	0.4755	65.0802252419	19.5165
4 6 6			0.03		0.58		16.44		0.36716	1.1903	71.9781772466	41.9784
0 6 18			0.04		0.62		15.88		0.3673	0.7949	98.0280769063	1.8601
0 6 16			0.02		0.64		15.54		0.36546	0.4825	89.3859051251	7.6515
1 1 13			0.03		0.67		15.07		0.36499	0.3722	52.9310122384	10.9703
1 5 13			0.03		0.7		14.61		0.36481	1.1973	71.2966048402	12.6128
0 6 6			0.02		0.72		14.33		0.36455	1.0147	60.183190367	40.9583
2 4 12			0.03		0.75		13.97		0.36449	0.2205	63.4791913795	4.8908
5 3 1			-0.0		0.75		13.98		0.36445	0.5252	53.2386121167	32.835
1 3 13			0.03		0.78		13.6		0.36431	0.3907	59.4200243294	11.5335
2 6 2			-0.12		0.66		15.43		0.36448	1.2892	58.5985395934	134.3564
1 1 3			-0.0		0.66		15.45		0.36441	0.4514	16.9416048235	36.8187
4 4 0			-0.34		0.32		23.42		0.36441	4.9852	51.3853572345	648.027