HKL Value		Reward		TotalReward	Chi Squared	Z Appr. 	Error	Two-Thetas	Sfs2
6 4 0			0.0		0.0		0.0		0.3	1.8287	67.0910631577	58.6803
1 1 7			0.0		0.0		0.01		0.33798	0.2012	29.7561292971	6.5386
1 3 7			0.42		0.42		0.01		0.3377	0.1893	39.2755843192	5.3372
1 7 7			-0.89		-0.47		0.09		0.33672	0.4353	72.3061031614	6.1143
3 1 7			0.24		-0.23		0.07		0.33695	0.257	39.2655360855	5.205
1 5 7			0.23		0.0		0.06		0.33703	0.6035	54.1236034243	4.2528
4 4 10			-0.98		-0.98		3.21		0.3336	0.6886	66.23802526	47.6672
4 6 0			0.16		-0.82		2.76		0.3336	0.7863	67.1083315067	59.4729
7 1 7			0.13		-0.69		2.44		0.3339	0.3505	72.2660298289	5.0526
3 5 7			0.12		-0.57		2.19		0.33417	0.2309	60.5203777188	5.6046
5 5 7			0.06		-0.51		2.06		0.3348	0.6639	72.2860687267	4.3062
3 3 7			0.05		-0.46		1.97		0.33544	0.1558	47.1418707618	3.5073
2 0 14			0.04		-0.43		1.9		0.33473	0.2634	58.6945218607	7.3942
5 3 7			0.08		-0.35		1.76		0.33485	0.2523	60.5057581853	5.4388
5 5 1			-0.07		-0.42		1.9		0.33477	0.5073	65.769247456	23.9531
4 6 2			0.0		-0.42		1.9		0.33471	0.2349	67.657370766	5.5969
0 2 14			0.05		-0.37		1.81		0.33438	0.2479	58.6982494177	6.3292
0 2 20			0.01		-0.36		1.78		0.33539	0.4494	86.0769303832	2.8517
4 2 8			0.06		-0.3		1.69		0.33544	0.7605	51.4203212226	2.5419
6 0 2			-0.03		-0.33		1.74		0.33544	0.2214	55.354768557	5.4487
3 1 11			-0.79		-1.11		8.15		0.36425	2.3814	52.0481274199	292.2152
0 6 16			0.04		-1.07		7.81		0.36365	0.4825	89.3859051251	7.6515
0 6 2			0.03		-1.04		7.54		0.36369	0.2356	55.3895592761	6.1752
2 4 8			0.02		-1.02		7.4		0.36322	0.1687	51.4325245866	2.4593
1 3 3			-0.09		-1.1		8.11		0.36301	0.7045	30.3940112777	66.1614
6 2 4			-0.17		-1.28		9.8		0.36288	0.8727	60.3342977717	77.9073
3 3 9			0.02		-1.25		9.59		0.36243	0.3816	52.4524123761	12.0632
6 0 12			0.04		-1.22		9.24		0.36237	0.5892	74.995462768	0.9301
1 1 9			0.04		-1.18		8.92		0.36232	0.2216	37.1193146943	1.1702
1 1 13			0.04		-1.15		8.62		0.36253	0.3722	52.9310122384	10.9703
2 6 2			-0.22		-1.37		11.08		0.36287	1.2892	58.5985395934	134.3564
4 0 8			-0.22		-1.59		14.16		0.36382	2.9483	47.8850437629	244.3799
3 3 13			0.03		-1.55		13.73		0.36356	0.5636	65.4922780779	9.1158
1 3 9			0.03		-1.53		13.39		0.36342	0.2622	45.3040218183	7.1674
6 0 6			0.02		-1.51		13.11		0.36318	1.0815	60.1501886982	39.9969
3 7 1			0.01		-1.49		12.93		0.36314	1.2822	71.5694631273	22.2453
3 3 15			0.03		-1.47		12.59		0.3632	0.3402	73.0835579415	3.8877
1 3 13			0.03		-1.44		12.25		0.36322	0.3907	59.4200243294	11.5335
4 6 6			0.03		-1.41		11.93		0.36319	1.1903	71.9781772466	41.9784
3 1 9			0.02		-1.39		11.7		0.36304	0.36	45.2950695798	8.7768
2 0 10			-0.0		-1.4		11.74		0.36296	0.6169	42.9543880851	20.236
2 4 12			0.02		-1.37		11.49		0.36285	0.2205	63.4791913795	4.8908
1 5 13			0.02		-1.35		11.22		0.36297	1.1973	71.2966048402	12.6128
4 2 6			0.0		-1.35		11.18		0.36265	1.6049	46.7233273538	62.1975
6 0 4			-0.02		-1.37		11.46		0.3627	0.7069	57.1830782131	42.6751
3 5 5			-0.06		-1.43		12.19		0.36318	1.2751	56.9624934876	133.7285
3 1 15			0.02		-1.41		11.98		0.36325	0.2871	67.3554895111	7.7692
1 5 9			0.01		-1.4		11.85		0.36301	0.4394	58.984264935	17.7365
3 5 1			-0.0		-1.4		11.88		0.36298	0.5283	53.2544885252	31.9012
5 1 9			0.01		-1.4		11.78		0.3627	0.4583	58.9619928854	19.0838
1 7 5			-0.02		-1.42		12.06		0.36309	1.0841	69.0835930101	99.7513
5 1 13			0.02		-1.4		11.82		0.36311	0.4567	71.2764535317	11.3258
0 6 8			0.02		-1.38		11.64		0.36294	0.7694	64.1950429677	5.6946
0 4 0			-0.44		-1.83		20.94		0.36294	6.137	35.7152072575	818.959
4 2 0			0.01		-1.82		20.79		0.36294	0.9287	40.0811891304	86.5118
5 1 7			0.02		-1.8		20.44		0.36296	0.2609	54.1000446603	4.252
0 4 18			0.02		-1.79		20.08		0.36298	0.8369	84.5238780681	17.4513
0 4 14			-0.01		-1.79		20.27		0.36242	1.2337	67.7597167724	121.3788
2 2 6			-0.23		-2.03		26.41		0.36108	8.3224	34.2684003079	615.2447
5 3 1			0.01		-2.02		26.2		0.36104	0.5252	53.2386121167	32.835
0 2 8			0.02		-2.0		25.76		0.36102	0.1155	35.7619852008	1.7384
2 0 12			0.01		-1.99		25.42		0.36058	0.8079	50.6101057273	16.6151
4 2 10			0.01		-1.98		25.1		0.36045	1.1102	57.0442200735	11.3144
0 6 6			0.01		-1.96		24.75		0.36018	1.0147	60.183190367	40.9583
4 2 2			0.01		-1.95		24.47		0.36019	0.457	40.8620305525	12.2524
0 4 20			0.01		-1.94		24.16		0.36147	1.027	94.1654323607	18.6345
5 3 9			0.01		-1.93		23.93		0.36127	0.4833	65.0662013285	20.8409
0 4 12			-0.03		-1.96		24.61		0.36028	1.4889	60.4300914167	161.7651
5 3 3			-0.01		-1.96		24.78		0.36018	0.9351	54.4936931553	89.9375
1 3 15			0.01		-1.95		24.47		0.36025	0.2862	67.3623786269	8.1809
3 3 1			0.01		-1.94		24.31		0.36023	0.5106	38.1558496662	33.1617
0 6 14			0.01		-1.93		24.0		0.36014	0.9096	81.7552219026	27.2955
0 2 12			0.01		-1.92		23.73		0.35987	0.3827	50.6142203783	17.5707
2 0 8			0.01		-1.91		23.41		0.35987	0.1665	35.7565424018	1.5727
2 4 10			0.01		-1.9		23.18		0.3598	0.607	57.0555982332	12.0937
3 1 13			0.01		-1.88		22.9		0.35999	0.3869	59.4126405656	11.7895
4 2 14			0.01		-1.87		22.61		0.35995	1.2576	70.6282605877	19.9713
6 0 8			0.01		-1.86		22.33		0.35984	2.9234	64.163237895	5.3359
6 2 0			-0.13		-1.99		25.66		0.35984	4.3933	57.9728440251	566.5186
1 1 17			-0.03		-2.01		26.34		0.35867	2.447	70.2810461715	248.4175
6 0 10			0.01		-2.0		26.06		0.35863	1.0728	69.1331306246	8.9056
0 6 18			0.01		-1.99		25.75		0.35862	0.7949	98.0280769063	1.8601
0 6 0			0.01		-1.98		25.51		0.35862	1.4277	54.7714555341	59.4019
0 4 8			-0.04		-2.02		26.53		0.35919	4.1351	47.9021960727	235.0989
6 4 4			0.01		-2.01		26.38		0.35923	0.6669	69.2748711385	33.991
2 4 2			0.01		-2.01		26.16		0.35924	0.3828	40.8766170199	13.2501
3 5 9			0.01		-2.0		25.93		0.35906	0.4755	65.0802252419	19.5165
4 4 12			-0.0		-2.0		26.0		0.3583	1.9475	72.2035773977	130.2426
1 1 15			0.01		-1.99		25.84		0.35842	0.656	61.3839959686	20.6242
0 2 16			0.01		-1.98		25.62		0.35868	1.8687	67.2407114996	13.8307
2 2 12			-0.02		-2.01		26.24		0.35757	1.9766	54.0147953295	208.0279
0 2 18			0.01		-2.0		25.97		0.35753	0.3755	76.3208597895	3.7538
1 7 1			0.01		-1.99		25.8		0.3575	0.5219	65.7901743415	26.2984
4 2 4			-0.01		-2.0		25.95		0.35755	0.7624	43.1345383828	64.2766
2 2 16			-0.0		-2.0		25.97		0.3586	1.1693	70.1293332912	108.6018
0 6 12			0.01		-1.99		25.7		0.35861	0.3425	75.0250979777	1.887
0 2 22			-0.0		-1.99		25.71		0.35933	1.8317	96.7387030121	97.213
4 6 4			0.0		-1.98		25.59		0.35936	1.0731	69.291881243	33.3045
7 3 1			0.01		-1.98		25.39		0.35935	0.5095	71.5359286583	22.1332
7 1 1			0.01		-1.97		25.24		0.35934	0.5207	65.7483230412	25.2044
5 3 5			-0.01		-1.98		25.49		0.35961	2.2247	56.9473208346	134.0256
1 1 1			0.0		-1.98		25.47		0.3596	0.5749	13.0194761966	56.7652