HKL Value		Reward		TotalReward	Chi Squared	Z Appr. 	Error	Two-Thetas	Sfs2
6 4 0			0.0		0.0		0.0		0.3	1.8287	67.0910631577	58.6803
1 1 7			0.0		0.0		0.01		0.33798	0.2012	29.7561292971	6.5386
3 7 3			-1.0		-1.0		8.82		0.33721	0.8954	72.6346668965	71.6226
4 2 12			0.15		-0.85		7.7		0.35683	0.2244	63.468523569	4.7972
1 3 7			0.24		-0.61		6.2		0.35683	0.1893	39.2755843192	5.3372
3 1 7			0.17		-0.44		5.28		0.35682	0.257	39.2655360855	5.205
1 5 7			0.14		-0.3		4.64		0.35682	0.6035	54.1236034243	4.2528
4 6 0			0.16		-0.13		3.99		0.35682	0.7863	67.1083315067	59.4729
5 3 7			0.07		-0.07		3.73		0.3568	0.2523	60.5057581853	5.4388
3 5 7			0.05		-0.01		3.54		0.35679	0.2309	60.5203777188	5.6046
5 1 3			-0.37		-0.38		5.58		0.35596	0.9592	47.5591860667	88.1873
2 2 2			-0.57		-0.95		13.07		0.35716	1.1162	26.2109248846	125.5642
7 1 7			0.08		-0.87		12.14		0.35716	0.3505	72.2660298289	5.0526
2 4 10			0.04		-0.83		11.63		0.35645	0.607	57.0555982332	12.0937
5 5 7			0.07		-0.76		10.88		0.35643	0.6639	72.2860687267	4.3062
3 3 7			0.07		-0.7		10.21		0.35641	0.1558	47.1418707618	3.5073
5 3 3			-0.13		-0.82		11.72		0.35566	0.9351	54.4936931553	89.9375
0 2 14			0.06		-0.77		11.09		0.35535	0.2479	58.6982494177	6.3292
2 0 14			0.06		-0.71		10.49		0.35513	0.2634	58.6945218607	7.3942
0 2 20			0.06		-0.65		9.94		0.35507	0.4494	86.0769303832	2.8517
2 4 8			0.05		-0.6		9.44		0.35498	0.1687	51.4325245866	2.4593
6 0 2			0.04		-0.56		9.1		0.35505	0.2214	55.354768557	5.4487
3 1 11			-0.36		-0.92		14.15		0.36172	2.3814	52.0481274199	292.2152
4 2 8			0.04		-0.88		13.62		0.35949	0.7605	51.4203212226	2.5419
4 6 2			0.03		-0.85		13.16		0.35949	0.2349	67.657370766	5.5969
0 6 8			0.04		-0.81		12.66		0.35866	0.7694	64.1950429677	5.6946
0 6 16			0.04		-0.77		12.22		0.36044	0.4825	89.3859051251	7.6515
0 6 2			0.03		-0.74		11.85		0.36056	0.2356	55.3895592761	6.1752
0 4 18			0.04		-0.71		11.44		0.3605	0.8369	84.5238780681	17.4513
5 1 7			0.03		-0.67		11.1		0.36054	0.2609	54.1000446603	4.252
3 3 15			0.03		-0.64		10.76		0.36092	0.3402	73.0835579415	3.8877
1 1 9			0.03		-0.61		10.42		0.36078	0.2216	37.1193146943	1.1702
2 4 12			0.03		-0.58		10.12		0.36008	0.2205	63.4791913795	4.8908
4 6 6			0.03		-0.55		9.81		0.36033	1.1903	71.9781772466	41.9784
4 2 14			0.03		-0.52		9.55		0.35998	1.2576	70.6282605877	19.9713
7 3 5			-0.02		-0.54		9.73		0.36135	1.0496	74.7140851895	88.0788
6 0 6			0.02		-0.52		9.54		0.36079	1.0815	60.1501886982	39.9969
0 2 8			0.03		-0.49		9.28		0.36075	0.1155	35.7619852008	1.7384
6 0 12			0.03		-0.47		9.03		0.36075	0.5892	74.995462768	0.9301
3 3 9			0.02		-0.45		8.88		0.3601	0.3816	52.4524123761	12.0632
0 4 12			-0.12		-0.57		10.13		0.35707	1.4889	60.4300914167	161.7651
1 1 13			0.02		-0.56		9.97		0.35738	0.3722	52.9310122384	10.9703
1 5 13			0.01		-0.54		9.83		0.35784	1.1973	71.2966048402	12.6128
3 1 15			0.01		-0.53		9.7		0.35795	0.2871	67.3554895111	7.7692
3 1 9			0.02		-0.51		9.49		0.35772	0.36	45.2950695798	8.7768
6 0 8			0.02		-0.48		9.29		0.35758	2.9234	64.163237895	5.3359
1 7 7			0.02		-0.47		9.14		0.35758	0.4353	72.3061031614	6.1143
4 2 6			0.01		-0.46		9.05		0.35723	1.6049	46.7233273538	62.1975
5 1 9			0.02		-0.44		8.89		0.35693	0.4583	58.9619928854	19.0838
4 2 2			0.0		-0.44		8.86		0.35694	0.457	40.8620305525	12.2524
1 3 15			0.01		-0.43		8.77		0.35694	0.2862	67.3623786269	8.1809
0 6 12			0.02		-0.41		8.61		0.35721	0.3425	75.0250979777	1.887
1 5 9			0.02		-0.39		8.47		0.357	0.4394	58.984264935	17.7365
2 0 10			-0.01		-0.4		8.52		0.35689	0.6169	42.9543880851	20.236
0 6 6			0.02		-0.38		8.38		0.35678	1.0147	60.183190367	40.9583
0 2 6			-0.04		-0.42		8.72		0.35636	1.1672	29.1471999487	131.5155
5 5 1			0.01		-0.41		8.67		0.35633	0.5073	65.769247456	23.9531
5 1 13			0.01		-0.4		8.59		0.35651	0.4567	71.2764535317	11.3258
1 1 5			-0.19		-0.59		10.59		0.35729	1.9661	22.8949597146	247.5537
0 4 4			-0.06		-0.65		11.24		0.35716	0.8482	39.0545896029	78.0016
6 0 10			0.01		-0.64		11.12		0.35709	1.0728	69.1331306246	8.9056
5 3 5			-0.06		-0.7		11.82		0.35774	2.2247	56.9473208346	134.0256
1 3 9			0.02		-0.68		11.63		0.35768	0.2622	45.3040218183	7.1674
1 1 15			-0.0		-0.68		11.65		0.35792	0.656	61.3839959686	20.6242
1 3 13			0.01		-0.67		11.52		0.3583	0.3907	59.4200243294	11.5335
3 3 13			0.01		-0.66		11.36		0.35864	0.5636	65.4922780779	9.1158
3 7 1			0.01		-0.65		11.29		0.35861	1.2822	71.5694631273	22.2453
0 4 20			0.0		-0.65		11.25		0.36089	1.027	94.1654323607	18.6345
2 4 2			0.0		-0.65		11.21		0.36089	0.3828	40.8766170199	13.2501
4 2 10			0.01		-0.64		11.13		0.36084	1.1102	57.0442200735	11.3144
0 2 12			0.01		-0.63		11.05		0.36058	0.3827	50.6142203783	17.5707
3 3 1			-0.0		-0.63		11.08		0.36055	0.5106	38.1558496662	33.1617
3 5 9			0.01		-0.63		11.03		0.36031	0.4755	65.0802252419	19.5165
1 7 1			0.0		-0.63		11.03		0.36028	0.5219	65.7901743415	26.2984
0 6 10			0.01		-0.62		10.93		0.36023	0.8527	69.1637693973	8.5049
5 3 9			0.0		-0.62		10.89		0.35997	0.4833	65.0662013285	20.8409
4 2 0			-0.0		-0.62		10.92		0.35997	0.9287	40.0811891304	86.5118
6 0 4			-0.01		-0.63		11.08		0.36002	0.7069	57.1830782131	42.6751
0 6 14			0.01		-0.62		10.97		0.35994	0.9096	81.7552219026	27.2955
3 5 1			-0.0		-0.63		11.0		0.35991	0.5283	53.2544885252	31.9012
2 4 6			0.0		-0.62		10.95		0.35969	0.785	46.7364348384	64.2552
0 6 18			0.01		-0.61		10.83		0.35969	0.7949	98.0280769063	1.8601
2 2 6			-0.29		-0.9		15.16		0.35873	8.3224	34.2684003079	615.2447
2 0 8			0.01		-0.88		14.98		0.35873	0.1665	35.7565424018	1.5727
3 3 5			-0.04		-0.92		15.54		0.35918	1.3995	42.8396693434	151.0913
2 0 16			0.01		-0.91		15.4		0.35948	0.5935	67.2372591268	11.8907
3 1 13			0.01		-0.9		15.25		0.35968	0.3869	59.4126405656	11.7895
0 2 16			0.01		-0.89		15.12		0.35999	1.8687	67.2407114996	13.8307
7 1 1			0.0		-0.89		15.06		0.35998	0.5207	65.7483230412	25.2044
2 6 10			-0.01		-0.89		15.14		0.3602	0.7069	72.0169435829	44.7171
4 6 4			0.0		-0.89		15.12		0.36025	1.0731	69.291881243	33.3045
6 2 8			-0.05		-0.95		15.98		0.36083	3.3751	67.1207225085	222.106
2 2 16			0.0		-0.95		15.95		0.36157	1.1693	70.1293332912	108.6018
0 0 18			0.01		-0.94		15.85		0.36161	0.6609	73.530655613	37.988
7 3 1			0.01		-0.93		15.75		0.36161	0.5095	71.5359286583	22.1332
6 0 0			0.01		-0.92		15.63		0.36161	0.7256	54.7363985401	55.434
6 4 4			0.0		-0.92		15.61		0.36163	0.6669	69.2748711385	33.991
0 2 18			0.01		-0.91		15.46		0.36163	0.3755	76.3208597895	3.7538
9 1 1			0.01		-0.91		15.36		0.36163	0.8793	87.9915459652	19.6393
2 4 14			0.01		-0.9		15.21		0.36156	0.5221	70.6383718296	19.4111
3 1 1			-0.0		-0.9		15.25		0.36153	0.5239	28.3131072915	41.7464
0 6 0			0.01		-0.89		15.17		0.36153	1.4277	54.7714555341	59.4019