HKL Value		Reward		TotalReward	Chi Squared	Z Appr. 	Error	Two-Thetas	Sfs2
6 4 0			0.0		0.0		0.0		0.3	1.8287	67.0910631577	58.6803
1 1 7			0.0		0.0		0.01		0.33798	0.2012	29.7561292971	6.5386
0 4 6			-1.0		-1.0		116.89		0.33497	3.7688	42.9189471786	481.9509
1 3 7			0.5		-0.5		77.98		0.3355	0.1893	39.2755843192	5.3372
3 1 7			0.33		-0.17		58.52		0.33587	0.257	39.2655360855	5.205
1 5 7			0.25		0.08		46.83		0.33607	0.6035	54.1236034243	4.2528
7 1 3			0.09		0.17		42.87		0.33599	1.4031	66.8553232335	91.2915
3 5 7			0.17		0.34		36.74		0.336	0.2309	60.5203777188	5.6046
4 6 0			0.14		0.48		32.16		0.336	0.7863	67.1083315067	59.4729
5 3 7			0.12		0.61		28.58		0.33604	0.2523	60.5057581853	5.4388
6 0 6			0.1		0.71		25.94		0.33617	1.0815	60.1501886982	39.9969
6 2 8			-0.31		0.4		37.53		0.35128	3.3751	67.1207225085	222.106
7 1 7			0.09		0.49		34.54		0.35083	0.3505	72.2660298289	5.0526
5 5 7			0.08		0.57		31.95		0.35016	0.6639	72.2860687267	4.3062
0 4 18			0.07		0.64		29.81		0.35524	0.8369	84.5238780681	17.4513
3 3 7			0.07		0.71		27.88		0.35521	0.1558	47.1418707618	3.5073
0 4 20			0.04		0.75		26.71		0.36217	1.027	94.1654323607	18.6345
4 2 8			0.06		0.81		25.31		0.36174	0.7605	51.4203212226	2.5419
0 4 16			0.05		0.86		24.17		0.36295	1.5557	75.7704700384	94.8658
4 2 14			0.05		0.91		23.0		0.3627	1.2576	70.6282605877	19.9713
2 6 4			-0.06		0.85		24.37		0.3626	0.8772	60.3635846112	78.02
0 2 14			0.05		0.9		23.22		0.36266	0.2479	58.6982494177	6.3292
0 6 10			0.04		0.94		22.37		0.36261	0.8527	69.1637693973	8.5049
2 4 8			0.04		0.98		21.54		0.36226	0.1687	51.4325245866	2.4593
3 5 3			-0.03		0.95		22.1		0.3621	0.9259	54.5093201099	87.7589
1 3 15			0.04		0.99		21.35		0.36222	0.2862	67.3623786269	8.1809
2 0 14			0.04		1.03		20.52		0.36224	0.2634	58.6945218607	7.3942
0 2 20			0.04		1.06		19.77		0.36238	0.4494	86.0769303832	2.8517
6 0 2			0.03		1.1		19.13		0.36242	0.2214	55.354768557	5.4487
1 7 7			0.03		1.13		18.55		0.36243	0.4353	72.3061031614	6.1143
4 6 2			0.03		1.16		18.02		0.36243	0.2349	67.657370766	5.5969
0 6 8			0.03		1.19		17.51		0.36224	0.7694	64.1950429677	5.6946
0 6 2			0.03		1.22		17.03		0.36226	0.2356	55.3895592761	6.1752
5 1 7			0.03		1.25		16.55		0.36228	0.2609	54.1000446603	4.252
4 0 12			-0.09		1.16		18.19		0.36083	2.7435	60.4154589103	161.2613
0 0 8			-0.11		1.04		20.46		0.36161	2.1948	30.8548203523	183.9052
0 6 16			0.03		1.07		19.89		0.36171	0.4825	89.3859051251	7.6515
3 3 11			-0.08		0.99		21.61		0.36191	2.1204	58.6030846927	249.5822
0 6 12			0.03		1.02		21.05		0.36186	0.3425	75.0250979777	1.887
1 1 9			0.03		1.05		20.52		0.36184	0.2216	37.1193146943	1.1702
4 6 6			0.03		1.07		20.0		0.36184	1.1903	71.9781772466	41.9784
7 3 1			0.02		1.09		19.67		0.36182	0.5095	71.5359286583	22.1332
2 4 12			0.02		1.11		19.23		0.36172	0.2205	63.4791913795	4.8908
3 3 15			0.02		1.13		18.81		0.36177	0.3402	73.0835579415	3.8877
5 3 9			0.01		1.15		18.59		0.36152	0.4833	65.0662013285	20.8409
1 5 11			-0.05		1.1		19.53		0.36169	1.8219	64.7342781598	204.7444
1 1 13			0.02		1.12		19.11		0.36182	0.3722	52.9310122384	10.9703
0 2 8			0.02		1.14		18.71		0.3618	0.1155	35.7619852008	1.7384
4 2 0			0.01		1.15		18.58		0.3618	0.9287	40.0811891304	86.5118
3 1 9			0.02		1.17		18.25		0.36167	0.36	45.2950695798	8.7768
6 0 12			0.02		1.19		17.89		0.36166	0.5892	74.995462768	0.9301
3 1 15			0.02		1.2		17.6		0.36173	0.2871	67.3554895111	7.7692
3 7 3			-0.01		1.2		17.7		0.36164	0.8954	72.6346668965	71.6226
3 3 9			0.02		1.21		17.43		0.36148	0.3816	52.4524123761	12.0632
6 0 8			0.02		1.23		17.15		0.36134	2.9234	64.163237895	5.3359
1 1 17			-0.07		1.16		18.43		0.35994	2.447	70.2810461715	248.4175
5 1 9			0.01		1.17		18.17		0.35975	0.4583	58.9619928854	19.0838
4 2 6			0.01		1.18		17.96		0.35957	1.6049	46.7233273538	62.1975
2 4 14			0.02		1.2		17.67		0.35954	0.5221	70.6383718296	19.4111
1 1 5			-0.09		1.11		19.36		0.36002	1.9661	22.8949597146	247.5537
4 2 2			0.01		1.12		19.16		0.36002	0.457	40.8620305525	12.2524
2 4 0			0.0		1.13		19.07		0.36002	1.4359	40.0960076051	88.2765
2 6 0			-0.18		0.95		23.21		0.36002	4.3567	58.0028534629	558.9791
1 5 13			0.01		0.97		22.87		0.3602	1.1973	71.2966048402	12.6128
1 5 9			0.01		0.98		22.57		0.36004	0.4394	58.984264935	17.7365
1 7 5			-0.0		0.97		22.67		0.3603	1.0841	69.0835930101	99.7513
6 2 2			-0.04		0.94		23.61		0.36041	3.3001	58.5687226088	135.1206
0 6 6			0.01		0.95		23.3		0.36031	1.0147	60.183190367	40.9583
5 5 1			0.01		0.96		23.04		0.36029	0.5073	65.769247456	23.9531
5 1 13			0.01		0.97		22.73		0.36042	0.4567	71.2764535317	11.3258
3 3 13			0.01		0.99		22.41		0.36052	0.5636	65.4922780779	9.1158
6 0 4			-0.0		0.99		22.42		0.36056	0.7069	57.1830782131	42.6751
1 3 9			0.01		1.0		22.13		0.36048	0.2622	45.3040218183	7.1674
0 2 12			0.01		1.01		21.89		0.36029	0.3827	50.6142203783	17.5707
1 3 13			0.01		1.02		21.61		0.36042	0.3907	59.4200243294	11.5335
4 2 10			0.01		1.03		21.41		0.36038	1.1102	57.0442200735	11.3144
3 7 1			0.01		1.04		21.21		0.36037	1.2822	71.5694631273	22.2453
2 4 2			0.01		1.05		21.04		0.36037	0.3828	40.8766170199	13.2501
4 0 0			-0.22		0.83		26.87		0.36037	8.3901	35.6934066618	787.9925
3 5 9			0.01		0.84		26.62		0.36021	0.4755	65.0802252419	19.5165
2 2 2			-0.03		0.82		27.36		0.36029	1.1162	26.2109248846	125.5642
2 0 10			0.01		0.82		27.18		0.36023	0.6169	42.9543880851	20.236
0 6 0			0.01		0.83		26.93		0.36023	1.4277	54.7714555341	59.4019
3 3 1			0.01		0.84		26.76		0.36021	0.5106	38.1558496662	33.1617
2 2 16			0.0		0.84		26.64		0.36093	1.1693	70.1293332912	108.6018
6 0 10			0.01		0.85		26.38		0.3609	1.0728	69.1331306246	8.9056
0 0 20			0.0		0.85		26.33		0.36241	0.4542	83.3712939521	4.3689
0 6 14			0.01		0.86		26.07		0.36235	0.9096	81.7552219026	27.2955
1 7 1			0.01		0.87		25.9		0.36235	0.5219	65.7901743415	26.2984
3 5 1			0.01		0.88		25.76		0.36233	0.5283	53.2544885252	31.9012
2 0 8			0.01		0.89		25.48		0.36232	0.1665	35.7565424018	1.5727
0 0 6			-0.14		0.75		29.7		0.36192	7.4326	23.0169618987	709.6598
3 1 13			0.01		0.76		29.38		0.36197	0.3869	59.4126405656	11.7895
0 2 16			0.01		0.77		29.08		0.36206	1.8687	67.2407114996	13.8307
0 0 4			-0.0		0.76		29.21		0.36205	0.8482	15.2869714585	59.1035
3 7 5			0.01		0.77		29.06		0.36214	1.0548	74.7470539899	89.5814
2 4 10			0.01		0.78		28.83		0.36213	0.607	57.0555982332	12.0937
4 2 12			0.01		0.79		28.55		0.36209	0.2244	63.468523569	4.7972
1 1 15			0.01		0.79		28.36		0.36214	0.656	61.3839959686	20.6242
5 1 3			0.0		0.79		28.34		0.36211	0.9592	47.5591860667	88.1873
2 4 6			0.01		0.8		28.15		0.36202	0.785	46.7364348384	64.2552
2 6 10			0.0		0.8		28.07		0.36213	0.7069	72.0169435829	44.7171