HKL Value		Reward		TotalReward	Chi Squared	Z Appr. 	Error	Two-Thetas	Sfs2
6 4 0			0.0		0.0		0.0		0.3	1.8287	67.0910631577	58.6803
0 0 20			0.0		0.0		0.01		0.33311	0.4542	83.3712939521	4.3689
1 1 7			-0.97		-0.97		0.46		0.33371	0.2012	29.7561292971	6.5386
1 3 7			-0.03		-1.0		0.47		0.33399	0.1893	39.2755843192	5.3372
3 1 7			-0.01		-1.01		0.48		0.33421	0.257	39.2655360855	5.205
1 5 7			0.06		-0.95		0.45		0.33437	0.6035	54.1236034243	4.2528
3 5 11			-0.98		-1.94		24.58		0.33591	1.8915	70.5555824797	206.4699
4 6 0			0.17		-1.77		21.07		0.33591	0.7863	67.1083315067	59.4729
5 3 7			0.14		-1.63		18.44		0.33593	0.2523	60.5057581853	5.4388
3 3 15			-0.31		-1.94		26.73		0.33881	0.3402	73.0835579415	3.8877
7 1 7			0.11		-1.83		24.07		0.33878	0.3505	72.2660298289	5.0526
3 5 7			0.1		-1.73		21.9		0.33875	0.2309	60.5203777188	5.6046
5 5 7			0.09		-1.64		20.08		0.33875	0.6639	72.2860687267	4.3062
3 3 7			0.08		-1.55		18.54		0.33878	0.1558	47.1418707618	3.5073
0 2 14			0.06		-1.49		17.41		0.33868	0.2479	58.6982494177	6.3292
4 2 8			0.07		-1.42		16.26		0.33865	0.7605	51.4203212226	2.5419
1 7 1			0.03		-1.39		15.8		0.33863	0.5219	65.7901743415	26.2984
2 4 8			0.06		-1.33		14.88		0.33859	0.1687	51.4325245866	2.4593
2 0 14			0.04		-1.28		14.24		0.33847	0.2634	58.6945218607	7.3942
3 1 9			-0.03		-1.31		14.67		0.33887	0.36	45.2950695798	8.7768
0 2 20			0.05		-1.26		13.98		0.33877	0.4494	86.0769303832	2.8517
1 5 1			0.01		-1.25		13.78		0.33874	0.4978	46.196563203	27.3004
6 0 2			0.04		-1.21		13.27		0.33874	0.2214	55.354768557	5.4487
2 2 10			-0.03		-1.24		13.64		0.33842	0.6429	46.7739448495	44.8949
4 6 2			0.04		-1.2		13.16		0.3384	0.2349	67.657370766	5.5969
0 6 8			0.03		-1.17		12.72		0.33833	0.7694	64.1950429677	5.6946
0 6 2			0.03		-1.14		12.36		0.33833	0.2356	55.3895592761	6.1752
5 1 7			0.04		-1.1		11.9		0.33832	0.2609	54.1000446603	4.252
0 6 16			0.03		-1.07		11.55		0.33844	0.4825	89.3859051251	7.6515
0 4 18			1.43		0.37		4.74		0.36433	0.8369	84.5238780681	17.4513
6 0 8			0.01		0.37		4.72		0.36417	2.9234	64.163237895	5.3359
6 2 0			-0.65		-0.28		13.67		0.36417	4.3933	57.9728440251	566.5186
4 6 6			0.03		-0.25		13.25		0.36412	1.1903	71.9781772466	41.9784
1 3 1			-0.01		-0.26		13.45		0.3641	0.5324	28.3265170018	42.1271
1 1 9			0.03		-0.23		13.06		0.3641	0.2216	37.1193146943	1.1702
6 4 4			0.0		-0.23		13.06		0.36414	0.6669	69.2748711385	33.991
2 4 12			0.02		-0.21		12.75		0.36409	0.2205	63.4791913795	4.8908
1 1 13			0.03		-0.18		12.41		0.36402	0.3722	52.9310122384	10.9703
0 0 14			-0.01		-0.2		12.58		0.36368	0.8389	55.4890953336	74.9432
0 2 8			0.03		-0.17		12.26		0.36366	0.1155	35.7619852008	1.7384
4 2 14			0.02		-0.15		12.02		0.36355	1.2576	70.6282605877	19.9713
6 0 6			0.02		-0.13		11.83		0.36343	1.0815	60.1501886982	39.9969
6 0 12			0.02		-0.11		11.55		0.36341	0.5892	74.995462768	0.9301
3 1 15			0.02		-0.09		11.34		0.36345	0.2871	67.3554895111	7.7692
3 3 9			0.01		-0.08		11.19		0.36335	0.3816	52.4524123761	12.0632
1 7 7			0.02		-0.06		11.0		0.36337	0.4353	72.3061031614	6.1143
5 1 9			0.01		-0.05		10.91		0.36322	0.4583	58.9619928854	19.0838
4 2 6			0.0		-0.05		10.89		0.36305	1.6049	46.7233273538	62.1975
0 6 12			0.02		-0.03		10.67		0.36303	0.3425	75.0250979777	1.887
4 0 6			-0.36		-0.39		16.56		0.36246	5.3963	42.900258124	488.2208
4 2 2			0.01		-0.37		16.37		0.36247	0.457	40.8620305525	12.2524
1 5 13			0.02		-0.35		16.05		0.36254	1.1973	71.2966048402	12.6128
1 5 9			0.01		-0.34		15.85		0.36241	0.4394	58.984264935	17.7365
0 6 6			0.01		-0.33		15.62		0.3623	1.0147	60.183190367	40.9583
1 3 15			0.02		-0.31		15.39		0.36235	0.2862	67.3623786269	8.1809
5 5 1			0.01		-0.3		15.22		0.36235	0.5073	65.769247456	23.9531
5 1 13			0.02		-0.28		14.95		0.36238	0.4567	71.2764535317	11.3258
3 3 13			0.02		-0.27		14.69		0.36237	0.5636	65.4922780779	9.1158
6 2 6			-0.16		-0.42		17.41		0.36195	3.9921	63.2107357729	344.5633
1 3 9			0.02		-0.41		17.14		0.36188	0.2622	45.3040218183	7.1674
0 2 12			0.01		-0.4		16.96		0.36175	0.3827	50.6142203783	17.5707
1 3 13			0.02		-0.38		16.69		0.36182	0.3907	59.4200243294	11.5335
5 3 9			0.01		-0.37		16.57		0.3617	0.4833	65.0662013285	20.8409
0 0 18			0.01		-0.36		16.4		0.36173	0.6609	73.530655613	37.988
2 6 4			-0.03		-0.39		16.93		0.36169	0.8772	60.3635846112	78.02
4 2 10			0.01		-0.38		16.77		0.36166	1.1102	57.0442200735	11.3144
3 7 1			0.01		-0.37		16.61		0.36165	1.2822	71.5694631273	22.2453
3 5 9			0.01		-0.37		16.48		0.36152	0.4755	65.0802252419	19.5165
2 0 10			0.0		-0.36		16.43		0.36148	0.6169	42.9543880851	20.236
3 3 1			0.0		-0.36		16.39		0.36146	0.5106	38.1558496662	33.1617
6 0 10			0.01		-0.35		16.22		0.36144	1.0728	69.1331306246	8.9056
0 6 14			0.01		-0.34		16.03		0.36136	0.9096	81.7552219026	27.2955
4 0 14			-0.01		-0.35		16.24		0.36114	1.986	67.7459682929	124.3248
4 2 0			0.0		-0.35		16.19		0.36114	0.9287	40.0811891304	86.5118
0 4 20			0.01		-0.34		16.01		0.36152	1.027	94.1654323607	18.6345
4 4 8			-0.06		-0.4		17.09		0.36177	3.9407	61.1479986878	218.5721
1 3 11			-0.07		-0.47		18.43		0.36185	2.4293	52.0561920156	298.4303
2 0 12			0.01		-0.46		18.26		0.36175	0.8079	50.6101057273	16.6151
3 5 1			0.0		-0.46		18.2		0.36174	0.5283	53.2544885252	31.9012
2 0 8			0.01		-0.45		17.97		0.36174	0.1665	35.7565424018	1.5727
2 4 2			0.01		-0.44		17.85		0.36174	0.3828	40.8766170199	13.2501
3 1 13			0.01		-0.43		17.63		0.36179	0.3869	59.4126405656	11.7895
0 2 16			0.01		-0.42		17.44		0.3619	1.8687	67.2407114996	13.8307
2 4 10			0.01		-0.41		17.31		0.36188	0.607	57.0555982332	12.0937
0 0 4			-0.02		-0.43		17.6		0.36186	0.8482	15.2869714585	59.1035
4 2 12			0.01		-0.41		17.4		0.36183	0.2244	63.468523569	4.7972
1 1 15			0.0		-0.41		17.32		0.36189	0.656	61.3839959686	20.6242
2 4 6			0.01		-0.4		17.23		0.36178	0.785	46.7364348384	64.2552
4 6 4			0.0		-0.4		17.18		0.36181	1.0731	69.291881243	33.3045
0 0 22			0.01		-0.39		17.02		0.36187	2.2765	94.0325860765	137.6091
4 4 10			-0.0		-0.4		17.09		0.36199	0.6886	66.23802526	47.6672
3 1 3			-0.01		-0.4		17.17		0.36195	1.2003	30.3814370344	67.5761
2 6 10			-0.0		-0.4		17.21		0.36206	0.7069	72.0169435829	44.7171