HKL Value		Reward		TotalReward	Chi Squared	Z Appr. 	Error	Two-Thetas	Sfs2
6 4 0			0.0		0.0		0.0		0.3	1.8287	67.0910631577	58.6803
1 1 7			0.0		0.0		0.01		0.33798	0.2012	29.7561292971	6.5386
1 3 7			0.42		0.42		0.01		0.3377	0.1893	39.2755843192	5.3372
3 1 7			0.49		0.91		0.01		0.33767	0.257	39.2655360855	5.205
1 5 7			0.21		1.12		0.01		0.3376	0.6035	54.1236034243	4.2528
3 5 7			-0.64		0.48		0.01		0.33732	0.2309	60.5203777188	5.6046
4 6 0			-0.24		0.23		0.02		0.33732	0.7863	67.1083315067	59.4729
7 1 7			-0.15		0.08		0.02		0.33712	0.3505	72.2660298289	5.0526
5 5 7			-0.4		-0.32		0.04		0.33749	0.6639	72.2860687267	4.3062
0 4 8			-1.0		-1.31		9.64		0.37618	4.1351	47.9021960727	235.0989
3 3 7			0.11		-1.2		8.69		0.37593	0.1558	47.1418707618	3.5073
6 0 12			0.1		-1.1		7.9		0.37593	0.5892	74.995462768	0.9301
4 6 2			0.06		-1.04		7.42		0.37605	0.2349	67.657370766	5.5969
2 0 14			0.05		-0.99		7.07		0.37703	0.2634	58.6945218607	7.3942
5 3 7			0.08		-0.91		6.57		0.37711	0.2523	60.5057581853	5.4388
3 5 1			-0.08		-0.99		7.13		0.37697	0.5283	53.2544885252	31.9012
0 2 20			-0.16		-1.15		8.51		0.38217	0.4494	86.0769303832	2.8517
4 2 8			0.0		-1.15		8.49		0.38239	0.7605	51.4203212226	2.5419
0 2 14			0.06		-1.09		8.02		0.38233	0.2479	58.6982494177	6.3292
6 0 2			0.05		-1.04		7.61		0.38234	0.2214	55.354768557	5.4487
5 1 5			-0.09		-1.13		8.39		0.38252	1.1901	50.2495039981	127.1383
0 6 16			0.0		-1.13		8.39		0.38321	0.4825	89.3859051251	7.6515
1 5 13			-0.34		-1.47		12.63		0.38259	1.1973	71.2966048402	12.6128
3 1 9			0.04		-1.43		12.17		0.38264	0.36	45.2950695798	8.7768
6 4 4			-0.0		-1.43		12.19		0.38261	0.6669	69.2748711385	33.991
5 3 11			-0.22		-1.65		15.71		0.38116	1.8677	70.5420870211	204.0714
2 4 8			0.02		-1.64		15.47		0.38149	0.1687	51.4325245866	2.4593
0 0 8			-0.14		-1.78		18.08		0.38111	2.1948	30.8548203523	183.9052
3 3 9			0.03		-1.76		17.62		0.3812	0.3816	52.4524123761	12.0632
3 3 13			0.46		-1.3		12.08		0.36404	0.5636	65.4922780779	9.1158
0 6 2			0.03		-1.27		11.75		0.36407	0.2356	55.3895592761	6.1752
2 0 6			-0.07		-1.34		12.57		0.36354	1.6278	29.1406672869	128.8477
1 1 13			0.03		-1.3		12.18		0.3635	0.3722	52.9310122384	10.9703
0 6 8			0.02		-1.28		11.89		0.36332	0.7694	64.1950429677	5.6946
1 3 13			0.03		-1.25		11.54		0.36333	0.3907	59.4200243294	11.5335
1 1 9			0.03		-1.22		11.22		0.36333	0.2216	37.1193146943	1.1702
5 5 3			-0.03		-1.25		11.57		0.36323	0.8107	66.8760743485	64.1048
4 2 6			0.0		-1.25		11.52		0.36296	1.6049	46.7233273538	62.1975
6 0 6			0.02		-1.23		11.32		0.36277	1.0815	60.1501886982	39.9969
1 3 5			-0.14		-1.37		13.17		0.36328	3.1323	34.189462707	190.138
2 2 12			-0.15		-1.52		15.43		0.36197	1.9766	54.0147953295	208.0279
1 3 9			0.02		-1.49		15.09		0.36177	0.2622	45.3040218183	7.1674
3 3 15			0.02		-1.47		14.75		0.36185	0.3402	73.0835579415	3.8877
6 0 4			-0.01		-1.48		14.95		0.36193	0.7069	57.1830782131	42.6751
4 6 6			0.02		-1.46		14.61		0.36193	1.1903	71.9781772466	41.9784
3 1 15			0.02		-1.44		14.35		0.36205	0.2871	67.3554895111	7.7692
2 4 12			0.02		-1.42		14.07		0.36191	0.2205	63.4791913795	4.8908
1 5 9			0.01		-1.41		13.87		0.36153	0.4394	58.984264935	17.7365
0 2 22			-0.01		-1.42		13.99		0.36204	1.8317	96.7387030121	97.213
5 1 9			0.01		-1.4		13.82		0.36177	0.4583	58.9619928854	19.0838
3 7 1			0.01		-1.39		13.68		0.36175	1.2822	71.5694631273	22.2453
3 3 1			0.0		-1.39		13.67		0.36171	0.5106	38.1558496662	33.1617
5 5 1			0.01		-1.38		13.53		0.36168	0.5073	65.769247456	23.9531
5 1 7			0.02		-1.37		13.3		0.36169	0.2609	54.1000446603	4.252
0 0 4			-0.04		-1.4		13.82		0.36165	0.8482	15.2869714585	59.1035
1 7 7			0.02		-1.39		13.61		0.36165	0.4353	72.3061031614	6.1143
0 4 2			-0.09		-1.48		14.92		0.36185	3.2657	36.5744795411	137.7475
4 2 10			0.01		-1.47		14.77		0.36178	1.1102	57.0442200735	11.3144
4 2 2			0.01		-1.46		14.64		0.36179	0.457	40.8620305525	12.2524
0 2 8			0.02		-1.44		14.39		0.36177	0.1155	35.7619852008	1.7384
3 5 9			0.01		-1.43		14.29		0.36148	0.4755	65.0802252419	19.5165
4 6 4			0.0		-1.43		14.27		0.36154	1.0731	69.291881243	33.3045
0 0 14			-0.0		-1.43		14.28		0.36115	0.8389	55.4890953336	74.9432
5 3 9			0.01		-1.42		14.19		0.36084	0.4833	65.0662013285	20.8409
6 4 2			0.01		-1.41		14.01		0.36084	0.2211	67.6401768609	4.8049
0 6 6			0.01		-1.4		13.83		0.36063	1.0147	60.183190367	40.9583
1 3 15			0.01		-1.39		13.68		0.36075	0.2862	67.3623786269	8.1809
0 6 14			0.01		-1.38		13.51		0.3606	0.9096	81.7552219026	27.2955
0 2 12			0.01		-1.37		13.39		0.36022	0.3827	50.6142203783	17.5707
0 4 18			0.01		-1.35		13.2		0.3602	0.8369	84.5238780681	17.4513
2 4 10			0.01		-1.34		13.1		0.36011	0.607	57.0555982332	12.0937
3 1 13			0.01		-1.33		12.94		0.36039	0.3869	59.4126405656	11.7895
0 6 12			0.01		-1.32		12.76		0.36034	0.3425	75.0250979777	1.887
2 0 8			0.01		-1.3		12.59		0.36032	0.1665	35.7565424018	1.5727
5 1 13			0.01		-1.29		12.43		0.36057	0.4567	71.2764535317	11.3258
1 1 15			0.0		-1.29		12.41		0.36079	0.656	61.3839959686	20.6242
2 4 2			0.0		-1.29		12.35		0.36079	0.3828	40.8766170199	13.2501
6 0 10			0.01		-1.28		12.25		0.36073	1.0728	69.1331306246	8.9056
6 0 8			0.01		-1.27		12.11		0.36057	2.9234	64.163237895	5.3359
2 0 2			-0.01		-1.28		12.29		0.36054	0.6502	19.2320929378	35.9547
0 6 18			0.01		-1.27		12.14		0.36054	0.7949	98.0280769063	1.8601
1 5 1			0.0		-1.27		12.14		0.36051	0.4978	46.196563203	27.3004
0 6 0			0.01		-1.26		12.07		0.36051	1.4277	54.7714555341	59.4019
4 2 14			0.01		-1.25		11.94		0.36043	1.2576	70.6282605877	19.9713
0 4 20			0.01		-1.24		11.85		0.36135	1.027	94.1654323607	18.6345
0 0 18			0.01		-1.24		11.78		0.36135	0.6609	73.530655613	37.988
2 2 16			-0.0		-1.24		11.78		0.362	1.1693	70.1293332912	108.6018
7 1 1			0.0		-1.24		11.77		0.36198	0.5207	65.7483230412	25.2044
4 4 12			-0.03		-1.27		12.12		0.3614	1.9475	72.2035773977	130.2426
3 5 11			-0.04		-1.3		12.59		0.36152	1.8915	70.5555824797	206.4699
4 2 0			-0.0		-1.3		12.59		0.36152	0.9287	40.0811891304	86.5118