HKL Value		Reward		TotalReward	Chi Squared	Z Appr. 	Error	Two-Thetas	Sfs2
6 4 0			0.0		0.0		0.0		0.3	1.8287	67.0910631577	58.6803
0 0 4			0.0		0.0		0.01		0.28384	0.8482	15.2869714585	59.1035
1 3 7			-0.98		-0.98		0.84		0.21736	0.1893	39.2755843192	5.3372
1 1 7			-0.1		-1.08		0.94		0.23013	0.2012	29.7561292971	6.5386
3 1 7			0.26		-0.82		0.74		0.23182	0.257	39.2655360855	5.205
4 4 6			-0.98		-1.8		39.92		0.189	4.3817	57.0116572758	400.3855
1 7 3			-0.12		-1.93		45.46		0.18891	0.9932	66.8968211493	90.2271
1 5 7			0.16		-1.77		39.14		0.18968	0.6035	54.1236034243	4.2528
3 3 15			0.1		-1.67		35.62		0.18625	0.3402	73.0835579415	3.8877
0 0 16			0.12		-1.54		31.73		0.18621	1.3342	64.286058028	116.6634
7 1 7			0.1		-1.44		28.82		0.18657	0.3505	72.2660298289	5.0526
2 0 6			0.03		-1.42		28.09		0.18615	1.6278	29.1406672869	128.8477
5 3 7			0.08		-1.34		26.0		0.18652	0.2523	60.5057581853	5.4388
4 6 0			0.08		-1.25		24.01		0.18651	0.7863	67.1083315067	59.4729
3 5 7			0.07		-1.18		22.47		0.1868	0.2309	60.5203777188	5.6046
5 5 7			0.05		-1.13		21.32		0.18725	0.6639	72.2860687267	4.3062
3 3 7			0.05		-1.08		20.35		0.18769	0.1558	47.1418707618	3.5073
4 0 4			0.01		-1.07		20.05		0.18794	1.2165	39.0343929222	79.1487
3 3 13			0.04		-1.02		19.21		0.18791	0.5636	65.4922780779	9.1158
1 5 11			-0.11		-1.14		21.66		0.18741	1.8219	64.7342781598	204.7444
2 0 14			0.05		-1.09		20.59		0.18753	0.2634	58.6945218607	7.3942
1 1 3			0.02		-1.06		20.16		0.18749	0.4514	16.9416048235	36.8187
6 0 12			0.03		-1.04		19.63		0.18835	0.5892	74.995462768	0.9301
2 4 2			0.03		-1.01		19.01		0.18836	0.3828	40.8766170199	13.2501
0 2 14			0.04		-0.96		18.24		0.18845	0.2479	58.6982494177	6.3292
6 0 2			0.04		-0.93		17.58		0.18846	0.2214	55.354768557	5.4487
4 2 8			-0.02		-0.94		17.88		0.18851	0.7605	51.4203212226	2.5419
5 1 11			-0.09		-1.03		19.68		0.18814	3.2753	64.7131722767	203.727
6 0 6			0.04		-1.0		18.99		0.18811	1.0815	60.1501886982	39.9969
4 6 2			0.03		-0.96		18.35		0.18811	0.2349	67.657370766	5.5969
4 0 8			-0.26		-1.22		24.75		0.18813	2.9483	47.8850437629	244.3799
0 2 20			0.03		-1.19		23.96		0.18805	0.4494	86.0769303832	2.8517
2 4 8			-0.0		-1.19		24.04		0.18807	0.1687	51.4325245866	2.4593
0 6 8			0.03		-1.16		23.4		0.18808	0.7694	64.1950429677	5.6946
0 6 16			-0.01		-1.17		23.66		0.18824	0.4825	89.3859051251	7.6515
0 4 18			0.03		-1.15		23.01		0.18841	0.8369	84.5238780681	17.4513
0 6 2			0.03		-1.12		22.43		0.18842	0.2356	55.3895592761	6.1752
5 1 7			0.03		-1.1		21.87		0.18857	0.2609	54.1000446603	4.252
1 1 9			0.03		-1.07		21.3		0.18855	0.2216	37.1193146943	1.1702
2 4 12			0.02		-1.04		20.78		0.18875	0.2205	63.4791913795	4.8908
2 2 2			-0.09		-1.13		22.81		0.18872	1.1162	26.2109248846	125.5642
6 0 0			0.02		-1.11		22.36		0.18872	0.7256	54.7363985401	55.434
4 6 6			0.02		-1.09		21.87		0.18882	1.1903	71.9781772466	41.9784
3 3 9			0.02		-1.07		21.51		0.18889	0.3816	52.4524123761	12.0632
4 2 14			0.01		-1.06		21.22		0.18868	1.2576	70.6282605877	19.9713
0 2 8			-0.08		-1.14		23.07		0.1889	0.1155	35.7619852008	1.7384
1 3 13			0.02		-1.12		22.72		0.18889	0.3907	59.4200243294	11.5335
1 1 13			0.02		-1.11		22.37		0.18886	0.3722	52.9310122384	10.9703
4 0 12			-0.02		-1.13		22.81		0.18794	2.7435	60.4154589103	161.2613
1 5 13			0.01		-1.11		22.49		0.18791	1.1973	71.2966048402	12.6128
3 1 9			0.02		-1.1		22.14		0.18794	0.36	45.2950695798	8.7768
3 1 15			0.02		-1.08		21.75		0.18763	0.2871	67.3554895111	7.7692
6 0 8			0.02		-1.06		21.4		0.18763	2.9234	64.163237895	5.3359
5 1 9			0.01		-1.05		21.19		0.18772	0.4583	58.9619928854	19.0838
1 7 7			0.02		-1.04		20.81		0.18779	0.4353	72.3061031614	6.1143
6 2 6			-0.1		-1.14		23.16		0.18742	3.9921	63.2107357729	344.5633
4 2 6			0.02		-1.12		22.8		0.18734	1.6049	46.7233273538	62.1975
4 2 2			0.01		-1.11		22.49		0.18736	0.457	40.8620305525	12.2524
1 3 15			0.02		-1.09		22.12		0.18719	0.2862	67.3623786269	8.1809
0 6 12			0.01		-1.08		21.84		0.18754	0.3425	75.0250979777	1.887
1 5 9			0.01		-1.07		21.63		0.18761	0.4394	58.984264935	17.7365
2 0 10			0.02		-1.05		21.28		0.1876	0.6169	42.9543880851	20.236
4 4 4			0.0		-1.05		21.2		0.1877	0.8476	53.9354251327	76.9211
5 1 1			0.01		-1.03		20.91		0.18772	0.5346	46.1701152	26.7419
5 5 1			0.0		-1.03		20.82		0.18776	0.5073	65.769247456	23.9531
2 2 8			-0.11		-1.14		23.39		0.18777	1.8488	40.1384116224	216.1995
0 6 6			0.02		-1.12		23.04		0.18775	1.0147	60.183190367	40.9583
5 3 3			-0.03		-1.15		23.75		0.18773	0.9351	54.4936931553	89.9375
6 2 2			-0.05		-1.2		24.94		0.1877	3.3001	58.5687226088	135.1206
6 0 10			0.01		-1.19		24.76		0.18739	1.0728	69.1331306246	8.9056
5 1 13			0.01		-1.18		24.49		0.18738	0.4567	71.2764535317	11.3258
1 1 15			0.01		-1.17		24.21		0.18753	0.656	61.3839959686	20.6242
1 3 9			0.01		-1.16		23.93		0.18755	0.2622	45.3040218183	7.1674
0 6 14			0.01		-1.15		23.8		0.18743	0.9096	81.7552219026	27.2955
5 1 3			-0.03		-1.18		24.44		0.18743	0.9592	47.5591860667	88.1873
0 4 20			0.01		-1.17		24.12		0.18732	1.027	94.1654323607	18.6345
3 7 1			0.01		-1.16		23.97		0.18736	1.2822	71.5694631273	22.2453
2 4 6			0.01		-1.15		23.71		0.18731	0.785	46.7364348384	64.2552
4 2 10			0.01		-1.14		23.48		0.18715	1.1102	57.0442200735	11.3144
0 2 12			0.01		-1.13		23.18		0.18715	0.3827	50.6142203783	17.5707
2 2 10			0.01		-1.12		23.01		0.18696	0.6429	46.7739448495	44.8949
3 3 1			0.01		-1.11		22.76		0.18698	0.5106	38.1558496662	33.1617
2 6 4			0.0		-1.11		22.67		0.18705	0.8772	60.3635846112	78.02
3 5 11			-0.02		-1.12		23.09		0.18692	1.8915	70.5555824797	206.4699
1 7 1			0.01		-1.11		22.86		0.18693	0.5219	65.7901743415	26.2984
3 5 9			0.01		-1.11		22.74		0.18695	0.4755	65.0802252419	19.5165
2 2 16			0.01		-1.1		22.49		0.18695	1.1693	70.1293332912	108.6018
4 2 0			0.0		-1.09		22.38		0.18695	0.9287	40.0811891304	86.5118
5 3 9			0.0		-1.09		22.28		0.18697	0.4833	65.0662013285	20.8409
3 5 1			0.01		-1.08		22.06		0.18698	0.5283	53.2544885252	31.9012
2 0 8			-0.04		-1.12		23.07		0.18694	0.1665	35.7565424018	1.5727
0 6 18			0.01		-1.11		22.82		0.18693	0.7949	98.0280769063	1.8601
0 2 16			0.0		-1.11		22.72		0.1869	1.8687	67.2407114996	13.8307
2 4 10			0.01		-1.1		22.52		0.18677	0.607	57.0555982332	12.0937
7 1 1			0.01		-1.09		22.33		0.18679	0.5207	65.7483230412	25.2044
3 1 13			0.01		-1.08		22.16		0.18677	0.3869	59.4126405656	11.7895
5 5 5			0.01		-1.07		21.96		0.18679	1.5862	69.0631626084	104.8873
0 2 18			0.01		-1.06		21.73		0.18679	0.3755	76.3208597895	3.7538
2 0 16			0.0		-1.06		21.7		0.18673	0.5935	67.2372591268	11.8907
2 6 10			0.01		-1.05		21.58		0.18652	0.7069	72.0169435829	44.7171
4 2 12			0.01		-1.05		21.41		0.18673	0.2244	63.468523569	4.7972
4 6 4			-0.0		-1.05		21.44		0.18674	1.0731	69.291881243	33.3045