HKL Value		Reward		TotalReward	Chi Squared	Z Appr. 	Error	Two-Thetas	Sfs2
6 4 0			0.0		0.0		0.0		0.3	1.8287	67.0910631577	58.6803
1 3 7			0.0		0.0		0.01		0.33738	0.1893	39.2755843192	5.3372
5 3 9			-0.98		-0.98		0.6		0.34728	0.4833	65.0662013285	20.8409
1 1 7			-0.19		-1.17		0.74		0.34586	0.2012	29.7561292971	6.5386
3 1 7			-0.01		-1.18		0.75		0.34411	0.257	39.2655360855	5.205
1 5 7			0.07		-1.11		0.7		0.34204	0.6035	54.1236034243	4.2528
0 4 2			-0.96		-2.07		16.5		0.34919	3.2657	36.5744795411	137.7475
4 6 0			0.17		-1.9		14.15		0.34918	0.7863	67.1083315067	59.4729
5 1 11			-0.3		-2.2		20.22		0.36427	3.2753	64.7131722767	203.727
7 1 7			0.11		-2.09		18.15		0.36469	0.3505	72.2660298289	5.0526
0 2 18			0.1		-1.99		16.43		0.36654	0.3755	76.3208597895	3.7538
0 2 20			0.1		-1.89		14.98		0.36372	0.4494	86.0769303832	2.8517
3 5 7			0.08		-1.81		13.88		0.3638	0.2309	60.5203777188	5.6046
3 1 11			-0.35		-2.16		21.5		0.36375	2.3814	52.0481274199	292.2152
5 5 7			0.07		-2.09		20.03		0.36379	0.6639	72.2860687267	4.3062
4 2 12			0.06		-2.03		18.81		0.3636	0.2244	63.468523569	4.7972
3 3 7			0.06		-1.96		17.67		0.36364	0.1558	47.1418707618	3.5073
5 3 7			0.06		-1.9		16.73		0.3637	0.2523	60.5057581853	5.4388
0 2 14			0.06		-1.85		15.8		0.36373	0.2479	58.6982494177	6.3292
2 0 14			0.06		-1.79		14.97		0.36366	0.2634	58.6945218607	7.3942
2 0 12			0.03		-1.76		14.58		0.36304	0.8079	50.6101057273	16.6151
4 6 2			0.04		-1.72		14.01		0.36306	0.2349	67.657370766	5.5969
2 4 12			0.04		-1.68		13.45		0.36275	0.2205	63.4791913795	4.8908
6 0 2			0.04		-1.64		12.94		0.36283	0.2214	55.354768557	5.4487
1 7 3			-0.05		-1.69		13.59		0.36229	0.9932	66.8968211493	90.2271
4 2 8			0.03		-1.66		13.15		0.3609	0.7605	51.4203212226	2.5419
0 6 16			0.04		-1.62		12.66		0.36157	0.4825	89.3859051251	7.6515
1 7 1			0.0		-1.61		12.6		0.36147	0.5219	65.7901743415	26.2984
3 7 3			-0.03		-1.64		12.96		0.36105	0.8954	72.6346668965	71.6226
2 4 8			0.03		-1.61		12.58		0.36016	0.1687	51.4325245866	2.4593
1 5 1			0.0		-1.61		12.56		0.36004	0.4978	46.196563203	27.3004
0 6 2			0.03		-1.58		12.23		0.36013	0.2356	55.3895592761	6.1752
6 0 10			0.02		-1.56		11.98		0.35982	1.0728	69.1331306246	8.9056
0 6 14			0.03		-1.54		11.68		0.35944	0.9096	81.7552219026	27.2955
3 3 9			0.02		-1.51		11.4		0.35874	0.3816	52.4524123761	12.0632
0 4 0			-0.55		-2.06		25.49		0.35874	6.137	35.7152072575	818.959
6 0 12			0.03		-2.03		24.79		0.35909	0.5892	74.995462768	0.9301
6 0 6			0.03		-2.01		24.16		0.35877	1.0815	60.1501886982	39.9969
3 3 15			0.03		-1.98		23.56		0.35889	0.3402	73.0835579415	3.8877
1 5 9			0.02		-1.96		23.02		0.35838	0.4394	58.984264935	17.7365
5 5 1			0.02		-1.94		22.59		0.35833	0.5073	65.769247456	23.9531
4 6 6			0.02		-1.92		22.05		0.35851	1.1903	71.9781772466	41.9784
5 1 9			0.02		-1.89		21.58		0.35806	0.4583	58.9619928854	19.0838
1 1 9			0.02		-1.87		21.08		0.35809	0.2216	37.1193146943	1.1702
0 6 8			0.02		-1.85		20.61		0.35799	0.7694	64.1950429677	5.6946
2 2 4			-0.03		-1.88		21.24		0.35786	0.7551	29.4672289371	73.6026
2 4 4			-0.02		-1.9		21.66		0.35799	0.8182	43.1484985256	64.6996
3 1 15			0.02		-1.88		21.29		0.35808	0.2871	67.3554895111	7.7692
3 1 1			0.0		-1.88		21.23		0.35801	0.5239	28.3131072915	41.7464
1 1 13			0.02		-1.86		20.86		0.3584	0.3722	52.9310122384	10.9703
1 5 13			0.02		-1.84		20.51		0.3589	1.1973	71.2966048402	12.6128
3 1 9			0.02		-1.82		20.12		0.35865	0.36	45.2950695798	8.7768
5 1 7			0.02		-1.8		19.76		0.35865	0.2609	54.1000446603	4.252
2 2 14			-0.0		-1.81		19.79		0.35841	1.0835	61.7979105177	101.9829
4 2 6			0.01		-1.79		19.52		0.35808	1.6049	46.7233273538	62.1975
3 7 1			0.01		-1.78		19.28		0.35804	1.2822	71.5694631273	22.2453
0 2 8			0.02		-1.76		18.94		0.35807	0.1155	35.7619852008	1.7384
4 2 2			0.01		-1.75		18.73		0.35807	0.457	40.8620305525	12.2524
1 3 15			0.01		-1.74		18.49		0.35817	0.2862	67.3623786269	8.1809
2 0 10			0.01		-1.73		18.37		0.35802	0.6169	42.9543880851	20.236
0 2 12			0.01		-1.72		18.1		0.35763	0.3827	50.6142203783	17.5707
0 4 18			0.02		-1.7		17.81		0.3576	0.8369	84.5238780681	17.4513
6 0 8			0.02		-1.68		17.52		0.35752	2.9234	64.163237895	5.3359
0 6 12			0.02		-1.67		17.25		0.35765	0.3425	75.0250979777	1.887
4 2 14			0.02		-1.65		16.99		0.35764	1.2576	70.6282605877	19.9713
6 2 2			-0.06		-1.71		18.05		0.35782	3.3001	58.5687226088	135.1206
1 7 7			0.01		-1.7		17.81		0.35782	0.4353	72.3061031614	6.1143
3 3 1			0.0		-1.69		17.74		0.35779	0.5106	38.1558496662	33.1617
5 1 13			0.01		-1.68		17.53		0.35803	0.4567	71.2764535317	11.3258
4 2 0			0.0		-1.68		17.46		0.35803	0.9287	40.0811891304	86.5118
3 5 9			0.01		-1.67		17.28		0.35774	0.4755	65.0802252419	19.5165
2 4 2			0.01		-1.66		17.15		0.35774	0.3828	40.8766170199	13.2501
4 0 4			-0.03		-1.69		17.61		0.35764	1.2165	39.0343929222	79.1487
0 6 18			0.01		-1.67		17.38		0.35763	0.7949	98.0280769063	1.8601
1 1 15			0.0		-1.67		17.32		0.35782	0.656	61.3839959686	20.6242
3 3 13			0.01		-1.66		17.11		0.35804	0.5636	65.4922780779	9.1158
4 2 10			0.01		-1.65		16.96		0.35796	1.1102	57.0442200735	11.3144
2 4 10			0.01		-1.64		16.81		0.35786	0.607	57.0555982332	12.0937
1 3 9			0.01		-1.63		16.6		0.3578	0.2622	45.3040218183	7.1674
0 4 20			0.0		-1.63		16.59		0.36007	1.027	94.1654323607	18.6345
0 6 6			0.01		-1.61		16.41		0.35994	1.0147	60.183190367	40.9583
2 2 16			-0.0		-1.62		16.42		0.36085	1.1693	70.1293332912	108.6018
9 1 1			0.01		-1.61		16.28		0.36083	0.8793	87.9915459652	19.6393
0 2 16			0.01		-1.6		16.11		0.36108	1.8687	67.2407114996	13.8307
7 1 1			0.0		-1.59		16.05		0.36107	0.5207	65.7483230412	25.2044
4 6 4			0.0		-1.59		16.01		0.3611	1.0731	69.291881243	33.3045
3 1 13			0.01		-1.58		15.83		0.36123	0.3869	59.4126405656	11.7895
2 4 6			0.0		-1.57		15.76		0.36105	0.785	46.7364348384	64.2552
1 3 13			0.01		-1.56		15.59		0.36117	0.3907	59.4200243294	11.5335
5 1 1			0.0		-1.56		15.54		0.36116	0.5346	46.1701152	26.7419
2 6 10			-0.0		-1.56		15.6		0.36135	0.7069	72.0169435829	44.7171
3 5 1			0.0		-1.56		15.58		0.36134	0.5283	53.2544885252	31.9012
2 0 8			0.01		-1.55		15.41		0.36132	0.1665	35.7565424018	1.5727
0 4 16			0.01		-1.55		15.32		0.3618	1.5557	75.7704700384	94.8658
2 4 0			0.0		-1.54		15.3		0.3618	1.4359	40.0960076051	88.2765
7 3 5			0.0		-1.54		15.29		0.36197	1.0496	74.7140851895	88.0788
6 2 10			-0.0		-1.55		15.34		0.36214	0.7103	71.9901825081	43.9921
7 3 1			0.01		-1.54		15.25		0.36214	0.5095	71.5359286583	22.1332
6 4 4			0.0		-1.54		15.23		0.36216	0.6669	69.2748711385	33.991
0 0 4			-0.02		-1.56		15.49		0.36214	0.8482	15.2869714585	59.1035
0 6 10			0.01		-1.55		15.38		0.36212	0.8527	69.1637693973	8.5049
0 0 18			0.01		-1.54		15.29		0.36216	0.6609	73.530655613	37.988