HKL Value		Reward		TotalReward	Chi Squared	Z Appr. 	Error	Two-Thetas	Sfs2
6 4 0			0.0		0.0		0.0		0.3	1.8287	67.0910631577	58.6803
1 3 7			0.0		0.0		0.01		0.33738	0.1893	39.2755843192	5.3372
5 1 3			-1.0		-1.0		10.12		0.33665	0.9592	47.5591860667	88.1873
1 1 7			0.5		-0.5		6.76		0.33724	0.2012	29.7561292971	6.5386
3 1 7			0.33		-0.17		5.07		0.33735	0.257	39.2655360855	5.205
1 5 7			0.25		0.08		4.05		0.33735	0.6035	54.1236034243	4.2528
6 2 2			-0.79		-0.71		19.32		0.33965	3.3001	58.5687226088	135.1206
7 1 7			0.16		-0.54		16.59		0.33884	0.3505	72.2660298289	5.0526
4 6 0			0.14		-0.4		14.52		0.33884	0.7863	67.1083315067	59.4729
3 5 7			0.12		-0.28		12.93		0.33832	0.2309	60.5203777188	5.6046
3 3 7			0.11		-0.17		11.65		0.33874	0.1558	47.1418707618	3.5073
5 5 7			0.1		-0.07		10.59		0.33885	0.6639	72.2860687267	4.3062
5 3 7			0.09		0.02		9.72		0.33857	0.2523	60.5057581853	5.4388
0 2 14			0.06		0.08		9.15		0.33736	0.2479	58.6982494177	6.3292
2 0 14			0.06		0.14		8.66		0.33626	0.2634	58.6945218607	7.3942
0 2 20			0.07		0.21		8.09		0.33646	0.4494	86.0769303832	2.8517
2 0 8			0.03		0.24		7.89		0.33825	0.1665	35.7565424018	1.5727
4 6 2			0.05		0.28		7.55		0.33815	0.2349	67.657370766	5.5969
6 0 2			0.04		0.32		7.27		0.33815	0.2214	55.354768557	5.4487
4 2 8			0.05		0.37		6.9		0.33797	0.7605	51.4203212226	2.5419
2 4 10			-0.0		0.37		6.9		0.33833	0.607	57.0555982332	12.0937
0 6 16			0.06		0.43		6.53		0.34622	0.4825	89.3859051251	7.6515
2 4 12			0.03		0.46		6.32		0.36219	0.2205	63.4791913795	4.8908
2 6 0			-0.65		-0.19		18.03		0.36219	4.3567	58.0028534629	558.9791
2 4 8			0.04		-0.15		17.38		0.35714	0.1687	51.4325245866	2.4593
0 6 2			0.04		-0.11		16.79		0.35759	0.2356	55.3895592761	6.1752
3 3 9			0.04		-0.08		16.17		0.35605	0.3816	52.4524123761	12.0632
3 3 15			0.03		-0.04		15.63		0.35568	0.3402	73.0835579415	3.8877
0 0 12			-0.13		-0.17		17.98		0.35059	3.2426	47.0346015839	274.3783
6 0 12			-0.01		-0.18		18.08		0.35405	0.5892	74.995462768	0.9301
4 2 14			0.03		-0.15		17.51		0.35414	1.2576	70.6282605877	19.9713
0 2 12			0.03		-0.11		16.95		0.3541	0.3827	50.6142203783	17.5707
0 4 4			-0.05		-0.17		17.92		0.35397	0.8482	39.0545896029	78.0016
4 4 12			0.01		-0.16		17.8		0.35313	1.9475	72.2035773977	130.2426
0 2 4			-0.09		-0.25		19.53		0.35324	1.326	23.4223631322	110.0283
1 7 1			0.01		-0.23		19.27		0.35321	0.5219	65.7901743415	26.2984
1 5 9			0.03		-0.21		18.73		0.35322	0.4394	58.984264935	17.7365
5 5 1			0.02		-0.19		18.37		0.3532	0.5073	65.769247456	23.9531
4 6 6			0.02		-0.16		17.97		0.35336	1.1903	71.9781772466	41.9784
1 7 3			-0.01		-0.17		18.15		0.35328	0.9932	66.8968211493	90.2271
2 2 6			-0.31		-0.48		26.31		0.35259	8.3224	34.2684003079	615.2447
5 1 9			0.02		-0.46		25.67		0.35259	0.4583	58.9619928854	19.0838
6 0 6			0.02		-0.43		25.06		0.35258	1.0815	60.1501886982	39.9969
2 0 16			0.02		-0.42		24.64		0.35252	0.5935	67.2372591268	11.8907
1 1 9			0.02		-0.4		24.15		0.35281	0.2216	37.1193146943	1.1702
0 6 8			0.02		-0.38		23.63		0.35286	0.7694	64.1950429677	5.6946
1 3 13			0.02		-0.36		23.24		0.35292	0.3907	59.4200243294	11.5335
1 1 13			0.02		-0.34		22.87		0.35298	0.3722	52.9310122384	10.9703
3 1 9			0.02		-0.32		22.4		0.35306	0.36	45.2950695798	8.7768
1 5 13			0.01		-0.31		22.08		0.35313	1.1973	71.2966048402	12.6128
1 1 15			0.01		-0.3		21.91		0.35303	0.656	61.3839959686	20.6242
5 1 7			0.02		-0.28		21.51		0.35302	0.2609	54.1000446603	4.252
4 2 6			0.02		-0.26		21.14		0.35293	1.6049	46.7233273538	62.1975
3 1 15			0.02		-0.25		20.79		0.35278	0.2871	67.3554895111	7.7692
0 2 8			0.02		-0.23		20.42		0.35278	0.1155	35.7619852008	1.7384
3 5 5			-0.03		-0.26		21.16		0.35316	1.2751	56.9624934876	133.7285
0 6 14			0.02		-0.25		20.83		0.35327	0.9096	81.7552219026	27.2955
4 4 4			-0.02		-0.27		21.31		0.35318	0.8476	53.9354251327	76.9211
1 3 15			0.01		-0.25		21.0		0.35302	0.2862	67.3623786269	8.1809
4 0 4			-0.02		-0.28		21.47		0.35293	1.2165	39.0343929222	79.1487
6 0 8			0.02		-0.26		21.11		0.35297	2.9234	64.163237895	5.3359
3 3 1			0.01		-0.25		20.97		0.35294	0.5106	38.1558496662	33.1617
4 2 2			0.01		-0.24		20.75		0.35294	0.457	40.8620305525	12.2524
1 1 5			-0.08		-0.32		22.54		0.35348	1.9661	22.8949597146	247.5537
2 0 10			0.01		-0.31		22.35		0.35344	0.6169	42.9543880851	20.236
0 4 18			0.01		-0.3		22.04		0.35385	0.8369	84.5238780681	17.4513
1 7 7			0.01		-0.29		21.74		0.35385	0.4353	72.3061031614	6.1143
4 0 12			-0.01		-0.3		21.96		0.35304	2.7435	60.4154589103	161.2613
0 6 18			0.01		-0.28		21.64		0.35304	0.7949	98.0280769063	1.8601
3 5 9			0.01		-0.27		21.34		0.35295	0.4755	65.0802252419	19.5165
1 3 5			-0.05		-0.32		22.51		0.35327	3.1323	34.189462707	190.138
5 3 3			-0.01		-0.33		22.67		0.35323	0.9351	54.4936931553	89.9375
7 3 1			0.01		-0.32		22.43		0.35321	0.5095	71.5359286583	22.1332
3 1 5			-0.04		-0.36		23.49		0.35355	2.8985	34.1781376955	186.2389
0 4 16			-0.01		-0.37		23.67		0.35437	1.5557	75.7704700384	94.8658
2 4 2			0.01		-0.36		23.46		0.35437	0.3828	40.8766170199	13.2501
5 1 5			-0.02		-0.38		23.94		0.35482	1.1901	50.2495039981	127.1383
1 3 9			0.01		-0.37		23.64		0.3549	0.2622	45.3040218183	7.1674
2 2 0			-0.25		-0.62		31.66		0.3549	11.1953	25.0390113278	1035.9387
0 6 12			0.01		-0.61		31.3		0.35543	0.3425	75.0250979777	1.887
5 1 13			0.01		-0.6		30.97		0.35558	0.4567	71.2764535317	11.3258
4 2 10			0.01		-0.59		30.64		0.35552	1.1102	57.0442200735	11.3144
3 3 13			0.01		-0.58		30.31		0.35566	0.5636	65.4922780779	9.1158
0 2 18			0.01		-0.56		29.95		0.35558	0.3755	76.3208597895	3.7538
0 2 16			0.01		-0.56		29.69		0.35572	1.8687	67.2407114996	13.8307
0 6 6			0.01		-0.54		29.35		0.35563	1.0147	60.183190367	40.9583
2 2 16			-0.0		-0.55		29.41		0.35797	1.1693	70.1293332912	108.6018
3 1 11			-0.03		-0.58		30.43		0.35931	2.3814	52.0481274199	292.2152
3 7 1			0.01		-0.57		30.16		0.35931	1.2822	71.5694631273	22.2453
6 0 10			0.01		-0.56		29.86		0.35918	1.0728	69.1331306246	8.9056
7 1 1			0.01		-0.55		29.64		0.35913	0.5207	65.7483230412	25.2044
0 4 20			0.01		-0.54		29.41		0.3609	1.027	94.1654323607	18.6345
0 0 10			0.0		-0.54		29.31		0.36111	0.8316	38.8438017949	41.7013
4 6 4			0.01		-0.54		29.13		0.36115	1.0731	69.291881243	33.3045
2 4 6			0.01		-0.53		28.92		0.36096	0.785	46.7364348384	64.2552
4 2 0			0.01		-0.52		28.75		0.36096	0.9287	40.0811891304	86.5118
2 6 10			0.0		-0.52		28.67		0.36117	0.7069	72.0169435829	44.7171
6 4 6			0.01		-0.51		28.38		0.36118	0.9247	71.9614498967	41.9809
7 3 5			0.0		-0.5		28.24		0.36141	1.0496	74.7140851895	88.0788
3 5 1			0.01		-0.5		28.09		0.36139	0.5283	53.2544885252	31.9012
3 1 13			0.01		-0.49		27.82		0.3615	0.3869	59.4126405656	11.7895
3 1 1			0.0		-0.49		27.73		0.36148	0.5239	28.3131072915	41.7464