HKL Value		Reward		TotalReward	Chi Squared	Z Appr. 	Error	Two-Thetas	Sfs2
6 4 0			0.0		0.0		0.0		0.3	1.8287	67.0910631577	58.6803
0 4 8			0.0		0.0		86.29		0.25001	4.1351	47.9021960727	235.0989
1 1 7			0.78		0.78		48.36		0.24237	0.2012	29.7561292971	6.5386
1 3 7			0.46		1.24		33.21		0.24046	0.1893	39.2755843192	5.3372
3 1 7			0.31		1.55		25.36		0.23936	0.257	39.2655360855	5.205
1 5 7			0.24		1.79		20.5		0.23868	0.6035	54.1236034243	4.2528
4 6 0			0.2		1.99		17.09		0.23868	0.7863	67.1083315067	59.4729
7 1 7			0.16		2.15		14.71		0.23833	0.3505	72.2660298289	5.0526
3 1 13			-0.18		1.96		18.02		0.24351	0.3869	59.4126405656	11.7895
3 5 7			0.09		2.06		16.46		0.24304	0.2309	60.5203777188	5.6046
0 4 12			0.09		2.15		15.06		0.24329	1.4889	60.4300914167	161.7651
5 5 7			0.05		2.2		14.39		0.24267	0.6639	72.2860687267	4.3062
3 3 7			0.04		2.24		13.86		0.24205	0.1558	47.1418707618	3.5073
5 3 7			0.07		2.3		13.0		0.24177	0.2523	60.5057581853	5.4388
4 6 2			0.07		2.38		12.11		0.24177	0.2349	67.657370766	5.5969
2 0 14			0.07		2.44		11.36		0.24158	0.2634	58.6945218607	7.3942
0 2 14			0.06		2.5		10.73		0.24134	0.2479	58.6982494177	6.3292
0 2 20			0.06		2.56		10.15		0.24141	0.4494	86.0769303832	2.8517
6 0 2			0.06		2.62		9.6		0.24141	0.2214	55.354768557	5.4487
5 1 11			-0.45		2.17		17.3		0.24207	3.2753	64.7131722767	203.727
4 2 8			0.03		2.2		16.81		0.24182	0.7605	51.4203212226	2.5419
0 6 16			0.03		2.23		16.29		0.24103	0.4825	89.3859051251	7.6515
0 6 18			0.05		2.28		15.56		0.24112	0.7949	98.0280769063	1.8601
1 5 5			-0.09		2.18		17.19		0.24077	1.8923	50.2743192378	127.3636
2 4 8			0.03		2.21		16.74		0.24055	0.1687	51.4325245866	2.4593
5 5 1			0.04		2.25		16.14		0.24058	0.5073	65.769247456	23.9531
3 3 9			0.04		2.29		15.54		0.24065	0.3816	52.4524123761	12.0632
2 2 16			0.03		2.32		15.03		0.24091	1.1693	70.1293332912	108.6018
2 4 12			-0.14		2.18		17.4		0.23874	0.2205	63.4791913795	4.8908
3 3 15			0.03		2.22		16.84		0.2387	0.3402	73.0835579415	3.8877
4 2 14			0.01		2.23		16.6		0.23887	1.2576	70.6282605877	19.9713
0 4 18			0.0		2.23		16.56		0.23987	0.8369	84.5238780681	17.4513
6 0 12			-0.21		2.02		20.98		0.23724	0.5892	74.995462768	0.9301
3 1 3			-0.04		1.98		21.96		0.23724	1.2003	30.3814370344	67.5761
0 6 0			0.02		2.0		21.5		0.23725	1.4277	54.7714555341	59.4019
0 6 2			0.03		2.03		20.9		0.23725	0.2356	55.3895592761	6.1752
0 6 8			0.03		2.06		20.37		0.23721	0.7694	64.1950429677	5.6946
2 6 2			-0.11		1.95		22.81		0.23721	1.2892	58.5985395934	134.3564
5 1 9			0.03		1.97		22.25		0.23726	0.4583	58.9619928854	19.0838
4 6 6			-0.01		1.97		22.41		0.23724	1.1903	71.9781772466	41.9784
1 1 9			0.01		1.98		22.18		0.23748	0.2216	37.1193146943	1.1702
1 1 3			-0.0		1.97		22.27		0.23748	0.4514	16.9416048235	36.8187
1 1 13			-0.06		1.92		23.64		0.23821	0.3722	52.9310122384	10.9703
6 0 6			-0.01		1.91		23.78		0.2382	1.0815	60.1501886982	39.9969