HKL Value		Reward		TotalReward	Chi Squared	Z Appr. 	Error	Two-Thetas	Sfs2
6 4 0			0.0		0.0		0.0		0.3	1.8287	67.0910631577	58.6803
2 2 4			0.0		0.0		0.01		0.27959	0.7551	29.4672289371	73.6026
1 3 7			-0.98		-0.98		0.62		0.22819	0.1893	39.2755843192	5.3372
4 2 10			0.19		-0.79		0.52		0.21989	1.1102	57.0442200735	11.3144
1 1 7			-0.34		-1.13		0.78		0.22027	0.2012	29.7561292971	6.5386
3 1 7			-0.14		-1.27		0.91		0.22065	0.257	39.2655360855	5.205
0 4 6			-0.98		-2.25		49.52		0.18686	3.7688	42.9189471786	481.9509
3 7 1			0.12		-2.13		44.32		0.18718	1.2822	71.5694631273	22.2453
4 2 0			0.1		-2.03		40.38		0.18718	0.9287	40.0811891304	86.5118
3 3 5			0.04		-1.99		38.73		0.18775	1.3995	42.8396693434	151.0913
2 4 8			0.03		-1.96		37.51		0.18787	0.1687	51.4325245866	2.4593
1 5 7			0.09		-1.86		34.27		0.18883	0.6035	54.1236034243	4.2528
0 6 12			0.09		-1.78		31.52		0.19002	0.3425	75.0250979777	1.887
2 6 0			-0.37		-2.15		50.29		0.19002	4.3567	58.0028534629	558.9791
4 6 0			0.08		-2.07		46.7		0.19002	0.7863	67.1083315067	59.4729
0 0 14			-0.02		-2.09		47.53		0.19089	0.8389	55.4890953336	74.9432
5 5 7			0.07		-2.03		44.63		0.19191	0.6639	72.2860687267	4.3062
7 1 7			0.06		-1.96		42.01		0.19214	0.3505	72.2660298289	5.0526
5 3 11			-0.03		-1.99		43.2		0.18947	1.8677	70.5420870211	204.0714
3 5 7			0.05		-1.94		40.96		0.18968	0.2309	60.5203777188	5.6046
0 4 10			0.03		-1.91		39.77		0.18841	0.9893	53.7871001638	44.1425
4 6 4			0.02		-1.89		39.0		0.18847	1.0731	69.291881243	33.3045
4 0 0			-0.34		-2.22		58.87		0.18847	8.3901	35.6934066618	787.9925
1 3 9			0.04		-2.18		56.46		0.18855	0.2622	45.3040218183	7.1674
2 0 0			0.01		-2.17		56.04		0.18855	2.02	17.6289686615	175.6782
6 2 10			0.03		-2.14		54.39		0.18756	0.7103	71.9901825081	43.9921
0 0 8			-0.07		-2.21		58.43		0.18755	2.1948	30.8548203523	183.9052
3 5 11			0.0		-2.21		58.42		0.18705	1.8915	70.5555824797	206.4699
3 3 7			0.03		-2.18		56.55		0.18748	0.1558	47.1418707618	3.5073
6 0 2			0.03		-2.15		54.67		0.1875	0.2214	55.354768557	5.4487
2 0 14			0.03		-2.11		52.86		0.18762	0.2634	58.6945218607	7.3942
4 6 2			0.03		-2.08		51.17		0.18763	0.2349	67.657370766	5.5969
0 6 2			0.03		-2.05		49.64		0.18765	0.2356	55.3895592761	6.1752
0 2 18			0.03		-2.02		48.14		0.18758	0.3755	76.3208597895	3.7538
2 4 12			0.03		-1.99		46.79		0.18795	0.2205	63.4791913795	4.8908
0 6 14			0.02		-1.97		45.87		0.18772	0.9096	81.7552219026	27.2955
1 5 13			0.02		-1.94		44.8		0.18768	1.1973	71.2966048402	12.6128
0 6 16			0.01		-1.94		44.47		0.18775	0.4825	89.3859051251	7.6515
1 1 13			0.02		-1.91		43.46		0.18771	0.3722	52.9310122384	10.9703
4 2 8			0.01		-1.9		43.01		0.18773	0.7605	51.4203212226	2.5419
1 3 13			0.02		-1.88		42.09		0.18769	0.3907	59.4200243294	11.5335
0 2 20			0.02		-1.86		41.07		0.18756	0.4494	86.0769303832	2.8517
3 1 9			0.02		-1.83		40.21		0.1876	0.36	45.2950695798	8.7768
0 2 4			-0.03		-1.86		41.41		0.1876	1.326	23.4223631322	110.0283
6 0 0			0.02		-1.84		40.57		0.1876	0.7256	54.7363985401	55.434
3 3 9			0.02		-1.82		39.82		0.18769	0.3816	52.4524123761	12.0632
5 3 7			0.02		-1.8		38.99		0.18793	0.2523	60.5057581853	5.4388
3 3 13			0.02		-1.78		38.27		0.18789	0.5636	65.4922780779	9.1158
2 2 0			-0.25		-2.03		51.0		0.18789	11.1953	25.0390113278	1035.9387
6 0 6			0.02		-2.01		49.97		0.18784	1.0815	60.1501886982	39.9969
6 0 10			0.02		-2.0		49.21		0.1871	1.0728	69.1331306246	8.9056
4 2 14			0.02		-1.98		48.38		0.18689	1.2576	70.6282605877	19.9713
3 3 15			0.02		-1.96		47.57		0.18625	0.3402	73.0835579415	3.8877
1 1 9			0.02		-1.94		46.68		0.18625	0.2216	37.1193146943	1.1702
0 4 18			0.02		-1.93		45.88		0.18658	0.8369	84.5238780681	17.4513
0 6 8			0.02		-1.91		45.1		0.18657	0.7694	64.1950429677	5.6946
1 5 9			0.01		-1.9		44.47		0.18663	0.4394	58.984264935	17.7365
7 3 5			0.02		-1.88		43.7		0.18664	1.0496	74.7140851895	88.0788
5 1 11			-0.01		-1.89		44.03		0.18645	3.2753	64.7131722767	203.727
0 2 14			0.02		-1.87		43.32		0.18658	0.2479	58.6982494177	6.3292
0 6 10			0.01		-1.86		42.77		0.18629	0.8527	69.1637693973	8.5049
6 4 2			0.02		-1.84		42.08		0.18629	0.2211	67.6401768609	4.8049
6 0 8			0.02		-1.82		41.45		0.18629	2.9234	64.163237895	5.3359
2 6 2			-0.02		-1.85		42.44		0.18626	1.2892	58.5985395934	134.3564
5 3 9			0.01		-1.84		41.99		0.18628	0.4833	65.0662013285	20.8409
5 1 9			0.01		-1.83		41.52		0.18633	0.4583	58.9619928854	19.0838
4 2 2			0.01		-1.81		40.97		0.18634	0.457	40.8620305525	12.2524
5 5 1			0.01		-1.8		40.58		0.18638	0.5073	65.769247456	23.9531
3 3 1			0.01		-1.79		40.03		0.1864	0.5106	38.1558496662	33.1617
3 5 9			0.01		-1.78		39.63		0.18643	0.4755	65.0802252419	19.5165
3 1 15			0.01		-1.76		39.07		0.18634	0.2871	67.3554895111	7.7692
6 0 12			0.01		-1.76		38.73		0.18699	0.5892	74.995462768	0.9301
4 2 6			0.01		-1.74		38.23		0.18694	1.6049	46.7233273538	62.1975
7 1 5			0.01		-1.73		37.78		0.18697	1.5264	69.0427278305	98.726
4 6 6			0.01		-1.72		37.31		0.18703	1.1903	71.9781772466	41.9784
9 1 1			0.01		-1.71		37.05		0.18708	0.8793	87.9915459652	19.6393
0 6 0			0.01		-1.7		36.64		0.18708	1.4277	54.7714555341	59.4019
2 4 6			0.01		-1.69		36.21		0.18702	0.785	46.7364348384	64.2552
1 7 7			0.01		-1.68		35.76		0.18707	0.4353	72.3061031614	6.1143
0 0 18			0.01		-1.66		35.31		0.18701	0.6609	73.530655613	37.988
0 6 6			0.01		-1.65		34.88		0.18699	1.0147	60.183190367	40.9583
3 1 3			-0.0		-1.65		35.04		0.18698	1.2003	30.3814370344	67.5761
2 4 10			0.01		-1.64		34.66		0.18685	0.607	57.0555982332	12.0937
1 3 15			0.01		-1.63		34.25		0.18677	0.2862	67.3623786269	8.1809
0 0 22			0.01		-1.62		33.94		0.18656	2.2765	94.0325860765	137.6091
2 4 2			0.01		-1.61		33.6		0.18657	0.3828	40.8766170199	13.2501
0 2 12			0.01		-1.6		33.21		0.18659	0.3827	50.6142203783	17.5707
1 3 11			-0.03		-1.63		34.24		0.18646	2.4293	52.0561920156	298.4303
0 4 16			0.01		-1.62		33.92		0.18643	1.5557	75.7704700384	94.8658
1 7 3			-0.01		-1.63		34.36		0.18643	0.9932	66.8968211493	90.2271
0 4 20			0.01		-1.62		33.98		0.18643	1.027	94.1654323607	18.6345
2 2 16			0.01		-1.61		33.62		0.18643	1.1693	70.1293332912	108.6018
3 5 1			0.01		-1.6		33.29		0.18643	0.5283	53.2544885252	31.9012
2 2 6			-0.09		-1.69		36.64		0.18624	8.3224	34.2684003079	615.2447
5 1 13			0.01		-1.68		36.31		0.18622	0.4567	71.2764535317	11.3258
0 0 4			0.01		-1.68		36.08		0.18627	0.8482	15.2869714585	59.1035
2 6 10			0.01		-1.67		35.8		0.18613	0.7069	72.0169435829	44.7171
0 0 20			0.01		-1.66		35.48		0.18589	0.4542	83.3712939521	4.3689
1 1 15			0.01		-1.65		35.18		0.18597	0.656	61.3839959686	20.6242
3 3 3			-0.0		-1.66		35.36		0.18597	0.8081	39.7679129272	70.9373
3 1 11			-0.02		-1.68		36.17		0.18588	2.3814	52.0481274199	292.2152
3 1 13			0.01		-1.67		35.87		0.18587	0.3869	59.4126405656	11.7895