HKL Value		Reward		TotalReward	Chi Squared	Z Appr. 	Error	Two-Thetas	Sfs2
6 4 0			0.0		0.0		0.0		0.3	1.8287	67.0910631577	58.6803
1 3 7			0.0		0.0		0.01		0.33738	0.1893	39.2755843192	5.3372
1 1 7			0.42		0.42		0.01		0.3377	0.2012	29.7561292971	6.5386
1 5 7			0.35		0.77		0.01		0.33759	0.6035	54.1236034243	4.2528
6 0 6			-0.99		-0.21		0.48		0.33851	1.0815	60.1501886982	39.9969
3 1 7			0.24		0.03		0.39		0.33824	0.257	39.2655360855	5.205
7 1 7			0.14		0.16		0.34		0.33776	0.3505	72.2660298289	5.0526
4 6 0			0.14		0.31		0.3		0.33776	0.7863	67.1083315067	59.4729
3 1 5			-0.97		-0.66		9.17		0.37802	2.8985	34.1781376955	186.2389
3 5 7			0.12		-0.53		8.15		0.37804	0.2309	60.5203777188	5.6046
5 3 7			0.11		-0.42		7.34		0.37801	0.2523	60.5057581853	5.4388
5 5 7			0.1		-0.33		6.7		0.37763	0.6639	72.2860687267	4.3062
3 3 7			0.08		-0.24		6.17		0.3772	0.1558	47.1418707618	3.5073
2 0 14			0.05		-0.19		5.86		0.37817	0.2634	58.6945218607	7.3942
0 2 14			0.06		-0.13		5.52		0.37881	0.2479	58.6982494177	6.3292
0 2 20			-0.17		-0.3		6.63		0.3825	0.4494	86.0769303832	2.8517
2 0 6			-0.39		-0.68		10.8		0.38209	1.6278	29.1406672869	128.8477
4 2 8			0.01		-0.67		10.65		0.38231	0.7605	51.4203212226	2.5419
4 2 12			0.05		-0.62		10.18		0.38231	0.2244	63.468523569	4.7972
3 5 9			-0.0		-0.62		10.21		0.38237	0.4755	65.0802252419	19.5165
1 1 3			-0.05		-0.68		10.77		0.3823	0.4514	16.9416048235	36.8187
6 0 2			0.05		-0.63		10.27		0.38231	0.2214	55.354768557	5.4487
2 4 8			0.01		-0.62		10.18		0.38254	0.1687	51.4325245866	2.4593
2 0 8			0.04		-0.58		9.8		0.3826	0.1665	35.7565424018	1.5727
4 6 2			0.04		-0.54		9.46		0.38262	0.2349	67.657370766	5.5969
0 6 8			0.02		-0.53		9.3		0.38279	0.7694	64.1950429677	5.6946
0 6 16			0.01		-0.52		9.23		0.38347	0.4825	89.3859051251	7.6515
0 6 2			0.04		-0.48		8.9		0.38348	0.2356	55.3895592761	6.1752
5 1 7			0.03		-0.45		8.65		0.38333	0.2609	54.1000446603	4.252
4 6 6			-0.02		-0.48		8.87		0.38315	1.1903	71.9781772466	41.9784
2 4 12			0.03		-0.45		8.66		0.38316	0.2205	63.4791913795	4.8908
0 4 18			0.6		0.14		5.43		0.35686	0.8369	84.5238780681	17.4513
4 2 14			0.03		0.17		5.28		0.35687	1.2576	70.6282605877	19.9713
1 1 9			0.03		0.2		5.12		0.35705	0.2216	37.1193146943	1.1702
3 3 15			0.02		0.22		5.02		0.35704	0.3402	73.0835579415	3.8877
0 4 16			-0.05		0.17		5.28		0.3616	1.5557	75.7704700384	94.8658
0 2 8			0.03		0.2		5.13		0.36157	0.1155	35.7619852008	1.7384
3 3 9			0.01		0.21		5.09		0.36105	0.3816	52.4524123761	12.0632
1 1 13			0.02		0.23		4.97		0.36147	0.3722	52.9310122384	10.9703
3 1 15			0.01		0.24		4.92		0.36166	0.2871	67.3554895111	7.7692
6 0 8			0.02		0.26		4.85		0.3613	2.9234	64.163237895	5.3359
6 0 12			0.02		0.28		4.73		0.36127	0.5892	74.995462768	0.9301
3 1 9			0.01		0.3		4.67		0.36092	0.36	45.2950695798	8.7768
1 7 5			-0.1		0.19		5.21		0.36172	1.0841	69.0835930101	99.7513
2 4 0			-0.04		0.16		5.41		0.36172	1.4359	40.0960076051	88.2765
9 1 1			0.0		0.16		5.4		0.36169	0.8793	87.9915459652	19.6393
1 7 7			0.01		0.17		5.33		0.36171	0.4353	72.3061031614	6.1143
0 6 4			-0.07		0.1		5.72		0.36182	0.6675	57.2171401797	42.9768
1 5 13			0.02		0.12		5.62		0.36211	1.1973	71.2966048402	12.6128
4 2 6			-0.01		0.11		5.68		0.36167	1.6049	46.7233273538	62.1975
3 5 11			-0.15		-0.04		6.64		0.36192	1.8915	70.5555824797	206.4699
1 5 5			-0.11		-0.14		7.45		0.36248	1.8923	50.2743192378	127.3636