HKL Value		Reward		TotalReward	Chi Squared	Z Appr. 	Error	Two-Thetas	Sfs2
0 6 2			0.0		0.0		0.0		0.3	0.2356	55.3895592761	6.1752
1 1 7			0.0		0.0		3.14		0.33796	0.2012	29.7561292971	6.5386
3 3 7			0.95		0.95		1.61		0.33934	0.1558	47.1418707618	3.5073
6 4 0			0.49		1.44		1.08		0.33934	1.8287	67.0910631577	58.6803
2 2 2			-0.94		0.49		19.53		0.37886	1.1162	26.2109248846	125.5642
2 2 0			-0.87		-0.37		145.57		0.37886	11.1953	25.0390113278	1035.9387
4 6 0			0.2		-0.17		121.31		0.37886	0.7863	67.1083315067	59.4729
1 1 9			0.16		-0.01		104.48		0.37429	0.2216	37.1193146943	1.1702
1 3 7			0.14		0.13		91.43		0.37465	0.1893	39.2755843192	5.3372
5 5 5			0.11		0.25		82.06		0.37652	1.5862	69.0631626084	104.8873
1 3 11			-0.06		0.19		87.13		0.36857	2.4293	52.0561920156	298.4303
3 5 11			0.03		0.22		84.27		0.36646	1.8915	70.5555824797	206.4699
1 5 13			0.09		0.31		77.33		0.36537	1.1973	71.2966048402	12.6128
4 4 4			0.03		0.34		75.38		0.36524	0.8476	53.9354251327	76.9211
7 1 7			0.08		0.41		70.11		0.36531	0.3505	72.2660298289	5.0526
0 4 18			0.07		0.48		65.44		0.36529	0.8369	84.5238780681	17.4513
6 0 0			0.06		0.55		61.64		0.36528	0.7256	54.7363985401	55.434
3 1 13			0.06		0.61		58.04		0.36483	0.3869	59.4126405656	11.7895
3 1 7			0.06		0.67		54.89		0.36488	0.257	39.2655360855	5.205
3 5 9			0.04		0.71		52.56		0.36451	0.4755	65.0802252419	19.5165
1 5 7			0.05		0.76		49.99		0.36455	0.6035	54.1236034243	4.2528
2 4 4			0.01		0.77		49.46		0.36467	0.8182	43.1484985256	64.6996
4 6 2			0.04		0.82		47.33		0.36467	0.2349	67.657370766	5.5969
5 5 7			0.04		0.86		45.31		0.36472	0.6639	72.2860687267	4.3062
2 4 12			0.04		0.9		43.5		0.3646	0.2205	63.4791913795	4.8908
0 2 20			0.04		0.94		41.78		0.36415	0.4494	86.0769303832	2.8517
7 1 3			0.01		0.96		41.33		0.36397	1.4031	66.8553232335	91.2915
5 1 13			0.04		0.99		39.81		0.36386	0.4567	71.2764535317	11.3258
0 6 18			0.04		1.03		38.41		0.36386	0.7949	98.0280769063	1.8601
3 3 13			0.04		1.06		37.1		0.3636	0.5636	65.4922780779	9.1158
6 0 8			0.03		1.1		35.97		0.36336	2.9234	64.163237895	5.3359
4 2 14			0.03		1.13		34.89		0.36315	1.2576	70.6282605877	19.9713
0 2 10			0.02		1.15		34.23		0.36307	0.4317	42.9590557724	21.0204
0 2 0			-0.01		1.14		34.63		0.36307	1.4407	17.6394681947	177.2483
6 0 2			0.03		1.16		33.66		0.3631	0.2214	55.354768557	5.4487
5 1 3			0.01		1.17		33.46		0.36294	0.9592	47.5591860667	88.1873
4 2 2			0.02		1.19		32.72		0.36296	0.457	40.8620305525	12.2524
6 4 6			0.03		1.22		31.84		0.36293	0.9247	71.9614498967	41.9809
6 0 6			0.02		1.24		31.1		0.36268	1.0815	60.1501886982	39.9969
4 6 6			0.03		1.27		30.3		0.36264	1.1903	71.9781772466	41.9784
3 1 9			0.02		1.29		29.62		0.36244	0.36	45.2950695798	8.7768
1 1 13			0.02		1.32		28.9		0.36255	0.3722	52.9310122384	10.9703
0 0 18			0.02		1.34		28.35		0.36271	0.6609	73.530655613	37.988
0 6 16			0.02		1.36		27.69		0.36262	0.4825	89.3859051251	7.6515
6 0 10			0.02		1.38		27.17		0.36258	1.0728	69.1331306246	8.9056
4 4 0			-0.2		1.18		33.81		0.36258	4.9852	51.3853572345	648.027
0 4 0			-0.23		0.95		44.05		0.36258	6.137	35.7152072575	818.959
5 5 1			0.02		0.97		43.24		0.36255	0.5073	65.769247456	23.9531
0 6 12			0.02		0.99		42.35		0.36251	0.3425	75.0250979777	1.887
4 2 6			0.02		1.01		41.67		0.36216	1.6049	46.7233273538	62.1975
2 4 8			0.02		1.03		40.9		0.36184	0.1687	51.4325245866	2.4593
5 3 7			0.02		1.05		40.13		0.36186	0.2523	60.5057581853	5.4388
5 1 5			-0.0		1.04		40.28		0.36243	1.1901	50.2495039981	127.1383
6 0 12			0.02		1.06		39.53		0.3624	0.5892	74.995462768	0.9301
2 4 6			0.01		1.08		38.98		0.36204	0.785	46.7364348384	64.2552
0 6 6			0.02		1.09		38.34		0.3618	1.0147	60.183190367	40.9583
2 0 14			0.02		1.11		37.65		0.36183	0.2634	58.6945218607	7.3942
1 5 9			0.02		1.13		37.07		0.36148	0.4394	58.984264935	17.7365
5 1 9			0.02		1.14		36.52		0.36107	0.4583	58.9619928854	19.0838
0 2 18			0.02		1.16		35.93		0.36107	0.3755	76.3208597895	3.7538
2 2 10			0.01		1.16		35.69		0.36156	0.6429	46.7739448495	44.8949
4 0 4			-0.01		1.16		35.95		0.36146	1.2165	39.0343929222	79.1487
0 0 8			-0.03		1.13		36.93		0.36221	2.1948	30.8548203523	183.9052
2 6 6			-0.05		1.08		39.07		0.36098	5.383	63.2392339525	346.2148