HKL Value		Reward		TotalReward	Chi Squared	Z Appr. 	Error	Two-Thetas	Sfs2
4 6 4			0.0		0.0		0.0		0.3	1.0731	69.291881243	33.3045
6 4 0			0.0		0.0		5.64		0.24999	1.8287	67.0910631577	58.6803
2 0 10			0.08		0.08		5.22		0.0	0.6169	42.9543880851	20.236
1 3 7			-0.96		-0.88		130.39		0.0	0.1893	39.2755843192	5.3372
1 1 7			-0.32		-1.2		191.42		0.0	0.2012	29.7561292971	6.5386
3 1 7			-0.17		-1.37		230.95		0.0	0.257	39.2655360855	5.205
1 5 7			-0.11		-1.48		259.81		0.0	0.6035	54.1236034243	4.2528
1 1 13			0.08		-1.4		239.83		0.0	0.3722	52.9310122384	10.9703
7 1 7			-0.06		-1.45		253.92		0.0	0.3505	72.2660298289	5.0526
2 2 10			0.11		-1.35		229.42		0.0	0.6429	46.7739448495	44.8949
4 0 4			0.11		-1.24		206.92		0.0	1.2165	39.0343929222	79.1487
5 3 7			-0.06		-1.3		220.42		0.0	0.2523	60.5057581853	5.4388
5 1 7			-0.06		-1.36		235.73		0.0	0.2609	54.1000446603	4.252
4 6 0			0.08		-1.28		217.6		0.0	0.7863	67.1083315067	59.4729
3 5 7			-0.04		-1.32		226.79		0.0	0.2309	60.5203777188	5.6046
5 5 7			-0.06		-1.39		242.28		0.0	0.6639	72.2860687267	4.3062
0 6 6			0.07		-1.32		227.26		0.0	1.0147	60.183190367	40.9583
3 3 7			-0.07		-1.39		244.45		0.0	0.1558	47.1418707618	3.5073
7 1 1			0.04		-1.35		234.18		0.0	0.5207	65.7483230412	25.2044
2 0 14			0.06		-1.29		221.88		0.0	0.2634	58.6945218607	7.3942
0 2 14			0.05		-1.24		210.84		0.0	0.2479	58.6982494177	6.3292
6 0 2			0.04		-1.2		203.02		0.0	0.2214	55.354768557	5.4487
4 0 8			0.03		-1.17		198.05		0.0	2.9483	47.8850437629	244.3799
4 2 8			0.04		-1.13		189.96		0.0	0.7605	51.4203212226	2.5419
4 6 2			0.04		-1.09		182.81		0.0	0.2349	67.657370766	5.5969
0 2 20			0.04		-1.05		175.54		0.0	0.4494	86.0769303832	2.8517
2 4 8			0.04		-1.01		169.27		0.0	0.1687	51.4325245866	2.4593
0 6 16			0.03		-0.98		164.21		0.0	0.4825	89.3859051251	7.6515
0 6 8			0.03		-0.95		158.65		0.0	0.7694	64.1950429677	5.6946
4 2 14			0.04		-0.91		153.21		0.0	1.2576	70.6282605877	19.9713
0 6 2			0.03		-0.89		149.43		0.0	0.2356	55.3895592761	6.1752
0 4 18			-0.06		-0.94		158.43		0.0	0.8369	84.5238780681	17.4513
3 3 15			0.01		-0.94		157.06		0.0	0.3402	73.0835579415	3.8877
2 4 12			-0.0		-0.94		157.53		0.0	0.2205	63.4791913795	4.8908
5 5 3			0.03		-0.91		153.43		0.0	0.8107	66.8760743485	64.1048
1 1 9			0.02		-0.89		150.9		0.0	0.2216	37.1193146943	1.1702
4 6 6			0.03		-0.87		147.11		0.0	1.1903	71.9781772466	41.9784
3 1 9			0.02		-0.85		143.87		0.0	0.36	45.2950695798	8.7768
2 2 16			0.03		-0.82		140.13		0.0	1.1693	70.1293332912	108.6018
3 3 9			0.02		-0.8		137.03		0.0	0.3816	52.4524123761	12.0632
6 0 4			0.02		-0.77		133.8		0.0	0.7069	57.1830782131	42.6751
6 0 6			0.02		-0.75		130.59		0.0	1.0815	60.1501886982	39.9969
5 3 1			0.02		-0.73		128.53		0.0	0.5252	53.2386121167	32.835
0 2 8			0.02		-0.71		125.6		0.0	0.1155	35.7619852008	1.7384
1 5 13			0.0		-0.71		125.11		0.0	1.1973	71.2966048402	12.6128
6 0 12			-0.05		-0.75		131.42		0.0	0.5892	74.995462768	0.9301
3 1 15			0.01		-0.74		129.64		0.0	0.2871	67.3554895111	7.7692
6 0 8			0.02		-0.72		127.09		0.0	2.9234	64.163237895	5.3359
2 4 6			0.02		-0.7		124.44		0.0	0.785	46.7364348384	64.2552
5 1 9			0.02		-0.68		122.22		0.0	0.4583	58.9619928854	19.0838
2 2 6			-0.03		-0.71		126.01		0.0	8.3224	34.2684003079	615.2447
1 7 7			-0.03		-0.74		129.38		0.0	0.4353	72.3061031614	6.1143
4 2 6			0.02		-0.72		126.89		0.0	1.6049	46.7233273538	62.1975
4 2 2			0.02		-0.7		124.6		0.0	0.457	40.8620305525	12.2524
1 7 1			0.01		-0.69		123.31		0.0	0.5219	65.7901743415	26.2984
2 2 0			-0.07		-0.76		132.88		0.0	11.1953	25.0390113278	1035.9387
5 3 5			0.02		-0.74		130.77		0.0	2.2247	56.9473208346	134.0256
4 2 0			0.02		-0.73		128.7		0.0	0.9287	40.0811891304	86.5118
4 2 12			-0.01		-0.73		129.5		0.0	0.2244	63.468523569	4.7972
1 3 15			0.01		-0.72		128.09		0.0	0.2862	67.3623786269	8.1809
0 6 12			-0.02		-0.74		130.41		0.0	0.3425	75.0250979777	1.887
1 5 9			0.01		-0.73		128.58		0.0	0.4394	58.984264935	17.7365
3 5 9			0.02		-0.71		126.61		0.0	0.4755	65.0802252419	19.5165
5 5 1			0.0		-0.71		126.18		0.0	0.5073	65.769247456	23.9531
6 0 10			0.01		-0.7		124.85		0.0	1.0728	69.1331306246	8.9056
1 1 15			0.02		-0.68		122.95		0.0	0.656	61.3839959686	20.6242
6 2 0			-0.02		-0.7		125.37		0.0	4.3933	57.9728440251	566.5186
2 4 2			0.01		-0.69		123.56		0.0	0.3828	40.8766170199	13.2501
5 1 13			0.0		-0.69		123.5		0.0	0.4567	71.2764535317	11.3258
3 7 1			0.0		-0.68		123.07		0.0	1.2822	71.5694631273	22.2453
1 3 9			0.01		-0.67		121.83		0.0	0.2622	45.3040218183	7.1674
3 3 13			-0.0		-0.68		122.27		0.0	0.5636	65.4922780779	9.1158
4 2 10			0.01		-0.66		120.93		0.0	1.1102	57.0442200735	11.3144
0 4 20			0.0		-0.66		120.6		0.0	1.027	94.1654323607	18.6345
0 6 14			0.01		-0.65		119.0		0.0	0.9096	81.7552219026	27.2955
6 2 8			0.01		-0.64		118.4		0.0	3.3751	67.1207225085	222.106
2 6 8			0.01		-0.64		117.78		0.0	4.3291	67.1483383839	218.3417
1 3 3			0.01		-0.63		116.5		0.0	0.7045	30.3940112777	66.1614
1 7 3			0.01		-0.62		115.29		0.0	0.9932	66.8968211493	90.2271
3 7 3			0.01		-0.61		114.05		0.0	0.8954	72.6346668965	71.6226
1 3 13			-0.0		-0.61		114.06		0.0	0.3907	59.4200243294	11.5335
3 3 1			0.01		-0.6		113.23		0.0	0.5106	38.1558496662	33.1617
0 2 12			0.0		-0.59		112.69		0.0	0.3827	50.6142203783	17.5707
0 0 10			0.01		-0.59		111.78		0.0	0.8316	38.8438017949	41.7013
5 3 9			0.01		-0.57		110.51		0.0	0.4833	65.0662013285	20.8409
3 5 1			0.01		-0.57		109.77		0.0	0.5283	53.2544885252	31.9012
3 1 5			0.01		-0.56		108.97		0.0	2.8985	34.1781376955	186.2389
2 6 10			0.01		-0.55		108.14		0.0	0.7069	72.0169435829	44.7171
0 0 6			-0.02		-0.58		110.73		0.0	7.4326	23.0169618987	709.6598
0 6 18			-0.04		-0.61		114.76		0.0	0.7949	98.0280769063	1.8601
0 2 16			0.01		-0.6		113.63		0.0	1.8687	67.2407114996	13.8307
4 0 6			-0.01		-0.61		115.01		0.0	5.3963	42.900258124	488.2208
2 0 8			0.01		-0.6		113.79		0.0	0.1665	35.7565424018	1.5727
2 4 10			0.01		-0.59		112.81		0.0	0.607	57.0555982332	12.0937
3 1 13			0.0		-0.59		112.8		0.0	0.3869	59.4126405656	11.7895
0 2 18			-0.03		-0.62		115.76		0.0	0.3755	76.3208597895	3.7538
2 2 4			0.01		-0.61		114.59		0.0	0.7551	29.4672289371	73.6026
2 0 0			0.01		-0.6		113.89		0.0	2.02	17.6289686615	175.6782
0 0 18			-0.01		-0.61		114.83		0.0	0.6609	73.530655613	37.988
0 2 0			0.01		-0.6		114.15		0.0	1.4407	17.6394681947	177.2483
0 0 12			0.01		-0.6		113.21		0.0	3.2426	47.0346015839	274.3783
1 7 5			0.01		-0.59		112.12		0.0	1.0841	69.0835930101	99.7513