HKL Value		Reward		TotalReward	Chi Squared	Z Appr. 	Error	Two-Thetas	Sfs2
1 3 7			0.0		0.0		0.0		0.3	0.1893	39.2755843192	5.3372
6 4 0			0.0		0.0		0.01		0.33738	1.8287	67.0910631577	58.6803
1 1 7			0.42		0.42		0.01		0.3377	0.2012	29.7561292971	6.5386
1 5 1			-1.0		-0.58		3.19		0.33686	0.4978	46.196563203	27.3004
2 2 6			-0.96		-1.54		80.43		0.33509	8.3224	34.2684003079	615.2447
3 1 7			0.25		-1.29		64.38		0.33551	0.257	39.2655360855	5.205
1 5 7			0.2		-1.09		53.67		0.33574	0.6035	54.1236034243	4.2528
6 0 0			0.15		-0.94		46.67		0.33574	0.7256	54.7363985401	55.434
4 6 0			0.14		-0.8		40.84		0.33574	0.7863	67.1083315067	59.4729
3 5 7			0.12		-0.67		36.3		0.33578	0.2309	60.5203777188	5.6046
7 1 7			0.11		-0.56		32.67		0.33581	0.3505	72.2660298289	5.0526
5 5 7			0.1		-0.46		29.74		0.33619	0.6639	72.2860687267	4.3062
3 3 7			0.09		-0.37		27.31		0.3366	0.1558	47.1418707618	3.5073
2 0 14			0.08		-0.3		25.35		0.3358	0.2634	58.6945218607	7.3942
3 1 1			0.03		-0.27		24.66		0.33566	0.5239	28.3131072915	41.7464
6 0 2			0.06		-0.2		23.19		0.33565	0.2214	55.354768557	5.4487
4 6 2			0.06		-0.14		21.87		0.33558	0.2349	67.657370766	5.5969
2 4 12			-0.07		-0.21		23.54		0.35203	0.2205	63.4791913795	4.8908
0 6 2			0.05		-0.16		22.39		0.35208	0.2356	55.3895592761	6.1752
1 5 13			0.04		-0.13		21.58		0.35232	1.1973	71.2966048402	12.6128
1 3 13			0.04		-0.09		20.81		0.35259	0.3907	59.4200243294	11.5335
4 2 8			0.05		-0.04		19.82		0.35271	0.7605	51.4203212226	2.5419
3 1 15			0.04		0.0		19.03		0.35192	0.2871	67.3554895111	7.7692
1 1 13			0.03		0.03		18.46		0.35214	0.3722	52.9310122384	10.9703
3 5 1			0.01		0.05		18.2		0.35202	0.5283	53.2544885252	31.9012
0 6 16			0.03		0.08		17.61		0.35156	0.4825	89.3859051251	7.6515
4 6 6			0.03		0.11		17.08		0.35238	1.1903	71.9781772466	41.9784
6 2 10			-0.02		0.09		17.42		0.35272	0.7103	71.9901825081	43.9921
2 4 14			0.03		0.13		16.83		0.35339	0.5221	70.6383718296	19.4111
3 1 9			0.04		0.16		16.26		0.35402	0.36	45.2950695798	8.7768
3 3 9			0.03		0.2		15.72		0.3539	0.3816	52.4524123761	12.0632
0 2 20			0.03		0.23		15.21		0.35416	0.4494	86.0769303832	2.8517
5 3 7			0.03		0.26		14.8		0.35414	0.2523	60.5057581853	5.4388
6 0 10			0.02		0.28		14.44		0.35395	1.0728	69.1331306246	8.9056
4 0 0			-0.48		-0.2		28.02		0.35395	8.3901	35.6934066618	787.9925
6 0 6			0.03		-0.17		27.22		0.35381	1.0815	60.1501886982	39.9969
3 1 5			-0.06		-0.24		29.1		0.36019	2.8985	34.1781376955	186.2389
2 4 8			0.03		-0.21		28.34		0.35743	0.1687	51.4325245866	2.4593
0 0 18			0.02		-0.19		27.67		0.35501	0.6609	73.530655613	37.988
3 3 13			0.02		-0.16		27.04		0.35577	0.5636	65.4922780779	9.1158
0 2 18			0.03		-0.14		26.38		0.35522	0.3755	76.3208597895	3.7538
5 1 7			0.02		-0.11		25.77		0.35519	0.2609	54.1000446603	4.252
3 5 3			-0.01		-0.12		25.93		0.35476	0.9259	54.5093201099	87.7589
3 5 9			0.02		-0.1		25.37		0.35413	0.4755	65.0802252419	19.5165
4 2 14			0.02		-0.08		24.81		0.35429	1.2576	70.6282605877	19.9713
1 1 9			0.02		-0.05		24.29		0.35491	0.2216	37.1193146943	1.1702
3 3 15			0.02		-0.03		23.79		0.35465	0.3402	73.0835579415	3.8877
0 6 8			0.02		-0.01		23.29		0.35471	0.7694	64.1950429677	5.6946
0 4 18			0.02		0.01		22.82		0.35525	0.8369	84.5238780681	17.4513
1 3 3			0.0		0.01		22.8		0.35509	0.7045	30.3940112777	66.1614
0 6 18			0.02		0.03		22.35		0.35499	0.7949	98.0280769063	1.8601
1 5 9			0.02		0.05		21.91		0.35485	0.4394	58.984264935	17.7365
0 2 14			0.02		0.07		21.51		0.35475	0.2479	58.6982494177	6.3292
0 0 8			-0.07		-0.0		23.19		0.3566	2.1948	30.8548203523	183.9052
6 0 8			0.02		0.02		22.76		0.35649	2.9234	64.163237895	5.3359
5 1 9			0.02		0.03		22.37		0.35596	0.4583	58.9619928854	19.0838
4 2 2			0.01		0.05		22.1		0.35596	0.457	40.8620305525	12.2524
6 4 2			0.02		0.06		21.75		0.35596	0.2211	67.6401768609	4.8049
5 5 1			0.01		0.07		21.47		0.3559	0.5073	65.769247456	23.9531
0 6 14			0.02		0.09		21.14		0.35598	0.9096	81.7552219026	27.2955
4 2 6			0.01		0.1		20.85		0.3556	1.6049	46.7233273538	62.1975
6 0 12			0.01		0.12		20.56		0.35681	0.5892	74.995462768	0.9301
0 6 10			0.01		0.13		20.29		0.35672	0.8527	69.1637693973	8.5049
7 3 1			0.01		0.14		20.06		0.35668	0.5095	71.5359286583	22.1332
2 4 6			0.01		0.15		19.83		0.35634	0.785	46.7364348384	64.2552
0 6 12			0.01		0.17		19.54		0.35672	0.3425	75.0250979777	1.887
4 2 10			0.01		0.18		19.32		0.35663	1.1102	57.0442200735	11.3144
0 6 6			0.01		0.2		19.04		0.35651	1.0147	60.183190367	40.9583
9 1 1			0.01		0.21		18.83		0.35648	0.8793	87.9915459652	19.6393
1 7 7			0.01		0.22		18.59		0.35647	0.4353	72.3061031614	6.1143
5 3 9			0.01		0.23		18.39		0.35618	0.4833	65.0662013285	20.8409
2 4 10			0.01		0.24		18.2		0.35611	0.607	57.0555982332	12.0937
0 0 22			0.0		0.24		18.16		0.35763	2.2765	94.0325860765	137.6091
3 7 1			0.01		0.25		17.99		0.35762	1.2822	71.5694631273	22.2453
1 3 15			0.01		0.26		17.81		0.35766	0.2862	67.3623786269	8.1809
0 4 16			-0.0		0.26		17.81		0.35941	1.5557	75.7704700384	94.8658
2 4 2			0.01		0.27		17.68		0.35943	0.3828	40.8766170199	13.2501
0 4 20			0.01		0.28		17.54		0.36106	1.027	94.1654323607	18.6345
3 3 1			0.0		0.28		17.49		0.36104	0.5106	38.1558496662	33.1617
0 2 12			0.01		0.29		17.34		0.36081	0.3827	50.6142203783	17.5707
2 2 12			-0.05		0.24		18.27		0.35966	1.9766	54.0147953295	208.0279
0 2 8			0.01		0.25		18.05		0.35966	0.1155	35.7619852008	1.7384
0 0 20			-0.01		0.24		18.21		0.36216	0.4542	83.3712939521	4.3689
2 2 16			0.01		0.25		18.11		0.36253	1.1693	70.1293332912	108.6018
2 6 10			-0.0		0.25		18.12		0.36266	0.7069	72.0169435829	44.7171
2 0 8			0.01		0.26		17.91		0.36265	0.1665	35.7565424018	1.5727
1 3 9			0.01		0.27		17.73		0.3626	0.2622	45.3040218183	7.1674
4 2 0			0.0		0.27		17.67		0.3626	0.9287	40.0811891304	86.5118
2 6 6			-0.09		0.18		19.45		0.36226	5.383	63.2392339525	346.2148
1 1 15			0.01		0.19		19.35		0.36232	0.656	61.3839959686	20.6242
3 1 13			0.01		0.2		19.13		0.36237	0.3869	59.4126405656	11.7895
4 0 2			-0.04		0.16		19.88		0.36242	1.7854	36.5531212028	138.5255
3 3 5			-0.02		0.14		20.28		0.36261	1.3995	42.8396693434	151.0913
4 4 6			-0.09		0.05		22.25		0.36226	4.3817	57.0116572758	400.3855