HKL Value		Reward		TotalReward	Chi Squared	Z Appr. 	Error	Two-Thetas	Sfs2
6 4 0			0.0		0.0		0.0		0.3	1.8287	67.0910631577	58.6803
1 1 7			0.0		0.0		0.01		0.33798	0.2012	29.7561292971	6.5386
1 3 7			0.42		0.42		0.01		0.3377	0.1893	39.2755843192	5.3372
3 1 7			0.49		0.91		0.01		0.33767	0.257	39.2655360855	5.205
1 5 7			0.21		1.12		0.01		0.3376	0.6035	54.1236034243	4.2528
4 6 0			-0.59		0.53		0.01		0.3376	0.7863	67.1083315067	59.4729
7 1 7			-0.38		0.15		0.02		0.33731	0.3505	72.2660298289	5.0526
4 4 2			-1.0		-0.85		13.51		0.33899	1.2125	52.0311030722	128.6454
3 3 11			-0.37		-1.22		21.4		0.36663	2.1204	58.6030846927	249.5822
3 5 7			0.12		-1.1		19.19		0.36701	0.2309	60.5203777188	5.6046
5 5 7			0.11		-1.0		17.33		0.36735	0.6639	72.2860687267	4.3062
4 0 14			-0.09		-1.09		19.04		0.3615	1.986	67.7459682929	124.3248
2 4 12			0.09		-1.0		17.53		0.36092	0.2205	63.4791913795	4.8908
1 5 9			0.07		-0.94		16.45		0.35976	0.4394	58.984264935	17.7365
3 3 7			0.07		-0.86		15.33		0.35979	0.1558	47.1418707618	3.5073
4 6 2			0.06		-0.8		14.49		0.3598	0.2349	67.657370766	5.5969
5 3 7			0.06		-0.75		13.7		0.35984	0.2523	60.5057581853	5.4388
6 0 2			0.05		-0.69		13.01		0.35993	0.2214	55.354768557	5.4487
3 7 3			-0.04		-0.73		13.51		0.35949	0.8954	72.6346668965	71.6226
2 2 14			-0.03		-0.76		13.92		0.35882	1.0835	61.7979105177	101.9829
2 0 14			0.05		-0.71		13.25		0.35891	0.2634	58.6945218607	7.3942
0 6 2			0.04		-0.67		12.73		0.35897	0.2356	55.3895592761	6.1752
1 1 9			0.05		-0.62		12.15		0.35894	0.2216	37.1193146943	1.1702
3 5 5			-0.12		-0.74		13.79		0.36037	1.2751	56.9624934876	133.7285
1 1 13			0.04		-0.7		13.25		0.36095	0.3722	52.9310122384	10.9703
0 6 4			-0.03		-0.73		13.67		0.36112	0.6675	57.2171401797	42.9768
0 2 20			0.04		-0.69		13.17		0.36149	0.4494	86.0769303832	2.8517
0 6 16			0.04		-0.65		12.69		0.36171	0.4825	89.3859051251	7.6515
6 2 6			-0.3		-0.96		18.22		0.35937	3.9921	63.2107357729	344.5633
4 2 6			0.02		-0.93		17.81		0.35863	1.6049	46.7233273538	62.1975
2 0 4			-0.09		-1.03		19.67		0.35895	1.3874	23.4143586184	109.347
4 2 8			0.03		-1.0		19.06		0.35858	0.7605	51.4203212226	2.5419
1 3 9			0.03		-0.97		18.48		0.35838	0.2622	45.3040218183	7.1674
1 5 13			0.03		-0.94		18.02		0.359	1.1973	71.2966048402	12.6128
1 3 13			0.03		-0.91		17.55		0.3596	0.3907	59.4200243294	11.5335
3 3 9			0.03		-0.89		17.11		0.35914	0.3816	52.4524123761	12.0632
2 4 8			0.03		-0.86		16.67		0.35879	0.1687	51.4325245866	2.4593
3 1 9			0.03		-0.84		16.24		0.35851	0.36	45.2950695798	8.7768
3 3 13			0.02		-0.81		15.85		0.35891	0.5636	65.4922780779	9.1158
0 0 14			0.0		-0.81		15.78		0.35865	0.8389	55.4890953336	74.9432
4 2 14			0.02		-0.78		15.41		0.35859	1.2576	70.6282605877	19.9713
6 0 6			0.02		-0.76		15.06		0.35839	1.0815	60.1501886982	39.9969
0 6 8			0.02		-0.74		14.71		0.35827	0.7694	64.1950429677	5.6946
3 3 15			0.02		-0.71		14.41		0.35834	0.3402	73.0835579415	3.8877
6 0 10			0.02		-0.7		14.17		0.35822	1.0728	69.1331306246	8.9056
1 3 1			-0.01		-0.7		14.28		0.35815	0.5324	28.3265170018	42.1271
0 2 14			0.02		-0.68		13.99		0.35822	0.2479	58.6982494177	6.3292
3 3 1			0.0		-0.68		13.97		0.35816	0.5106	38.1558496662	33.1617
2 0 10			0.0		-0.68		13.93		0.35798	0.6169	42.9543880851	20.236
4 6 6			0.02		-0.66		13.65		0.35815	1.1903	71.9781772466	41.9784
6 0 8			0.02		-0.64		13.39		0.35801	2.9234	64.163237895	5.3359
5 1 9			0.02		-0.62		13.17		0.35768	0.4583	58.9619928854	19.0838
5 5 1			0.01		-0.61		13.03		0.35764	0.5073	65.769247456	23.9531
4 2 10			0.01		-0.6		12.88		0.35753	1.1102	57.0442200735	11.3144
4 2 2			0.01		-0.59		12.78		0.35754	0.457	40.8620305525	12.2524
0 2 18			0.02		-0.58		12.57		0.35746	0.3755	76.3208597895	3.7538
3 7 1			0.01		-0.57		12.45		0.35742	1.2822	71.5694631273	22.2453
0 4 18			0.02		-0.55		12.23		0.3574	0.8369	84.5238780681	17.4513
0 6 12			0.02		-0.53		12.03		0.35757	0.3425	75.0250979777	1.887
1 1 3			-0.0		-0.54		12.07		0.3575	0.4514	16.9416048235	36.8187
1 5 1			0.0		-0.53		12.07		0.35746	0.4978	46.196563203	27.3004
5 3 9			0.01		-0.53		11.95		0.35714	0.4833	65.0662013285	20.8409
3 5 9			0.01		-0.51		11.82		0.35686	0.4755	65.0802252419	19.5165
1 7 7			0.01		-0.5		11.67		0.35686	0.4353	72.3061031614	6.1143
6 0 12			0.01		-0.49		11.52		0.35727	0.5892	74.995462768	0.9301
9 1 1			0.01		-0.48		11.42		0.35724	0.8793	87.9915459652	19.6393
1 3 15			0.01		-0.47		11.31		0.35727	0.2862	67.3623786269	8.1809
0 6 6			0.01		-0.46		11.16		0.35717	1.0147	60.183190367	40.9583
0 0 18			0.01		-0.45		11.05		0.35691	0.6609	73.530655613	37.988
1 7 1			0.0		-0.45		11.05		0.35688	0.5219	65.7901743415	26.2984
1 3 11			-0.13		-0.58		12.69		0.35758	2.4293	52.0561920156	298.4303
2 4 10			0.01		-0.57		12.6		0.35751	0.607	57.0555982332	12.0937
0 2 12			0.01		-0.56		12.45		0.35727	0.3827	50.6142203783	17.5707
1 1 15			-0.0		-0.56		12.46		0.3574	0.656	61.3839959686	20.6242
0 6 14			0.01		-0.55		12.31		0.3574	0.9096	81.7552219026	27.2955
6 2 10			-0.01		-0.56		12.47		0.35758	0.7103	71.9901825081	43.9921
2 4 2			0.0		-0.55		12.41		0.35759	0.3828	40.8766170199	13.2501
2 0 8			0.01		-0.54		12.25		0.35761	0.1665	35.7565424018	1.5727
0 4 20			-0.01		-0.55		12.32		0.35973	1.027	94.1654323607	18.6345
5 1 7			0.01		-0.53		12.18		0.35973	0.2609	54.1000446603	4.252
2 2 16			-0.01		-0.54		12.26		0.36058	1.1693	70.1293332912	108.6018
3 1 13			0.01		-0.53		12.12		0.36072	0.3869	59.4126405656	11.7895
3 7 5			-0.0		-0.53		12.18		0.36093	1.0548	74.7470539899	89.5814
0 6 0			0.01		-0.53		12.11		0.36093	1.4277	54.7714555341	59.4019
4 2 0			-0.0		-0.53		12.12		0.36093	0.9287	40.0811891304	86.5118
5 1 13			0.01		-0.52		11.98		0.36104	0.4567	71.2764535317	11.3258
0 6 18			0.01		-0.51		11.85		0.36104	0.7949	98.0280769063	1.8601
7 1 1			0.0		-0.51		11.83		0.36103	0.5207	65.7483230412	25.2044
4 0 12			-0.05		-0.56		12.48		0.36029	2.7435	60.4154589103	161.2613
3 1 15			0.01		-0.55		12.37		0.36034	0.2871	67.3554895111	7.7692
3 5 1			-0.0		-0.55		12.38		0.36034	0.5283	53.2544885252	31.9012
0 2 8			0.01		-0.54		12.25		0.36033	0.1155	35.7619852008	1.7384
6 4 4			-0.0		-0.54		12.26		0.36036	0.6669	69.2748711385	33.991
0 6 10			0.01		-0.53		12.18		0.36033	0.8527	69.1637693973	8.5049
2 6 10			-0.01		-0.54		12.28		0.36052	0.7069	72.0169435829	44.7171
0 2 16			0.01		-0.53		12.18		0.36076	1.8687	67.2407114996	13.8307
2 4 6			0.0		-0.53		12.14		0.36058	0.785	46.7364348384	64.2552
2 4 0			-0.0		-0.53		12.16		0.36058	1.4359	40.0960076051	88.2765
7 3 1			0.0		-0.53		12.1		0.36057	0.5095	71.5359286583	22.1332
3 3 5			-0.04		-0.56		12.58		0.36089	1.3995	42.8396693434	151.0913
3 1 1			-0.01		-0.57		12.65		0.36087	0.5239	28.3131072915	41.7464
5 5 3			-0.01		-0.58		12.75		0.3608	0.8107	66.8760743485	64.1048