HKL Value		Reward		TotalReward	Chi Squared	Z Appr. 	Error	Two-Thetas	Sfs2
2 0 16			0.0		0.0		0.0		0.3	0.5935	67.2372591268	11.8907
6 4 0			0.0		0.0		0.01		0.30121	1.8287	67.0910631577	58.6803
1 1 7			-0.99		-0.99		2.17		0.34249	0.2012	29.7561292971	6.5386
0 6 2			-0.13		-1.12		2.49		0.34262	0.2356	55.3895592761	6.1752
1 3 7			0.26		-0.86		1.97		0.34152	0.1893	39.2755843192	5.3372
3 1 7			0.21		-0.65		1.63		0.34068	0.257	39.2655360855	5.205
1 5 7			0.17		-0.47		1.39		0.34006	0.6035	54.1236034243	4.2528
2 4 10			-0.33		-0.81		2.08		0.34166	0.607	57.0555982332	12.0937
7 1 7			0.1		-0.7		1.88		0.34073	0.3505	72.2660298289	5.0526
0 6 6			0.05		-0.65		1.8		0.34171	1.0147	60.183190367	40.9583
3 5 7			0.08		-0.58		1.67		0.34073	0.2309	60.5203777188	5.6046
4 6 2			-0.03		-0.61		1.72		0.34041	0.2349	67.657370766	5.5969
4 6 0			0.09		-0.52		1.58		0.34041	0.7863	67.1083315067	59.4729
5 5 7			0.08		-0.44		1.46		0.34024	0.6639	72.2860687267	4.3062
5 5 3			-0.45		-0.89		2.68		0.33988	0.8107	66.8760743485	64.1048
3 3 7			0.07		-0.82		2.5		0.34	0.1558	47.1418707618	3.5073
5 1 7			0.06		-0.76		2.35		0.3397	0.2609	54.1000446603	4.252
5 3 7			0.06		-0.7		2.23		0.33933	0.2523	60.5057581853	5.4388
0 2 14			-0.01		-0.71		2.26		0.3381	0.2479	58.6982494177	6.3292
0 2 20			0.05		-0.67		2.15		0.33731	0.4494	86.0769303832	2.8517
2 0 14			-0.01		-0.67		2.16		0.33665	0.2634	58.6945218607	7.3942
2 2 0			-0.93		-1.61		33.0		0.33665	11.1953	25.0390113278	1035.9387
6 0 2			0.04		-1.56		31.62		0.33665	0.2214	55.354768557	5.4487
4 2 8			0.05		-1.52		30.25		0.33664	0.7605	51.4203212226	2.5419
0 6 16			0.04		-1.48		29.11		0.33704	0.4825	89.3859051251	7.6515
3 3 9			0.03		-1.45		28.23		0.34765	0.3816	52.4524123761	12.0632
2 4 8			0.04		-1.41		27.17		0.34791	0.1687	51.4325245866	2.4593
1 1 9			0.03		-1.38		26.4		0.35359	0.2216	37.1193146943	1.1702
5 5 1			0.03		-1.35		25.66		0.35338	0.5073	65.769247456	23.9531
6 0 6			0.04		-1.31		24.77		0.35316	1.0815	60.1501886982	39.9969
6 0 12			0.03		-1.29		24.09		0.3579	0.5892	74.995462768	0.9301
1 5 9			0.03		-1.25		23.35		0.35699	0.4394	58.984264935	17.7365
3 3 15			0.03		-1.22		22.68		0.35696	0.3402	73.0835579415	3.8877
4 6 6			0.03		-1.19		22.02		0.35749	1.1903	71.9781772466	41.9784
2 4 2			0.02		-1.17		21.61		0.35754	0.3828	40.8766170199	13.2501
3 1 15			0.02		-1.15		21.11		0.3578	0.2871	67.3554895111	7.7692
4 0 4			-0.04		-1.19		21.92		0.35716	1.2165	39.0343929222	79.1487
2 6 10			-0.0		-1.19		21.97		0.35977	0.7069	72.0169435829	44.7171
1 1 13			0.03		-1.16		21.42		0.36115	0.3722	52.9310122384	10.9703
0 6 8			0.02		-1.14		20.9		0.36054	0.7694	64.1950429677	5.6946
1 5 13			0.02		-1.12		20.42		0.36136	1.1973	71.2966048402	12.6128
2 4 12			0.02		-1.09		19.94		0.36103	0.2205	63.4791913795	4.8908
5 1 9			0.02		-1.07		19.57		0.35982	0.4583	58.9619928854	19.0838
3 1 9			0.02		-1.05		19.14		0.35887	0.36	45.2950695798	8.7768
4 2 6			0.02		-1.03		18.83		0.35769	1.6049	46.7233273538	62.1975
1 3 9			0.02		-1.01		18.41		0.35751	0.2622	45.3040218183	7.1674
3 7 1			0.01		-1.0		18.15		0.35743	1.2822	71.5694631273	22.2453
2 0 10			0.01		-0.99		18.0		0.35715	0.6169	42.9543880851	20.236
0 2 8			0.02		-0.97		17.63		0.3572	0.1155	35.7619852008	1.7384
4 2 10			0.01		-0.95		17.38		0.35702	1.1102	57.0442200735	11.3144
4 2 2			0.01		-0.94		17.18		0.35702	0.457	40.8620305525	12.2524
1 3 15			0.01		-0.93		16.93		0.35706	0.2862	67.3623786269	8.1809
0 4 18			0.02		-0.91		16.6		0.35706	0.8369	84.5238780681	17.4513
0 6 14			0.02		-0.89		16.32		0.35706	0.9096	81.7552219026	27.2955
0 2 12			0.02		-0.87		16.04		0.35658	0.3827	50.6142203783	17.5707
3 3 1			0.0		-0.87		15.99		0.35652	0.5106	38.1558496662	33.1617
6 0 8			0.02		-0.85		15.71		0.35647	2.9234	64.163237895	5.3359
1 1 5			-0.11		-0.96		17.61		0.35791	1.9661	22.8949597146	247.5537
4 2 14			0.02		-0.94		17.31		0.35789	1.2576	70.6282605877	19.9713
2 2 6			-0.25		-1.19		23.08		0.35601	8.3224	34.2684003079	615.2447
3 1 13			0.01		-1.18		22.77		0.35626	0.3869	59.4126405656	11.7895
1 7 7			0.01		-1.16		22.44		0.35626	0.4353	72.3061031614	6.1143
5 1 13			0.01		-1.15		22.14		0.35655	0.4567	71.2764535317	11.3258
4 4 4			-0.02		-1.17		22.58		0.35639	0.8476	53.9354251327	76.9211
6 0 10			0.01		-1.16		22.28		0.3563	1.0728	69.1331306246	8.9056
1 1 15			0.01		-1.15		22.15		0.35648	0.656	61.3839959686	20.6242
3 5 9			0.01		-1.14		21.86		0.35608	0.4755	65.0802252419	19.5165
3 3 13			0.01		-1.12		21.58		0.35633	0.5636	65.4922780779	9.1158
1 3 13			0.01		-1.11		21.33		0.35669	0.3907	59.4200243294	11.5335
0 6 12			0.01		-1.1		21.03		0.3571	0.3425	75.0250979777	1.887
5 3 9			0.01		-1.09		20.79		0.35666	0.4833	65.0662013285	20.8409
0 6 18			0.01		-1.07		20.51		0.35662	0.7949	98.0280769063	1.8601
1 7 1			0.01		-1.07		20.37		0.35658	0.5219	65.7901743415	26.2984
0 2 16			0.01		-1.06		20.2		0.35696	1.8687	67.2407114996	13.8307
0 4 20			0.0		-1.05		20.12		0.36059	1.027	94.1654323607	18.6345
2 2 16			0.0		-1.05		20.04		0.36149	1.1693	70.1293332912	108.6018
7 1 1			0.01		-1.04		19.91		0.36148	0.5207	65.7483230412	25.2044
4 6 4			0.0		-1.04		19.82		0.36151	1.0731	69.291881243	33.3045
0 2 0			-0.02		-1.06		20.18		0.36151	1.4407	17.6394681947	177.2483
4 2 0			0.0		-1.05		20.08		0.36151	0.9287	40.0811891304	86.5118
2 4 6			0.01		-1.05		19.95		0.36133	0.785	46.7364348384	64.2552
2 4 14			0.01		-1.03		19.72		0.36126	0.5221	70.6383718296	19.4111
5 5 5			-0.0		-1.03		19.73		0.3615	1.5862	69.0631626084	104.8873
6 0 4			-0.0		-1.04		19.78		0.36155	0.7069	57.1830782131	42.6751
3 1 1			0.0		-1.04		19.77		0.36152	0.5239	28.3131072915	41.7464
3 5 1			0.0		-1.03		19.7		0.3615	0.5283	53.2544885252	31.9012
2 0 8			0.01		-1.02		19.47		0.36149	0.1665	35.7565424018	1.5727
0 2 18			0.01		-1.01		19.26		0.36149	0.3755	76.3208597895	3.7538
6 4 4			0.0		-1.01		19.19		0.36152	0.6669	69.2748711385	33.991
0 4 16			0.01		-1.0		19.05		0.36201	1.5557	75.7704700384	94.8658
5 3 3			-0.01		-1.01		19.24		0.36194	0.9351	54.4936931553	89.9375
2 4 0			0.0		-1.01		19.18		0.36194	1.4359	40.0960076051	88.2765
7 3 5			0.0		-1.0		19.13		0.36212	1.0496	74.7140851895	88.0788
6 2 10			-0.0		-1.0		19.13		0.3623	0.7103	71.9901825081	43.9921
4 2 12			0.01		-0.99		18.94		0.36225	0.2244	63.468523569	4.7972
0 2 22			-0.0		-0.99		18.95		0.36239	1.8317	96.7387030121	97.213
3 5 5			-0.01		-1.01		19.22		0.36261	1.2751	56.9624934876	133.7285
7 3 1			0.01		-1.0		19.09		0.3626	0.5095	71.5359286583	22.1332
0 6 10			0.01		-0.99		18.94		0.36258	0.8527	69.1637693973	8.5049
0 0 18			0.01		-0.99		18.81		0.36263	0.6609	73.530655613	37.988
5 1 1			0.0		-0.98		18.74		0.36263	0.5346	46.1701152	26.7419
2 2 14			-0.0		-0.99		18.8		0.36238	1.0835	61.7979105177	101.9829