HKL Value		Reward		TotalReward	Chi Squared	Z Appr. 	Error	Two-Thetas	Sfs2
6 4 0			0.0		0.0		0.0		0.3	1.8287	67.0910631577	58.6803
3 1 7			0.0		0.0		0.01		0.33762	0.257	39.2655360855	5.205
1 1 7			0.74		0.74		0.01		0.33781	0.2012	29.7561292971	6.5386
1 3 7			0.22		0.96		0.01		0.33767	0.1893	39.2755843192	5.3372
1 5 7			0.21		1.16		0.01		0.3376	0.6035	54.1236034243	4.2528
4 6 0			-0.59		0.57		0.01		0.3376	0.7863	67.1083315067	59.4729
4 2 6			0.2		0.77		0.01		0.3376	1.6049	46.7233273538	62.1975
0 0 4			-1.0		-0.23		4.55		0.3355	0.8482	15.2869714585	59.1035
3 5 7			0.14		-0.08		3.99		0.3356	0.2309	60.5203777188	5.6046
7 1 7			0.12		0.04		3.54		0.33566	0.3505	72.2660298289	5.0526
5 3 7			0.11		0.15		3.19		0.33575	0.2523	60.5057581853	5.4388
5 5 7			0.09		0.24		2.94		0.33621	0.6639	72.2860687267	4.3062
3 3 7			0.07		0.31		2.74		0.3367	0.1558	47.1418707618	3.5073
0 2 14			0.04		0.35		2.63		0.33587	0.2479	58.6982494177	6.3292
2 0 14			0.03		0.39		2.55		0.33519	0.2634	58.6945218607	7.3942
6 2 6			-0.76		-0.37		10.53		0.33499	3.9921	63.2107357729	344.5633
0 2 20			0.06		-0.31		9.91		0.33571	0.4494	86.0769303832	2.8517
6 0 2			0.04		-0.27		9.49		0.33571	0.2214	55.354768557	5.4487
4 2 8			0.06		-0.21		8.96		0.33575	0.7605	51.4203212226	2.5419
2 4 8			0.06		-0.15		8.49		0.33578	0.1687	51.4325245866	2.4593
4 6 2			0.04		-0.11		8.16		0.33575	0.2349	67.657370766	5.5969
0 4 18			-0.19		-0.3		10.09		0.35254	0.8369	84.5238780681	17.4513
0 6 8			0.05		-0.26		9.65		0.35268	0.7694	64.1950429677	5.6946
5 1 7			0.04		-0.22		9.29		0.35265	0.2609	54.1000446603	4.252
0 4 8			-0.34		-0.56		14.13		0.35494	4.1351	47.9021960727	235.0989
0 6 2			0.03		-0.53		13.67		0.355	0.2356	55.3895592761	6.1752
4 0 10			-0.03		-0.56		14.15		0.35549	0.6243	53.7713327333	45.2096
1 7 5			-0.05		-0.61		14.88		0.3619	1.0841	69.0835930101	99.7513
0 6 16			0.04		-0.57		14.35		0.36209	0.4825	89.3859051251	7.6515
1 1 9			0.04		-0.54		13.86		0.36202	0.2216	37.1193146943	1.1702
4 6 6			0.03		-0.5		13.4		0.362	1.1903	71.9781772466	41.9784
2 4 12			0.03		-0.47		13.01		0.36156	0.2205	63.4791913795	4.8908
0 2 8			0.03		-0.44		12.6		0.36149	0.1155	35.7619852008	1.7384
2 0 10			-0.0		-0.44		12.61		0.36099	0.6169	42.9543880851	20.236
2 2 4			-0.08		-0.52		13.7		0.36042	0.7551	29.4672289371	73.6026
1 1 11			-0.24		-0.76		17.94		0.36187	2.144	44.8525636461	378.5934