HKL Value		Reward		TotalReward	Chi Squared	Z Appr. 	Error	Two-Thetas	Sfs2
4 2 8			0.0		0.0		0.0		0.3	0.7605	51.4203212226	2.5419
6 4 0			0.0		0.0		0.01		0.28851	1.8287	67.0910631577	58.6803
6 0 8			-0.98		-0.98		0.66		0.29091	2.9234	64.163237895	5.3359
7 1 3			-0.95		-1.93		12.25		0.29379	1.4031	66.8553232335	91.2915
1 1 7			0.98		-0.95		6.19		0.33543	0.2012	29.7561292971	6.5386
2 4 12			0.05		-0.89		5.87		0.35612	0.2205	63.4791913795	4.8908
1 3 7			0.13		-0.76		5.17		0.3561	0.1893	39.2755843192	5.3372
6 0 0			0.01		-0.74		5.1		0.3561	0.7256	54.7363985401	55.434
3 1 7			0.09		-0.65		4.67		0.35609	0.257	39.2655360855	5.205
1 5 7			0.08		-0.57		4.31		0.35607	0.6035	54.1236034243	4.2528
5 3 7			0.06		-0.51		4.07		0.35605	0.2523	60.5057581853	5.4388
4 2 4			-0.45		-0.96		7.38		0.35656	0.7624	43.1345383828	64.2766
3 5 7			0.06		-0.89		6.93		0.35655	0.2309	60.5203777188	5.6046
7 1 7			0.06		-0.83		6.55		0.35654	0.3505	72.2660298289	5.0526
1 1 3			-0.08		-0.91		7.11		0.35621	0.4514	16.9416048235	36.8187
5 1 3			-0.14		-1.05		8.23		0.35571	0.9592	47.5591860667	88.1873
4 6 0			0.07		-0.98		7.72		0.35571	0.7863	67.1083315067	59.4729
0 2 12			0.06		-0.92		7.29		0.35511	0.3827	50.6142203783	17.5707
3 1 11			-0.47		-1.39		13.72		0.35799	2.3814	52.0481274199	292.2152
5 5 7			0.05		-1.34		13.06		0.35799	0.6639	72.2860687267	4.3062
0 4 18			0.05		-1.29		12.41		0.35789	0.8369	84.5238780681	17.4513
6 2 4			-0.12		-1.41		14.14		0.35756	0.8727	60.3342977717	77.9073
2 6 8			-0.2		-1.62		17.74		0.36116	4.3291	67.1483383839	218.3417
3 3 7			0.04		-1.57		17.0		0.36122	0.1558	47.1418707618	3.5073
0 2 14			0.04		-1.53		16.31		0.36167	0.2479	58.6982494177	6.3292
1 5 11			-0.1		-1.63		18.08		0.36243	1.8219	64.7342781598	204.7444
2 0 14			0.04		-1.59		17.38		0.36248	0.2634	58.6945218607	7.3942
0 2 20			0.04		-1.55		16.74		0.36277	0.4494	86.0769303832	2.8517
2 4 8			0.03		-1.52		16.27		0.36208	0.1687	51.4325245866	2.4593
6 0 2			0.03		-1.49		15.77		0.36216	0.2214	55.354768557	5.4487
4 6 2			0.03		-1.46		15.33		0.36216	0.2349	67.657370766	5.5969
0 6 8			0.03		-1.43		14.89		0.36163	0.7694	64.1950429677	5.6946
0 6 16			0.03		-1.4		14.43		0.36184	0.4825	89.3859051251	7.6515
5 3 3			-0.04		-1.44		15.1		0.36155	0.9351	54.4936931553	89.9375
0 6 2			0.03		-1.42		14.72		0.36161	0.2356	55.3895592761	6.1752
5 1 7			0.03		-1.39		14.34		0.36163	0.2609	54.1000446603	4.252
4 6 6			0.03		-1.36		13.94		0.36163	1.1903	71.9781772466	41.9784
0 4 12			-0.09		-1.45		15.33		0.35783	1.4889	60.4300914167	161.7651
1 1 9			0.03		-1.43		14.93		0.35789	0.2216	37.1193146943	1.1702
4 2 14			0.03		-1.4		14.56		0.35786	1.2576	70.6282605877	19.9713
5 3 1			0.0		-1.4		14.54		0.35778	0.5252	53.2386121167	32.835
0 2 16			0.01		-1.38		14.34		0.35874	1.8687	67.2407114996	13.8307
3 3 15			0.02		-1.36		14.03		0.35891	0.3402	73.0835579415	3.8877
2 4 10			0.01		-1.35		13.85		0.35863	0.607	57.0555982332	12.0937
0 4 10			-0.01		-1.36		14.05		0.35961	0.9893	53.7871001638	44.1425
0 2 8			0.02		-1.34		13.74		0.35963	0.1155	35.7619852008	1.7384
1 5 1			0.0		-1.34		13.7		0.35955	0.4978	46.196563203	27.3004
3 3 9			0.02		-1.32		13.45		0.35882	0.3816	52.4524123761	12.0632
1 1 5			-0.14		-1.46		15.61		0.36111	1.9661	22.8949597146	247.5537
1 1 13			0.02		-1.44		15.3		0.36149	0.3722	52.9310122384	10.9703
6 0 12			0.02		-1.42		15.0		0.36146	0.5892	74.995462768	0.9301
0 0 20			0.0		-1.41		14.94		0.3636	0.4542	83.3712939521	4.3689
3 1 9			0.02		-1.4		14.71		0.36352	0.36	45.2950695798	8.7768
6 0 6			0.01		-1.38		14.51		0.36342	1.0815	60.1501886982	39.9969
0 6 4			-0.01		-1.4		14.68		0.36344	0.6675	57.2171401797	42.9768
3 1 15			0.02		-1.38		14.45		0.36348	0.2871	67.3554895111	7.7692
1 7 7			0.02		-1.37		14.24		0.36348	0.4353	72.3061031614	6.1143
5 1 9			0.01		-1.36		14.11		0.36335	0.4583	58.9619928854	19.0838
4 2 6			0.01		-1.35		14.04		0.36319	1.6049	46.7233273538	62.1975
2 4 6			0.0		-1.35		13.99		0.36302	0.785	46.7364348384	64.2552
0 6 12			0.02		-1.33		13.77		0.363	0.3425	75.0250979777	1.887
4 2 2			0.01		-1.32		13.66		0.363	0.457	40.8620305525	12.2524
1 5 13			0.02		-1.31		13.44		0.36306	1.1973	71.2966048402	12.6128
2 4 14			0.01		-1.29		13.25		0.36297	0.5221	70.6383718296	19.4111
1 5 9			0.01		-1.28		13.14		0.36285	0.4394	58.984264935	17.7365
2 0 6			-0.03		-1.31		13.48		0.36259	1.6278	29.1406672869	128.8477
0 6 6			0.01		-1.3		13.33		0.3625	1.0147	60.183190367	40.9583
0 2 0			-0.04		-1.34		13.84		0.3625	1.4407	17.6394681947	177.2483
1 3 15			0.01		-1.32		13.68		0.36254	0.2862	67.3623786269	8.1809
5 5 1			0.01		-1.32		13.58		0.36252	0.5073	65.769247456	23.9531
5 1 13			0.01		-1.3		13.38		0.36256	0.4567	71.2764535317	11.3258
2 0 8			0.01		-1.29		13.2		0.36254	0.1665	35.7565424018	1.5727
1 3 9			0.01		-1.28		13.04		0.36248	0.2622	45.3040218183	7.1674
4 2 10			0.01		-1.27		12.95		0.36246	1.1102	57.0442200735	11.3144
1 3 13			0.01		-1.26		12.78		0.3625	0.3907	59.4200243294	11.5335
2 6 10			-0.01		-1.26		12.87		0.36266	0.7069	72.0169435829	44.7171
5 3 9			0.0		-1.26		12.83		0.36256	0.4833	65.0662013285	20.8409
3 3 13			0.01		-1.25		12.66		0.36253	0.5636	65.4922780779	9.1158
3 1 5			-0.06		-1.31		13.54		0.36277	2.8985	34.1781376955	186.2389
0 0 12			-0.11		-1.42		15.14		0.36214	3.2426	47.0346015839	274.3783
3 7 1			0.01		-1.41		15.03		0.36214	1.2822	71.5694631273	22.2453
2 4 2			0.01		-1.4		14.94		0.36214	0.3828	40.8766170199	13.2501
3 5 9			0.01		-1.4		14.87		0.36202	0.4755	65.0802252419	19.5165
3 1 13			0.01		-1.39		14.69		0.36208	0.3869	59.4126405656	11.7895
0 0 6			-0.24		-1.63		19.37		0.36152	7.4326	23.0169618987	709.6598
3 3 1			0.0		-1.62		19.3		0.36151	0.5106	38.1558496662	33.1617
5 1 11			-0.02		-1.65		19.78		0.36158	3.2753	64.7131722767	203.727
0 0 10			-0.0		-1.65		19.78		0.36172	0.8316	38.8438017949	41.7013
0 0 18			0.01		-1.64		19.62		0.36175	0.6609	73.530655613	37.988
2 0 10			0.0		-1.64		19.55		0.36171	0.6169	42.9543880851	20.236
6 0 10			0.01		-1.63		19.38		0.36169	1.0728	69.1331306246	8.9056
0 6 10			0.01		-1.62		19.22		0.36166	0.8527	69.1637693973	8.5049
1 7 1			0.0		-1.61		19.13		0.36165	0.5219	65.7901743415	26.2984
4 2 0			0.0		-1.61		19.06		0.36165	0.9287	40.0811891304	86.5118
7 3 3			-0.0		-1.61		19.08		0.3616	1.9283	72.601334037	69.5466
0 6 14			0.01		-1.6		18.91		0.36153	0.9096	81.7552219026	27.2955
0 4 20			0.01		-1.59		18.74		0.36183	1.027	94.1654323607	18.6345
4 0 6			-0.13		-1.73		21.59		0.36146	5.3963	42.900258124	488.2208
3 5 1			0.0		-1.72		21.5		0.36145	0.5283	53.2544885252	31.9012
4 2 12			0.01		-1.71		21.3		0.36141	0.2244	63.468523569	4.7972
3 3 5			-0.02		-1.73		21.66		0.36159	1.3995	42.8396693434	151.0913
1 1 15			0.01		-1.72		21.55		0.36166	0.656	61.3839959686	20.6242