HKL Value		Reward		TotalReward	Chi Squared	Z Appr. 	Error	Two-Thetas	Sfs2
6 4 0			0.0		0.0		0.0		0.3	1.8287	67.0910631577	58.6803
1 1 7			0.0		0.0		0.01		0.33798	0.2012	29.7561292971	6.5386
3 1 7			0.74		0.74		0.01		0.33781	0.257	39.2655360855	5.205
1 3 7			0.22		0.96		0.01		0.33767	0.1893	39.2755843192	5.3372
1 5 7			0.21		1.16		0.01		0.3376	0.6035	54.1236034243	4.2528
4 6 0			-0.59		0.57		0.01		0.3376	0.7863	67.1083315067	59.4729
5 3 7			-0.22		0.35		0.02		0.33737	0.2523	60.5057581853	5.4388
7 1 7			-0.21		0.15		0.02		0.33716	0.3505	72.2660298289	5.0526
4 4 10			-0.99		-0.84		2.47		0.33419	0.6886	66.23802526	47.6672
3 5 7			0.12		-0.73		2.21		0.33442	0.2309	60.5203777188	5.6046
5 5 7			0.07		-0.66		2.07		0.33501	0.6639	72.2860687267	4.3062
1 5 13			-0.08		-0.74		2.25		0.33402	1.1973	71.2966048402	12.6128
3 3 7			0.03		-0.71		2.18		0.33471	0.1558	47.1418707618	3.5073
0 2 14			0.07		-0.64		2.05		0.33429	0.2479	58.6982494177	6.3292
2 2 8			-0.86		-1.5		14.27		0.33668	1.8488	40.1384116224	216.1995
4 2 8			0.07		-1.43		13.32		0.33666	0.7605	51.4203212226	2.5419
2 4 8			0.07		-1.36		12.48		0.33665	0.1687	51.4325245866	2.4593
3 1 11			-0.16		-1.52		14.82		0.3657	2.3814	52.0481274199	292.2152
2 0 14			0.06		-1.46		14.02		0.36541	0.2634	58.6945218607	7.3942
0 2 20			0.05		-1.41		13.35		0.36451	0.4494	86.0769303832	2.8517
6 0 2			0.05		-1.37		12.75		0.36455	0.2214	55.354768557	5.4487
0 4 18			0.05		-1.32		12.15		0.36457	0.8369	84.5238780681	17.4513
4 6 2			0.04		-1.28		11.72		0.36458	0.2349	67.657370766	5.5969
2 4 10			0.02		-1.26		11.52		0.36456	0.607	57.0555982332	12.0937
0 6 8			0.03		-1.23		11.19		0.36428	0.7694	64.1950429677	5.6946
5 5 3			-0.04		-1.28		11.7		0.36412	0.8107	66.8760743485	64.1048
0 6 2			0.03		-1.24		11.33		0.36416	0.2356	55.3895592761	6.1752
5 1 7			0.03		-1.21		10.95		0.36419	0.2609	54.1000446603	4.252
0 6 16			0.03		-1.17		10.6		0.36374	0.4825	89.3859051251	7.6515
4 6 6			0.04		-1.14		10.24		0.36368	1.1903	71.9781772466	41.9784
1 1 9			0.03		-1.11		9.91		0.36368	0.2216	37.1193146943	1.1702
2 4 12			0.03		-1.08		9.64		0.36358	0.2205	63.4791913795	4.8908
3 3 15			0.03		-1.05		9.36		0.36362	0.3402	73.0835579415	3.8877
0 2 8			0.03		-1.02		9.09		0.36357	0.1155	35.7619852008	1.7384
4 2 14			0.02		-1.0		8.89		0.36332	1.2576	70.6282605877	19.9713
6 0 6			0.02		-0.98		8.75		0.36305	1.0815	60.1501886982	39.9969
0 4 0			-0.61		-1.59		22.52		0.36305	6.137	35.7152072575	818.959
3 1 9			0.02		-1.57		21.99		0.36284	0.36	45.2950695798	8.7768
6 0 12			0.03		-1.54		21.42		0.36281	0.5892	74.995462768	0.9301
3 1 15			0.02		-1.52		20.94		0.36292	0.2871	67.3554895111	7.7692
3 3 9			0.02		-1.5		20.53		0.36264	0.3816	52.4524123761	12.0632
1 1 13			0.02		-1.47		20.03		0.36273	0.3722	52.9310122384	10.9703
1 7 7			0.02		-1.45		19.61		0.36275	0.4353	72.3061031614	6.1143
6 0 8			0.02		-1.43		19.21		0.36247	2.9234	64.163237895	5.3359
5 1 9			0.02		-1.42		18.91		0.36205	0.4583	58.9619928854	19.0838
4 2 6			0.01		-1.4		18.68		0.36155	1.6049	46.7233273538	62.1975
0 6 12			0.02		-1.38		18.28		0.36145	0.3425	75.0250979777	1.887
1 1 1			-0.01		-1.39		18.42		0.36136	0.5749	13.0194761966	56.7652
4 2 2			0.01		-1.38		18.18		0.36138	0.457	40.8620305525	12.2524
1 5 9			0.02		-1.36		17.89		0.36084	0.4394	58.984264935	17.7365
0 6 6			0.02		-1.34		17.59		0.36045	1.0147	60.183190367	40.9583
0 4 6			-0.23		-1.57		22.77		0.3583	3.7688	42.9189471786	481.9509
1 3 15			0.02		-1.55		22.41		0.35842	0.2862	67.3623786269	8.1809
5 1 13			0.02		-1.54		22.04		0.35889	0.4567	71.2764535317	11.3258
3 1 1			0.0		-1.53		21.98		0.35883	0.5239	28.3131072915	41.7464
5 5 1			0.01		-1.52		21.69		0.35877	0.5073	65.769247456	23.9531
4 0 4			-0.02		-1.54		22.21		0.35857	1.2165	39.0343929222	79.1487
3 3 13			0.02		-1.53		21.84		0.35897	0.5636	65.4922780779	9.1158
1 3 9			0.02		-1.51		21.47		0.35878	0.2622	45.3040218183	7.1674
0 2 12			0.01		-1.5		21.16		0.35821	0.3827	50.6142203783	17.5707
1 3 13			0.01		-1.48		20.85		0.35863	0.3907	59.4200243294	11.5335
3 1 5			-0.05		-1.53		21.95		0.35981	2.8985	34.1781376955	186.2389
5 3 9			0.01		-1.52		21.71		0.35924	0.4833	65.0662013285	20.8409
4 2 10			0.01		-1.51		21.46		0.35908	1.1102	57.0442200735	11.3144
1 5 5			-0.02		-1.53		21.94		0.36003	1.8923	50.2743192378	127.3636
4 4 2			-0.04		-1.57		22.9		0.36031	1.2125	52.0311030722	128.6454
1 3 5			-0.04		-1.61		23.88		0.36132	3.1323	34.189462707	190.138