HKL Value		Reward		TotalReward	Chi Squared	Z Appr. 	Error	Two-Thetas	Sfs2
6 4 0			0.0		0.0		0.0		0.3	1.8287	67.0910631577	58.6803
1 1 7			0.0		0.0		0.01		0.33798	0.2012	29.7561292971	6.5386
1 3 7			0.42		0.42		0.01		0.3377	0.1893	39.2755843192	5.3372
1 5 7			0.35		0.77		0.01		0.33759	0.6035	54.1236034243	4.2528
3 1 7			0.33		1.1		0.01		0.3376	0.257	39.2655360855	5.205
3 1 1			-1.0		0.11		3.19		0.33702	0.5239	28.3131072915	41.7464
4 2 14			-0.33		-0.22		4.73		0.3346	1.2576	70.6282605877	19.9713
7 1 1			-0.08		-0.3		5.14		0.33429	0.5207	65.7483230412	25.2044
7 3 1			0.03		-0.27		5.0		0.33405	0.5095	71.5359286583	22.1332
4 6 0			0.12		-0.15		4.45		0.33405	0.7863	67.1083315067	59.4729
3 5 7			0.11		-0.04		4.02		0.33442	0.2309	60.5203777188	5.6046
5 5 7			0.08		0.04		3.72		0.33537	0.6639	72.2860687267	4.3062
7 1 7			0.09		0.13		3.41		0.33546	0.3505	72.2660298289	5.0526
3 7 1			-0.02		0.11		3.47		0.33527	1.2822	71.5694631273	22.2453
5 3 7			0.08		0.19		3.22		0.33542	0.2523	60.5057581853	5.4388
3 3 7			0.05		0.24		3.06		0.33612	0.1558	47.1418707618	3.5073
2 0 14			0.03		0.28		2.96		0.33515	0.2634	58.6945218607	7.3942
0 2 14			0.05		0.32		2.82		0.33466	0.2479	58.6982494177	6.3292
5 5 3			-0.23		0.09		3.68		0.33465	0.8107	66.8760743485	64.1048
6 0 2			0.01		0.11		3.62		0.33464	0.2214	55.354768557	5.4487
3 5 3			-0.26		-0.15		4.88		0.33462	0.9259	54.5093201099	87.7589
2 2 10			-0.1		-0.25		5.4		0.33358	0.6429	46.7739448495	44.8949
0 4 20			0.03		-0.22		5.26		0.33459	1.027	94.1654323607	18.6345
4 2 8			0.04		-0.18		5.04		0.33471	0.7605	51.4203212226	2.5419
4 0 4			-0.21		-0.38		6.35		0.33423	1.2165	39.0343929222	79.1487
4 6 2			0.03		-0.35		6.17		0.33418	0.2349	67.657370766	5.5969
0 2 20			0.03		-0.33		6.01		0.33515	0.4494	86.0769303832	2.8517
2 4 8			0.04		-0.29		5.79		0.3352	0.1687	51.4325245866	2.4593
0 6 16			0.01		-0.28		5.71		0.33533	0.4825	89.3859051251	7.6515
0 6 8			0.03		-0.25		5.57		0.33523	0.7694	64.1950429677	5.6946
3 3 15			-0.33		-0.58		8.33		0.34152	0.3402	73.0835579415	3.8877
0 6 2			0.02		-0.56		8.16		0.34152	0.2356	55.3895592761	6.1752
2 4 12			0.26		-0.3		6.47		0.36219	0.2205	63.4791913795	4.8908
1 5 1			-0.03		-0.32		6.64		0.36216	0.4978	46.196563203	27.3004
5 1 7			0.02		-0.3		6.48		0.36217	0.2609	54.1000446603	4.252
3 3 9			0.01		-0.29		6.41		0.36191	0.3816	52.4524123761	12.0632
4 6 6			0.03		-0.26		6.23		0.36191	1.1903	71.9781772466	41.9784
1 1 9			0.03		-0.23		6.07		0.36188	0.2216	37.1193146943	1.1702
0 4 18			0.03		-0.21		5.92		0.3619	0.8369	84.5238780681	17.4513
3 1 9			0.02		-0.19		5.83		0.36169	0.36	45.2950695798	8.7768
0 2 22			-0.06		-0.25		6.18		0.36216	1.8317	96.7387030121	97.213
6 0 6			0.01		-0.24		6.1		0.36197	1.0815	60.1501886982	39.9969
5 3 3			-0.11		-0.34		6.83		0.36185	0.9351	54.4936931553	89.9375
1 1 13			0.02		-0.32		6.68		0.36197	0.3722	52.9310122384	10.9703
0 2 8			0.02		-0.3		6.53		0.36195	0.1155	35.7619852008	1.7384
6 0 12			0.02		-0.28		6.39		0.36193	0.5892	74.995462768	0.9301
1 1 11			-0.35		-0.62		9.75		0.36212	2.144	44.8525636461	378.5934
1 5 13			0.02		-0.6		9.56		0.36225	1.1973	71.2966048402	12.6128
3 1 15			0.01		-0.59		9.42		0.36232	0.2871	67.3554895111	7.7692
6 0 8			0.02		-0.57		9.27		0.36217	2.9234	64.163237895	5.3359
1 5 9			0.01		-0.56		9.19		0.36198	0.4394	58.984264935	17.7365
5 1 9			0.01		-0.55		9.12		0.36177	0.4583	58.9619928854	19.0838
4 2 6			0.0		-0.55		9.1		0.36155	1.6049	46.7233273538	62.1975
1 7 1			-0.0		-0.56		9.14		0.36153	0.5219	65.7901743415	26.2984
2 2 6			-0.42		-0.98		15.88		0.36063	8.3224	34.2684003079	615.2447
1 7 7			0.02		-0.96		15.64		0.36063	0.4353	72.3061031614	6.1143
1 3 3			-0.01		-0.97		15.78		0.36056	0.7045	30.3940112777	66.1614
1 3 15			0.01		-0.96		15.57		0.36064	0.2862	67.3623786269	8.1809
1 3 9			0.02		-0.94		15.32		0.36054	0.2622	45.3040218183	7.1674
4 2 2			0.01		-0.93		15.18		0.36054	0.457	40.8620305525	12.2524
0 2 16			0.01		-0.92		14.98		0.36084	1.8687	67.2407114996	13.8307
2 0 10			0.0		-0.92		14.94		0.36077	0.6169	42.9543880851	20.236
1 5 3			-0.01		-0.93		15.08		0.36068	0.9511	47.585042181	85.8034
0 4 14			-0.01		-0.94		15.28		0.3604	1.2337	67.7597167724	121.3788
5 1 13			0.01		-0.93		15.06		0.36055	0.4567	71.2764535317	11.3258
4 6 4			0.0		-0.92		15.03		0.36059	1.0731	69.291881243	33.3045
0 6 12			0.02		-0.91		14.81		0.36056	0.3425	75.0250979777	1.887
3 5 9			0.01		-0.9		14.69		0.36037	0.4755	65.0802252419	19.5165
5 5 1			0.01		-0.89		14.57		0.36035	0.5073	65.769247456	23.9531
1 1 15			0.0		-0.89		14.52		0.36049	0.656	61.3839959686	20.6242
0 6 6			0.01		-0.88		14.35		0.36038	1.0147	60.183190367	40.9583
2 4 2			0.01		-0.87		14.26		0.36038	0.3828	40.8766170199	13.2501
6 0 10			0.01		-0.86		14.12		0.36034	1.0728	69.1331306246	8.9056
3 3 1			0.0		-0.86		14.11		0.36032	0.5106	38.1558496662	33.1617
3 3 13			0.01		-0.85		13.93		0.36041	0.5636	65.4922780779	9.1158
0 6 14			0.01		-0.84		13.77		0.36034	0.9096	81.7552219026	27.2955
4 2 10			0.01		-0.83		13.67		0.36029	1.1102	57.0442200735	11.3144
2 2 16			-0.0		-0.83		13.7		0.36104	1.1693	70.1293332912	108.6018
1 3 13			0.01		-0.82		13.54		0.36115	0.3907	59.4200243294	11.5335
0 2 12			0.01		-0.81		13.44		0.36098	0.3827	50.6142203783	17.5707
2 0 8			0.01		-0.8		13.27		0.36097	0.1665	35.7565424018	1.5727
2 2 12			-0.07		-0.87		14.26		0.36014	1.9766	54.0147953295	208.0279
4 2 0			0.0		-0.87		14.25		0.36014	0.9287	40.0811891304	86.5118
0 6 18			0.01		-0.86		14.08		0.36014	0.7949	98.0280769063	1.8601
3 1 13			0.01		-0.84		13.93		0.36028	0.3869	59.4126405656	11.7895
5 3 9			0.01		-0.84		13.86		0.3601	0.4833	65.0662013285	20.8409
2 6 10			-0.01		-0.85		13.96		0.36028	0.7069	72.0169435829	44.7171
2 4 10			0.01		-0.84		13.87		0.36024	0.607	57.0555982332	12.0937
3 5 1			0.0		-0.84		13.86		0.36022	0.5283	53.2544885252	31.9012
4 4 8			-0.07		-0.91		14.83		0.36066	3.9407	61.1479986878	218.5721
2 4 6			0.0		-0.9		14.76		0.36049	0.785	46.7364348384	64.2552
0 2 18			0.01		-0.89		14.61		0.36049	0.3755	76.3208597895	3.7538
2 4 0			0.0		-0.89		14.6		0.36049	1.4359	40.0960076051	88.2765
4 2 12			0.01		-0.88		14.45		0.36042	0.2244	63.468523569	4.7972
6 2 10			-0.0		-0.88		14.53		0.3606	0.7103	71.9901825081	43.9921
0 2 2			-0.01		-0.89		14.65		0.3606	0.4614	19.2417464495	36.8131
0 0 18			0.01		-0.89		14.56		0.36057	0.6609	73.530655613	37.988
5 5 5			-0.01		-0.89		14.64		0.36081	1.5862	69.0631626084	104.8873
9 1 1			0.01		-0.89		14.54		0.3608	0.8793	87.9915459652	19.6393
6 0 0			0.01		-0.88		14.44		0.3608	0.7256	54.7363985401	55.434
7 3 5			-0.0		-0.88		14.46		0.36101	1.0496	74.7140851895	88.0788
0 6 0			0.01		-0.87		14.38		0.361	1.4277	54.7714555341	59.4019