HKL Value		Reward		TotalReward	Chi Squared	Z Appr. 	Error	Two-Thetas	Sfs2
6 4 0			0.0		0.0		0.0		0.3	1.8287	67.0910631577	58.6803
1 1 7			0.0		0.0		0.01		0.33798	0.2012	29.7561292971	6.5386
1 5 1			-1.0		-1.0		4.78		0.33645	0.4978	46.196563203	27.3004
1 3 7			0.5		-0.5		3.19		0.33686	0.1893	39.2755843192	5.3372
3 1 7			0.33		-0.17		2.4		0.33709	0.257	39.2655360855	5.205
1 5 7			0.25		0.08		1.92		0.33715	0.6035	54.1236034243	4.2528
7 1 7			0.2		0.28		1.6		0.33695	0.3505	72.2660298289	5.0526
5 3 11			-0.84		-0.56		10.15		0.36471	1.8677	70.5420870211	204.0714
0 6 6			0.07		-0.49		9.45		0.36217	1.0147	60.183190367	40.9583
4 6 0			0.12		-0.37		8.4		0.36217	0.7863	67.1083315067	59.4729
3 5 7			0.08		-0.28		7.75		0.36236	0.2309	60.5203777188	5.6046
5 5 7			0.09		-0.2		7.14		0.36254	0.6639	72.2860687267	4.3062
3 3 7			0.08		-0.11		6.6		0.3627	0.1558	47.1418707618	3.5073
2 0 14			0.08		-0.03		6.09		0.36271	0.2634	58.6945218607	7.3942
1 3 1			-0.14		-0.17		7.06		0.36238	0.5324	28.3265170018	42.1271
5 3 7			0.05		-0.11		6.71		0.36255	0.2523	60.5057581853	5.4388
4 6 2			0.04		-0.08		6.46		0.36261	0.2349	67.657370766	5.5969
4 2 0			-0.05		-0.13		6.83		0.36261	0.9287	40.0811891304	86.5118
1 3 11			-0.48		-0.61		13.01		0.36314	2.4293	52.0561920156	298.4303
0 2 14			0.06		-0.55		12.33		0.36326	0.2479	58.6982494177	6.3292
0 2 16			0.05		-0.5		11.72		0.3637	1.8687	67.2407114996	13.8307
0 2 20			0.05		-0.45		11.17		0.36357	0.4494	86.0769303832	2.8517
4 2 8			0.03		-0.42		10.84		0.36315	0.7605	51.4203212226	2.5419
6 0 2			0.04		-0.38		10.44		0.36318	0.2214	55.354768557	5.4487
6 0 12			0.04		-0.34		10.01		0.36315	0.5892	74.995462768	0.9301
0 6 16			0.04		-0.3		9.62		0.36293	0.4825	89.3859051251	7.6515
2 4 8			0.02		-0.27		9.39		0.36255	0.1687	51.4325245866	2.4593
2 0 2			-0.06		-0.33		10.01		0.36253	0.6502	19.2320929378	35.9547
1 1 13			0.04		-0.3		9.66		0.36263	0.3722	52.9310122384	10.9703
0 6 2			0.03		-0.27		9.39		0.36266	0.2356	55.3895592761	6.1752
3 3 13			0.03		-0.24		9.08		0.36259	0.5636	65.4922780779	9.1158
3 3 9			0.02		-0.22		8.93		0.36237	0.3816	52.4524123761	12.0632
2 0 10			-0.01		-0.23		9.06		0.36227	0.6169	42.9543880851	20.236
1 1 9			0.03		-0.2		8.79		0.36224	0.2216	37.1193146943	1.1702
1 3 13			0.03		-0.17		8.54		0.36238	0.3907	59.4200243294	11.5335
6 0 6			0.02		-0.16		8.39		0.36217	1.0815	60.1501886982	39.9969
1 3 9			0.02		-0.13		8.2		0.362	0.2622	45.3040218183	7.1674
1 7 7			0.02		-0.11		8.05		0.36202	0.4353	72.3061031614	6.1143
4 2 6			-0.0		-0.11		8.06		0.36164	1.6049	46.7233273538	62.1975
3 3 15			0.02		-0.09		7.88		0.36173	0.3402	73.0835579415	3.8877
4 6 6			0.03		-0.07		7.68		0.36173	1.1903	71.9781772466	41.9784
2 4 12			0.02		-0.05		7.52		0.36158	0.2205	63.4791913795	4.8908
3 1 15			0.01		-0.03		7.42		0.3617	0.2871	67.3554895111	7.7692
2 0 0			-0.11		-0.14		8.32		0.3617	2.02	17.6289686615	175.6782
2 2 12			-0.19		-0.33		10.25		0.35864	1.9766	54.0147953295	208.0279
1 5 13			0.02		-0.31		10.09		0.35943	1.1973	71.2966048402	12.6128
1 5 9			0.02		-0.29		9.92		0.35875	0.4394	58.984264935	17.7365
5 1 9			0.02		-0.28		9.77		0.35807	0.4583	58.9619928854	19.0838
3 1 9			0.02		-0.26		9.58		0.35778	0.36	45.2950695798	8.7768
0 6 8			0.02		-0.24		9.38		0.35766	0.7694	64.1950429677	5.6946
4 4 2			-0.14		-0.38		10.91		0.35799	1.2125	52.0311030722	128.6454
5 1 7			0.02		-0.36		10.72		0.35799	0.2609	54.1000446603	4.252
3 7 1			0.01		-0.35		10.64		0.35794	1.2822	71.5694631273	22.2453
0 4 18			0.02		-0.33		10.44		0.35788	0.8369	84.5238780681	17.4513
5 5 1			0.01		-0.33		10.35		0.35783	0.5073	65.769247456	23.9531
0 2 8			0.02		-0.31		10.16		0.35786	0.1155	35.7619852008	1.7384
5 3 9			0.01		-0.3		10.08		0.35732	0.4833	65.0662013285	20.8409
4 2 10			0.01		-0.29		9.99		0.35719	1.1102	57.0442200735	11.3144
4 2 2			0.0		-0.28		9.94		0.35719	0.457	40.8620305525	12.2524
3 3 1			-0.01		-0.29		10.0		0.35714	0.5106	38.1558496662	33.1617
7 1 3			-0.03		-0.32		10.29		0.35697	1.4031	66.8553232335	91.2915
1 3 15			0.01		-0.31		10.19		0.35697	0.2862	67.3623786269	8.1809
0 6 14			0.01		-0.3		10.05		0.35698	0.9096	81.7552219026	27.2955
1 5 3			-0.02		-0.31		10.25		0.35683	0.9511	47.585042181	85.8034
0 2 12			0.01		-0.3		10.11		0.35649	0.3827	50.6142203783	17.5707
1 7 1			-0.0		-0.3		10.12		0.35645	0.5219	65.7901743415	26.2984
2 0 8			0.02		-0.29		9.97		0.35648	0.1665	35.7565424018	1.5727
0 2 10			-0.0		-0.29		10.0		0.35637	0.4317	42.9590557724	21.0204
2 4 10			0.01		-0.28		9.93		0.35628	0.607	57.0555982332	12.0937
3 1 13			0.01		-0.27		9.85		0.35653	0.3869	59.4126405656	11.7895
4 2 14			0.01		-0.26		9.72		0.35654	1.2576	70.6282605877	19.9713
6 0 10			0.01		-0.25		9.63		0.35647	1.0728	69.1331306246	8.9056
6 0 8			0.01		-0.24		9.5		0.35643	2.9234	64.163237895	5.3359
2 4 2			0.0		-0.24		9.48		0.35643	0.3828	40.8766170199	13.2501
3 7 5			-0.02		-0.25		9.65		0.35692	1.0548	74.7470539899	89.5814
5 1 13			0.01		-0.24		9.57		0.35723	0.4567	71.2764535317	11.3258
0 6 18			0.01		-0.23		9.45		0.35721	0.7949	98.0280769063	1.8601
3 5 9			0.01		-0.22		9.38		0.35683	0.4755	65.0802252419	19.5165
1 1 15			-0.01		-0.23		9.43		0.35702	0.656	61.3839959686	20.6242
0 4 20			-0.01		-0.24		9.52		0.36016	1.027	94.1654323607	18.6345
0 0 18			0.0		-0.24		9.48		0.36009	0.6609	73.530655613	37.988
7 1 1			-0.0		-0.24		9.49		0.36006	0.5207	65.7483230412	25.2044
2 2 16			-0.01		-0.25		9.57		0.36105	1.1693	70.1293332912	108.6018
2 6 8			-0.09		-0.34		10.52		0.36153	4.3291	67.1483383839	218.3417