HKL Value		Reward		TotalReward	Chi Squared	Z Appr. 	Error	Two-Thetas	Sfs2
3 3 7			0.0		0.0		0.0		0.3	0.1558	47.1418707618	3.5073
6 4 0			0.0		0.0		0.01		0.34068	1.8287	67.0910631577	58.6803
1 1 7			-0.75		-0.75		0.05		0.3393	0.2012	29.7561292971	6.5386
4 6 0			0.07		-0.68		0.05		0.3393	0.7863	67.1083315067	59.4729
0 4 10			-0.99		-1.67		4.12		0.33264	0.9893	53.7871001638	44.1425
1 3 7			0.2		-1.47		3.45		0.33368	0.1893	39.2755843192	5.3372
7 1 7			0.19		-1.29		2.9		0.33408	0.3505	72.2660298289	5.0526
3 1 7			0.14		-1.15		2.55		0.33462	0.257	39.2655360855	5.205
6 0 0			-0.09		-1.24		2.81		0.33462	0.7256	54.7363985401	55.434
1 5 7			0.11		-1.13		2.52		0.33498	0.6035	54.1236034243	4.2528
5 5 7			0.08		-1.05		2.33		0.33555	0.6639	72.2860687267	4.3062
0 2 16			-0.18		-1.23		2.85		0.33641	1.8687	67.2407114996	13.8307
4 2 8			0.09		-1.14		2.61		0.33641	0.7605	51.4203212226	2.5419
6 0 8			0.03		-1.1		2.53		0.33591	2.9234	64.163237895	5.3359
6 0 2			-0.0		-1.11		2.54		0.33589	0.2214	55.354768557	5.4487
1 5 3			-0.3		-1.4		3.61		0.33583	0.9511	47.585042181	85.8034
4 6 2			0.03		-1.37		3.51		0.33572	0.2349	67.657370766	5.5969
6 0 6			0.02		-1.35		3.43		0.33584	1.0815	60.1501886982	39.9969
0 0 18			-0.18		-1.53		4.19		0.35171	0.6609	73.530655613	37.988
6 0 10			0.02		-1.52		4.12		0.35163	1.0728	69.1331306246	8.9056
0 6 2			0.02		-1.5		4.05		0.35169	0.2356	55.3895592761	6.1752
0 2 10			-0.07		-1.57		4.37		0.35158	0.4317	42.9590557724	21.0204
5 1 13			-0.02		-1.59		4.45		0.35184	0.4567	71.2764535317	11.3258
3 1 9			0.04		-1.55		4.29		0.35266	0.36	45.2950695798	8.7768
4 6 6			0.01		-1.54		4.24		0.35397	1.1903	71.9781772466	41.9784
5 1 7			0.03		-1.51		4.13		0.35391	0.2609	54.1000446603	4.252
3 5 9			0.03		-1.49		4.01		0.35287	0.4755	65.0802252419	19.5165
0 6 18			0.04		-1.45		3.87		0.35291	0.7949	98.0280769063	1.8601
0 6 16			0.0		-1.45		3.86		0.35262	0.4825	89.3859051251	7.6515
1 1 13			-0.02		-1.46		3.93		0.35288	0.3722	52.9310122384	10.9703
1 5 13			-0.02		-1.49		4.02		0.3534	1.1973	71.2966048402	12.6128
0 6 6			0.03		-1.45		3.9		0.35317	1.0147	60.183190367	40.9583
2 4 12			0.06		-1.4		3.68		0.36133	0.2205	63.4791913795	4.8908
1 3 13			0.03		-1.37		3.59		0.36184	0.3907	59.4200243294	11.5335
3 1 1			-0.11		-1.48		4.05		0.36176	0.5239	28.3131072915	41.7464
0 6 12			0.03		-1.46		3.94		0.36163	0.3425	75.0250979777	1.887
2 4 8			0.01		-1.45		3.9		0.36096	0.1687	51.4325245866	2.4593
4 2 2			-0.02		-1.47		3.99		0.36099	0.457	40.8620305525	12.2524
0 2 20			0.02		-1.45		3.91		0.3614	0.4494	86.0769303832	2.8517
6 2 2			-0.34		-1.79		5.95		0.36187	3.3001	58.5687226088	135.1206
5 3 7			0.02		-1.77		5.85		0.36189	0.2523	60.5057581853	5.4388
3 3 13			0.02		-1.75		5.71		0.36194	0.5636	65.4922780779	9.1158
6 0 12			0.02		-1.72		5.57		0.36192	0.5892	74.995462768	0.9301
5 5 1			-0.0		-1.73		5.59		0.36187	0.5073	65.769247456	23.9531
2 0 14			0.02		-1.7		5.46		0.36189	0.2634	58.6945218607	7.3942
6 0 4			-0.07		-1.77		5.86		0.36199	0.7069	57.1830782131	42.6751
0 4 12			-0.18		-1.95		7.14		0.35677	1.4889	60.4300914167	161.7651
4 2 6			0.01		-1.94		7.08		0.35631	1.6049	46.7233273538	62.1975
3 5 7			0.02		-1.93		6.98		0.35631	0.2309	60.5203777188	5.6046
5 1 9			0.02		-1.91		6.86		0.356	0.4583	58.9619928854	19.0838
0 2 18			0.02		-1.89		6.73		0.35586	0.3755	76.3208597895	3.7538
1 5 9			0.02		-1.87		6.61		0.35569	0.4394	58.984264935	17.7365
9 1 1			0.01		-1.87		6.57		0.35565	0.8793	87.9915459652	19.6393
4 2 14			0.02		-1.85		6.46		0.35569	1.2576	70.6282605877	19.9713
0 6 8			0.02		-1.83		6.34		0.35569	0.7694	64.1950429677	5.6946
1 7 3			-0.05		-1.88		6.7		0.35557	0.9932	66.8968211493	90.2271
1 3 15			0.01		-1.88		6.66		0.35549	0.2862	67.3623786269	8.1809
2 0 8			0.02		-1.86		6.55		0.35552	0.1665	35.7565424018	1.5727
1 1 9			0.02		-1.85		6.44		0.35571	0.2216	37.1193146943	1.1702
0 6 14			0.01		-1.83		6.37		0.35576	0.9096	81.7552219026	27.2955
3 3 9			0.02		-1.82		6.27		0.35565	0.3816	52.4524123761	12.0632
2 2 6			-0.47		-2.29		11.93		0.35471	8.3224	34.2684003079	615.2447
0 4 18			0.02		-2.28		11.75		0.3549	0.8369	84.5238780681	17.4513
1 3 9			0.02		-2.26		11.56		0.35497	0.2622	45.3040218183	7.1674
3 7 5			-0.02		-2.28		11.75		0.35527	1.0548	74.7470539899	89.5814
4 2 10			0.01		-2.27		11.65		0.35522	1.1102	57.0442200735	11.3144
0 2 14			0.01		-2.25		11.48		0.35518	0.2479	58.6982494177	6.3292
2 2 8			-0.12		-2.38		13.1		0.35591	1.8488	40.1384116224	216.1995
3 1 15			0.01		-2.37		12.96		0.35588	0.2871	67.3554895111	7.7692
0 6 10			0.01		-2.36		12.82		0.35582	0.8527	69.1637693973	8.5049
2 4 6			0.01		-2.35		12.7		0.35563	0.785	46.7364348384	64.2552
3 7 1			0.01		-2.34		12.61		0.3556	1.2822	71.5694631273	22.2453
2 6 4			-0.04		-2.38		13.1		0.3555	0.8772	60.3635846112	78.02
3 3 1			0.0		-2.38		13.1		0.35547	0.5106	38.1558496662	33.1617
2 4 10			0.01		-2.37		13.0		0.35542	0.607	57.0555982332	12.0937
1 7 7			0.01		-2.36		12.86		0.35542	0.4353	72.3061031614	6.1143
3 3 15			0.01		-2.35		12.71		0.35535	0.3402	73.0835579415	3.8877
0 4 16			-0.02		-2.36		12.91		0.35679	1.5557	75.7704700384	94.8658
2 4 2			0.0		-2.36		12.85		0.3568	0.3828	40.8766170199	13.2501
0 4 20			-0.0		-2.36		12.9		0.36034	1.027	94.1654323607	18.6345
4 0 2			-0.07		-2.43		13.84		0.36049	1.7854	36.5531212028	138.5255
7 1 1			0.0		-2.43		13.8		0.36048	0.5207	65.7483230412	25.2044
0 2 22			-0.01		-2.43		13.9		0.36102	1.8317	96.7387030121	97.213
4 6 4			0.0		-2.43		13.89		0.36106	1.0731	69.291881243	33.3045
1 1 15			0.0		-2.43		13.85		0.36119	0.656	61.3839959686	20.6242
0 0 22			0.01		-2.42		13.72		0.36138	2.2765	94.0325860765	137.6091
7 3 3			-0.01		-2.43		13.81		0.36131	1.9283	72.601334037	69.5466
6 2 10			-0.01		-2.43		13.88		0.36151	0.7103	71.9901825081	43.9921
4 2 0			0.0		-2.43		13.87		0.36151	0.9287	40.0811891304	86.5118
2 4 0			0.0		-2.43		13.87		0.36151	1.4359	40.0960076051	88.2765
5 1 1			0.0		-2.43		13.85		0.3615	0.5346	46.1701152	26.7419
5 3 9			0.0		-2.42		13.79		0.36133	0.4833	65.0662013285	20.8409
2 6 10			-0.01		-2.43		13.87		0.36153	0.7069	72.0169435829	44.7171
0 0 16			-0.0		-2.43		13.87		0.3622	1.3342	64.286058028	116.6634
3 5 1			0.0		-2.43		13.87		0.36218	0.5283	53.2544885252	31.9012
0 0 14			-0.0		-2.43		13.89		0.36197	0.8389	55.4890953336	74.9432
1 3 1			-0.0		-2.44		13.95		0.36195	0.5324	28.3265170018	42.1271
2 2 10			-0.01		-2.44		14.02		0.36213	0.6429	46.7739448495	44.8949