HKL Value		Reward		TotalReward	Chi Squared	Z Appr. 	Error	Two-Thetas	Sfs2
6 4 0			0.0		0.0		0.0		0.3	1.8287	67.0910631577	58.6803
5 1 5			0.0		0.0		16.43		0.39999	1.1901	50.2495039981	127.1383
1 1 7			0.31		0.31		12.51		0.38255	0.2012	29.7561292971	6.5386
3 1 7			0.44		0.75		8.7		0.38078	0.257	39.2655360855	5.205
1 3 7			0.31		1.06		6.64		0.37995	0.1893	39.2755843192	5.3372
1 5 7			0.24		1.3		5.37		0.37946	0.6035	54.1236034243	4.2528
4 6 0			0.2		1.5		4.48		0.37946	0.7863	67.1083315067	59.4729
7 3 5			0.09		1.59		4.12		0.38004	1.0496	74.7140851895	88.0788
3 5 7			0.14		1.72		3.62		0.3798	0.2309	60.5203777188	5.6046
7 1 7			0.12		1.85		3.22		0.37964	0.3505	72.2660298289	5.0526
4 2 8			-0.17		1.67		3.89		0.38064	0.7605	51.4203212226	2.5419
5 3 7			0.09		1.77		3.57		0.38035	0.2523	60.5057581853	5.4388
5 5 7			0.06		1.83		3.36		0.37977	0.6639	72.2860687267	4.3062
3 3 7			0.05		1.88		3.19		0.37918	0.1558	47.1418707618	3.5073
0 0 10			0.08		1.95		2.97		0.37901	0.8316	38.8438017949	41.7013
0 2 14			0.05		2.01		2.82		0.37941	0.2479	58.6982494177	6.3292
2 0 14			0.04		2.05		2.7		0.37978	0.2634	58.6945218607	7.3942
2 4 8			-0.14		1.91		3.15		0.38022	0.1687	51.4325245866	2.4593
0 2 20			-0.2		1.71		3.92		0.38279	0.4494	86.0769303832	2.8517
6 0 2			0.05		1.77		3.72		0.3828	0.2214	55.354768557	5.4487
3 3 5			-0.25		1.51		4.98		0.38297	1.3995	42.8396693434	151.0913
0 4 18			-0.29		1.22		7.02		0.366	0.8369	84.5238780681	17.4513
0 0 22			0.03		1.25		6.83		0.36566	2.2765	94.0325860765	137.6091
2 2 10			-0.05		1.2		7.22		0.36618	0.6429	46.7739448495	44.8949
4 6 2			0.03		1.22		7.03		0.36619	0.2349	67.657370766	5.5969
0 6 8			0.01		1.24		6.93		0.36595	0.7694	64.1950429677	5.6946
5 1 7			0.03		1.27		6.71		0.36597	0.2609	54.1000446603	4.252
0 6 2			0.03		1.3		6.53		0.366	0.2356	55.3895592761	6.1752
4 0 14			-0.16		1.14		7.74		0.36486	1.986	67.7459682929	124.3248
0 6 16			0.03		1.17		7.54		0.36428	0.4825	89.3859051251	7.6515
4 4 10			-0.05		1.12		7.94		0.36475	0.6886	66.23802526	47.6672
1 1 9			0.03		1.15		7.69		0.36477	0.2216	37.1193146943	1.1702
4 6 6			0.03		1.18		7.46		0.36469	1.1903	71.9781772466	41.9784
2 4 12			0.02		1.2		7.3		0.36462	0.2205	63.4791913795	4.8908
2 0 10			-0.02		1.18		7.48		0.36459	0.6169	42.9543880851	20.236
0 2 8			0.03		1.21		7.28		0.36453	0.1155	35.7619852008	1.7384
3 3 15			0.03		1.23		7.09		0.36455	0.3402	73.0835579415	3.8877
4 2 14			0.02		1.25		6.98		0.36428	1.2576	70.6282605877	19.9713
6 0 6			0.01		1.26		6.92		0.36403	1.0815	60.1501886982	39.9969
6 0 12			0.03		1.28		6.75		0.36402	0.5892	74.995462768	0.9301
3 1 9			0.01		1.3		6.67		0.36385	0.36	45.2950695798	8.7768
3 1 15			0.02		1.31		6.56		0.36393	0.2871	67.3554895111	7.7692
0 2 16			0.02		1.34		6.41		0.36402	1.8687	67.2407114996	13.8307
3 3 9			0.0		1.34		6.38		0.36384	0.3816	52.4524123761	12.0632
7 1 1			-0.01		1.32		6.48		0.36381	0.5207	65.7483230412	25.2044
1 1 13			0.02		1.35		6.33		0.36374	0.3722	52.9310122384	10.9703
1 7 7			0.01		1.36		6.24		0.36376	0.4353	72.3061031614	6.1143
6 0 8			0.01		1.37		6.18		0.36354	2.9234	64.163237895	5.3359
5 1 9			-0.0		1.37		6.2		0.36326	0.4583	58.9619928854	19.0838
0 6 12			0.02		1.39		6.09		0.36323	0.3425	75.0250979777	1.887
6 4 2			0.01		1.4		6.01		0.36323	0.2211	67.6401768609	4.8049
4 2 2			-0.0		1.4		6.03		0.36326	0.457	40.8620305525	12.2524
4 2 6			-0.01		1.38		6.1		0.3629	1.6049	46.7233273538	62.1975
1 5 9			0.0		1.39		6.09		0.36258	0.4394	58.984264935	17.7365
0 6 6			0.01		1.39		6.05		0.36231	1.0147	60.183190367	40.9583
5 1 13			0.02		1.41		5.94		0.36243	0.4567	71.2764535317	11.3258
2 2 6			-0.53		0.89		12.54		0.36078	8.3224	34.2684003079	615.2447
6 2 8			-0.1		0.79		13.92		0.3618	3.3751	67.1207225085	222.106
3 5 1			0.0		0.79		13.91		0.36176	0.5283	53.2544885252	31.9012
5 5 1			0.01		0.8		13.78		0.36173	0.5073	65.769247456	23.9531
4 2 10			0.01		0.81		13.65		0.36165	1.1102	57.0442200735	11.3144
1 3 9			0.01		0.82		13.45		0.36146	0.2622	45.3040218183	7.1674
1 5 13			0.02		0.84		13.25		0.36172	1.1973	71.2966048402	12.6128
6 4 6			0.02		0.85		13.04		0.36172	0.9247	71.9614498967	41.9809
0 6 0			0.01		0.86		12.94		0.36172	1.4277	54.7714555341	59.4019
2 6 6			-0.16		0.7		15.37		0.36054	5.383	63.2392339525	346.2148
1 3 13			0.01		0.72		15.15		0.36082	0.3907	59.4200243294	11.5335
2 0 6			-0.02		0.7		15.39		0.36016	1.6278	29.1406672869	128.8477
5 3 9			0.01		0.71		15.28		0.35977	0.4833	65.0662013285	20.8409
3 7 1			0.01		0.72		15.15		0.35973	1.2822	71.5694631273	22.2453
0 2 12			0.01		0.73		14.99		0.3593	0.3827	50.6142203783	17.5707
5 5 3			-0.01		0.72		15.1		0.35916	0.8107	66.8760743485	64.1048
1 3 15			0.01		0.73		14.94		0.35928	0.2862	67.3623786269	8.1809
3 5 9			0.01		0.74		14.82		0.35891	0.4755	65.0802252419	19.5165
3 3 1			0.0		0.74		14.8		0.35886	0.5106	38.1558496662	33.1617
6 0 10			0.01		0.75		14.65		0.35877	1.0728	69.1331306246	8.9056
1 7 1			0.0		0.75		14.6		0.35873	0.5219	65.7901743415	26.2984
3 3 13			0.01		0.77		14.43		0.35896	0.5636	65.4922780779	9.1158
0 6 14			0.01		0.78		14.27		0.3589	0.9096	81.7552219026	27.2955
3 1 13			0.01		0.79		14.12		0.35921	0.3869	59.4126405656	11.7895
0 0 6			-0.25		0.54		18.87		0.35778	7.4326	23.0169618987	709.6598
2 0 8			0.01		0.55		18.64		0.35779	0.1665	35.7565424018	1.5727
4 2 0			0.0		0.55		18.57		0.35779	0.9287	40.0811891304	86.5118
2 4 2			0.01		0.56		18.44		0.35779	0.3828	40.8766170199	13.2501
5 3 1			0.0		0.56		18.38		0.35777	0.5252	53.2386121167	32.835
0 4 20			0.0		0.56		18.36		0.35988	1.027	94.1654323607	18.6345
0 0 12			-0.06		0.5		19.57		0.35867	3.2426	47.0346015839	274.3783
4 2 12			0.01		0.51		19.35		0.35863	0.2244	63.468523569	4.7972
2 4 10			0.01		0.52		19.2		0.35857	0.607	57.0555982332	12.0937
1 1 15			0.0		0.52		19.12		0.3587	0.656	61.3839959686	20.6242
2 4 6			0.01		0.53		18.98		0.35853	0.785	46.7364348384	64.2552
4 4 6			-0.09		0.44		20.86		0.3579	4.3817	57.0116572758	400.3855
4 6 4			0.0		0.45		20.79		0.35795	1.0731	69.291881243	33.3045
2 6 4			-0.01		0.43		21.09		0.35788	0.8772	60.3635846112	78.02
4 4 2			-0.03		0.4		21.78		0.35798	1.2125	52.0311030722	128.6454
2 6 10			-0.0		0.4		21.8		0.35812	0.7069	72.0169435829	44.7171