HKL Value		Reward		TotalReward	Chi Squared	Z Appr. 	Error	Two-Thetas	Sfs2
6 2 6			0.0		0.0		0.0		0.3	3.9921	63.2107357729	344.5633
6 4 0			0.0		0.0		122.06		0.33332	1.8287	67.0910631577	58.6803
1 3 7			0.99		0.99		61.23		0.33487	0.1893	39.2755843192	5.3372
1 1 7			0.5		1.49		40.91		0.33567	0.2012	29.7561292971	6.5386
3 1 7			0.33		1.82		30.71		0.33603	0.257	39.2655360855	5.205
1 5 7			0.25		2.07		24.58		0.33622	0.6035	54.1236034243	4.2528
4 6 0			0.2		2.27		20.49		0.33622	0.7863	67.1083315067	59.4729
3 5 7			0.17		2.44		17.56		0.3362	0.2309	60.5203777188	5.6046
5 3 7			0.14		2.58		15.37		0.33623	0.2523	60.5057581853	5.4388
0 0 18			-0.09		2.49		16.85		0.34996	0.6609	73.530655613	37.988
7 1 7			0.1		2.59		15.32		0.34992	0.3505	72.2660298289	5.0526
5 5 7			0.09		2.69		14.01		0.34987	0.6639	72.2860687267	4.3062
3 3 7			0.09		2.77		12.89		0.34983	0.1558	47.1418707618	3.5073
1 5 11			-0.3		2.47		18.37		0.3531	1.8219	64.7342781598	204.7444
0 2 10			0.03		2.5		17.84		0.3529	0.4317	42.9590557724	21.0204
0 2 14			0.07		2.57		16.67		0.35266	0.2479	58.6982494177	6.3292
0 4 6			-0.48		2.1		31.78		0.3507	3.7688	42.9189471786	481.9509
2 0 14			0.06		2.16		29.92		0.35076	0.2634	58.6945218607	7.3942
0 2 20			0.06		2.22		28.31		0.35084	0.4494	86.0769303832	2.8517
6 2 10			0.0		2.22		28.2		0.35089	0.7103	71.9901825081	43.9921
4 2 8			0.05		2.27		26.81		0.351	0.7605	51.4203212226	2.5419
6 0 2			0.05		2.32		25.65		0.35103	0.2214	55.354768557	5.4487
2 4 8			0.05		2.37		24.49		0.35113	0.1687	51.4325245866	2.4593
4 6 2			0.04		2.41		23.55		0.35111	0.2349	67.657370766	5.5969
0 6 8			0.04		2.45		22.6		0.35132	0.7694	64.1950429677	5.6946
0 6 16			0.04		2.48		21.82		0.351	0.4825	89.3859051251	7.6515
0 6 2			0.03		2.52		21.09		0.35103	0.2356	55.3895592761	6.1752
5 1 7			0.04		2.56		20.36		0.351	0.2609	54.1000446603	4.252
0 4 18			0.03		2.58		19.86		0.35307	0.8369	84.5238780681	17.4513
2 4 12			0.03		2.61		19.31		0.35403	0.2205	63.4791913795	4.8908
4 6 6			0.03		2.64		18.75		0.35428	1.1903	71.9781772466	41.9784
4 2 14			0.03		2.67		18.17		0.35438	1.2576	70.6282605877	19.9713
1 3 9			0.03		2.7		17.62		0.35455	0.2622	45.3040218183	7.1674
1 1 9			0.03		2.73		17.12		0.35485	0.2216	37.1193146943	1.1702
6 0 6			0.03		2.76		16.62		0.35478	1.0815	60.1501886982	39.9969
0 4 20			-0.02		2.74		17.02		0.35987	1.027	94.1654323607	18.6345
3 3 15			0.03		2.76		16.59		0.35993	0.3402	73.0835579415	3.8877
0 2 8			0.03		2.79		16.14		0.35994	0.1155	35.7619852008	1.7384
0 2 0			-0.05		2.74		16.96		0.35995	1.4407	17.6394681947	177.2483
3 3 9			0.02		2.76		16.59		0.3597	0.3816	52.4524123761	12.0632
1 1 13			0.02		2.79		16.22		0.35998	0.3722	52.9310122384	10.9703
6 0 8			0.02		2.81		15.85		0.35981	2.9234	64.163237895	5.3359
6 0 12			0.02		2.84		15.47		0.35985	0.5892	74.995462768	0.9301
3 1 9			0.02		2.86		15.15		0.35969	0.36	45.2950695798	8.7768
3 1 15			0.02		2.87		14.89		0.35979	0.2871	67.3554895111	7.7692
1 7 7			0.02		2.89		14.61		0.3598	0.4353	72.3061031614	6.1143
0 6 4			-0.01		2.88		14.81		0.35988	0.6675	57.2171401797	42.9768
1 5 13			0.02		2.9		14.54		0.36016	1.1973	71.2966048402	12.6128
5 1 9			0.02		2.91		14.32		0.35987	0.4583	58.9619928854	19.0838
4 2 0			0.0		2.92		14.29		0.35987	0.9287	40.0811891304	86.5118
4 2 6			0.01		2.93		14.14		0.35959	1.6049	46.7233273538	62.1975
2 2 4			-0.05		2.88		14.84		0.3595	0.7551	29.4672289371	73.6026
4 2 2			0.01		2.89		14.69		0.35951	0.457	40.8620305525	12.2524
1 3 15			0.01		2.9		14.49		0.35962	0.2862	67.3623786269	8.1809
0 6 12			0.02		2.92		14.22		0.35959	0.3425	75.0250979777	1.887
1 5 9			0.01		2.94		14.01		0.35934	0.4394	58.984264935	17.7365
2 0 6			-0.02		2.92		14.28		0.35885	1.6278	29.1406672869	128.8477
0 6 6			0.02		2.93		14.06		0.35872	1.0147	60.183190367	40.9583
2 0 10			0.0		2.94		14.03		0.35862	0.6169	42.9543880851	20.236
5 5 1			0.01		2.95		13.89		0.35859	0.5073	65.769247456	23.9531
6 0 10			0.01		2.96		13.72		0.35852	1.0728	69.1331306246	8.9056
5 1 13			0.01		2.97		13.54		0.35874	0.4567	71.2764535317	11.3258
1 1 15			0.0		2.97		13.52		0.35895	0.656	61.3839959686	20.6242
1 3 13			0.01		2.99		13.34		0.35919	0.3907	59.4200243294	11.5335
0 2 12			0.01		3.0		13.19		0.35888	0.3827	50.6142203783	17.5707
4 2 10			0.01		3.01		13.07		0.3588	1.1102	57.0442200735	11.3144
3 3 13			0.01		3.02		12.89		0.35897	0.5636	65.4922780779	9.1158
3 7 1			0.01		3.03		12.8		0.35897	1.2822	71.5694631273	22.2453
2 4 2			0.01		3.03		12.73		0.35897	0.3828	40.8766170199	13.2501
3 3 1			-0.0		3.03		12.73		0.35894	0.5106	38.1558496662	33.1617
1 7 1			0.0		3.04		12.71		0.35891	0.5219	65.7901743415	26.2984
3 5 9			0.01		3.04		12.61		0.35864	0.4755	65.0802252419	19.5165
5 3 9			0.01		3.05		12.52		0.35835	0.4833	65.0662013285	20.8409
0 6 14			0.01		3.06		12.37		0.35831	0.9096	81.7552219026	27.2955
3 5 1			-0.0		3.06		12.38		0.35828	0.5283	53.2544885252	31.9012
0 6 18			0.01		3.08		12.22		0.35828	0.7949	98.0280769063	1.8601
2 0 8			0.01		3.09		12.06		0.35828	0.1665	35.7565424018	1.5727
2 4 6			0.01		3.09		11.99		0.35807	0.785	46.7364348384	64.2552
3 1 13			0.01		3.1		11.88		0.35828	0.3869	59.4126405656	11.7895
6 0 4			-0.01		3.09		12.03		0.35834	0.7069	57.1830782131	42.6751
0 2 16			0.01		3.1		11.95		0.35869	1.8687	67.2407114996	13.8307
2 4 10			0.01		3.1		11.88		0.35862	0.607	57.0555982332	12.0937
0 4 4			-0.04		3.07		12.34		0.35852	0.8482	39.0545896029	78.0016
4 2 12			0.01		3.08		12.19		0.35848	0.2244	63.468523569	4.7972
2 6 10			-0.01		3.07		12.33		0.3587	0.7069	72.0169435829	44.7171
4 6 4			-0.0		3.07		12.34		0.35877	1.0731	69.291881243	33.3045
2 2 16			-0.01		3.06		12.45		0.36	1.1693	70.1293332912	108.6018