HKL Value		Reward		TotalReward	Chi Squared	Z Appr. 	Error	Two-Thetas	Sfs2
6 4 0			0.0		0.0		0.0		0.3	1.8287	67.0910631577	58.6803
1 3 7			0.0		0.0		0.01		0.33738	0.1893	39.2755843192	5.3372
1 1 7			0.42		0.42		0.01		0.3377	0.2012	29.7561292971	6.5386
3 7 1			-0.99		-0.57		1.45		0.33699	1.2822	71.5694631273	22.2453
3 1 7			0.33		-0.24		1.09		0.33718	0.257	39.2655360855	5.205
1 5 7			0.25		0.01		0.87		0.33722	0.6035	54.1236034243	4.2528
4 6 0			0.19		0.2		0.73		0.33722	0.7863	67.1083315067	59.4729
7 1 7			0.16		0.35		0.63		0.33701	0.3505	72.2660298289	5.0526
2 4 8			0.14		0.49		0.56		0.33693	0.1687	51.4325245866	2.4593
0 0 8			-0.95		-0.46		11.47		0.37672	2.1948	30.8548203523	183.9052
0 4 20			0.01		-0.45		11.35		0.37859	1.027	94.1654323607	18.6345
3 5 3			-0.15		-0.6		13.39		0.36405	0.9259	54.5093201099	87.7589
3 5 7			0.08		-0.52		12.42		0.36413	0.2309	60.5203777188	5.6046
5 5 7			0.08		-0.44		11.53		0.36421	0.6639	72.2860687267	4.3062
7 3 3			-0.06		-0.51		12.29		0.36382	1.9283	72.601334037	69.5466
3 3 7			0.07		-0.44		11.51		0.36388	0.1558	47.1418707618	3.5073
5 3 7			0.06		-0.38		10.9		0.36395	0.2523	60.5057581853	5.4388
0 2 20			0.06		-0.32		10.26		0.36369	0.4494	86.0769303832	2.8517
0 2 14			0.06		-0.26		9.69		0.36371	0.2479	58.6982494177	6.3292
2 0 14			0.06		-0.21		9.18		0.36366	0.2634	58.6945218607	7.3942
4 6 2			0.04		-0.17		8.86		0.36367	0.2349	67.657370766	5.5969
5 1 5			-0.16		-0.33		10.58		0.36434	1.1901	50.2495039981	127.1383
2 4 12			0.04		-0.29		10.19		0.36425	0.2205	63.4791913795	4.8908
6 0 2			0.04		-0.26		9.81		0.36428	0.2214	55.354768557	5.4487
4 2 8			0.02		-0.23		9.6		0.36387	0.7605	51.4203212226	2.5419
0 6 16			0.04		-0.19		9.24		0.36351	0.4825	89.3859051251	7.6515
1 7 1			-0.01		-0.2		9.32		0.36348	0.5219	65.7901743415	26.2984
0 6 2			0.03		-0.17		9.05		0.36351	0.2356	55.3895592761	6.1752
3 3 9			0.02		-0.16		8.9		0.3633	0.3816	52.4524123761	12.0632
6 0 12			0.04		-0.12		8.6		0.36327	0.5892	74.995462768	0.9301
1 3 11			-0.3		-0.42		12.25		0.36332	2.4293	52.0561920156	298.4303
6 0 6			0.02		-0.4		11.98		0.3631	1.0815	60.1501886982	39.9969
3 3 15			0.03		-0.37		11.63		0.36315	0.3402	73.0835579415	3.8877
2 0 16			0.03		-0.34		11.28		0.36323	0.5935	67.2372591268	11.8907
1 5 9			0.01		-0.32		11.12		0.36299	0.4394	58.984264935	17.7365
5 5 1			0.01		-0.31		10.98		0.36297	0.5073	65.769247456	23.9531
4 6 6			0.03		-0.28		10.68		0.36294	1.1903	71.9781772466	41.9784
5 1 9			0.01		-0.27		10.57		0.3627	0.4583	58.9619928854	19.0838
1 1 9			0.03		-0.24		10.3		0.36268	0.2216	37.1193146943	1.1702
0 6 8			0.02		-0.22		10.09		0.36251	0.7694	64.1950429677	5.6946
2 0 12			0.01		-0.21		9.99		0.36227	0.8079	50.6101057273	16.6151
2 4 10			0.01		-0.21		9.92		0.36221	0.607	57.0555982332	12.0937
3 1 15			0.02		-0.19		9.75		0.3623	0.2871	67.3554895111	7.7692
2 2 10			-0.02		-0.21		10.0		0.36264	0.6429	46.7739448495	44.8949
0 6 10			0.01		-0.2		9.88		0.3626	0.8527	69.1637693973	8.5049
1 1 13			0.02		-0.18		9.66		0.36266	0.3722	52.9310122384	10.9703
1 5 13			0.02		-0.16		9.45		0.36277	1.1973	71.2966048402	12.6128
6 4 6			0.02		-0.13		9.25		0.36275	0.9247	71.9614498967	41.9809
0 0 12			-0.22		-0.36		11.94		0.36141	3.2426	47.0346015839	274.3783
3 1 9			0.02		-0.34		11.74		0.36125	0.36	45.2950695798	8.7768
5 1 7			0.02		-0.32		11.53		0.36125	0.2609	54.1000446603	4.252
4 2 6			0.01		-0.32		11.46		0.36098	1.6049	46.7233273538	62.1975
0 2 8			0.02		-0.3		11.24		0.36097	0.1155	35.7619852008	1.7384
1 3 15			0.01		-0.29		11.09		0.36106	0.2862	67.3623786269	8.1809
2 6 8			-0.11		-0.4		12.51		0.36172	4.3291	67.1483383839	218.3417
4 2 2			0.01		-0.39		12.42		0.36173	0.457	40.8620305525	12.2524
2 0 10			-0.0		-0.39		12.42		0.36166	0.6169	42.9543880851	20.236
0 6 14			0.01		-0.38		12.26		0.36151	0.9096	81.7552219026	27.2955
6 2 6			-0.18		-0.56		14.96		0.36068	3.9921	63.2107357729	344.5633
0 2 12			0.01		-0.55		14.79		0.36038	0.3827	50.6142203783	17.5707
0 4 18			0.02		-0.53		14.55		0.36037	0.8369	84.5238780681	17.4513
6 0 8			0.02		-0.52		14.33		0.36022	2.9234	64.163237895	5.3359
4 2 14			0.02		-0.5		14.12		0.36015	1.2576	70.6282605877	19.9713
1 7 7			0.01		-0.49		13.93		0.36015	0.4353	72.3061031614	6.1143
3 3 1			0.0		-0.49		13.93		0.36013	0.5106	38.1558496662	33.1617
5 1 13			0.01		-0.47		13.73		0.36033	0.4567	71.2764535317	11.3258
3 5 9			0.01		-0.47		13.63		0.36008	0.4755	65.0802252419	19.5165
2 4 2			0.01		-0.46		13.54		0.36008	0.3828	40.8766170199	13.2501
0 6 18			0.01		-0.44		13.35		0.36008	0.7949	98.0280769063	1.8601
3 1 3			-0.01		-0.46		13.51		0.36	1.2003	30.3814370344	67.5761
1 1 15			0.0		-0.45		13.48		0.36019	0.656	61.3839959686	20.6242
0 6 12			0.01		-0.44		13.29		0.36015	0.3425	75.0250979777	1.887
3 7 5			-0.0		-0.44		13.35		0.36046	1.0548	74.7470539899	89.5814
2 2 8			-0.09		-0.53		14.62		0.36105	1.8488	40.1384116224	216.1995
4 4 12			-0.02		-0.55		14.94		0.36015	1.9475	72.2035773977	130.2426