HKL Value		Reward		TotalReward	Chi Squared	Z Appr. 	Error	Two-Thetas	Sfs2
6 4 0			0.0		0.0		0.0		0.3	1.8287	67.0910631577	58.6803
1 3 7			0.0		0.0		0.01		0.33738	0.1893	39.2755843192	5.3372
0 0 20			-0.96		-0.96		0.34		0.33362	0.4542	83.3712939521	4.3689
3 1 13			-0.67		-1.63		1.05		0.3325	0.3869	59.4126405656	11.7895
5 3 9			-0.5		-2.13		2.08		0.33227	0.4833	65.0662013285	20.8409
1 1 7			0.09		-2.04		1.91		0.33325	0.2012	29.7561292971	6.5386
3 1 7			0.12		-1.93		1.71		0.33367	0.257	39.2655360855	5.205
1 5 7			0.11		-1.81		1.53		0.33393	0.6035	54.1236034243	4.2528
3 5 7			0.12		-1.69		1.37		0.33405	0.2309	60.5203777188	5.6046
7 1 7			0.11		-1.58		1.23		0.33415	0.3505	72.2660298289	5.0526
4 6 0			0.11		-1.47		1.11		0.33415	0.7863	67.1083315067	59.4729
5 3 5			-0.88		-2.35		9.13		0.33479	2.2247	56.9473208346	134.0256
5 5 7			0.08		-2.27		8.43		0.33499	0.6639	72.2860687267	4.3062
3 3 7			0.07		-2.19		7.87		0.33519	0.1558	47.1418707618	3.5073
5 3 7			0.08		-2.12		7.31		0.33523	0.2523	60.5057581853	5.4388
0 2 20			0.06		-2.05		6.87		0.33559	0.4494	86.0769303832	2.8517
2 4 12			-0.58		-2.64		16.48		0.33772	0.2205	63.4791913795	4.8908
0 2 14			0.05		-2.58		15.64		0.33753	0.2479	58.6982494177	6.3292
2 0 14			0.05		-2.54		14.92		0.3373	0.2634	58.6945218607	7.3942
1 1 11			-0.47		-3.01		28.29		0.33908	2.144	44.8525636461	378.5934
1 1 13			0.04		-2.97		27.15		0.33901	0.3722	52.9310122384	10.9703
0 4 0			-0.46		-3.42		49.89		0.33901	6.137	35.7152072575	818.959
4 6 2			0.05		-3.38		47.72		0.33899	0.2349	67.657370766	5.5969
6 0 2			0.04		-3.33		45.76		0.33899	0.2214	55.354768557	5.4487
4 2 8			0.04		-3.29		43.86		0.33894	0.7605	51.4203212226	2.5419
1 7 1			0.03		-3.26		42.46		0.33891	0.5219	65.7901743415	26.2984
0 6 16			0.04		-3.22		40.9		0.33903	0.4825	89.3859051251	7.6515
2 4 8			0.04		-3.18		39.39		0.33899	0.1687	51.4325245866	2.4593
0 6 2			0.03		-3.15		38.1		0.33899	0.2356	55.3895592761	6.1752
0 2 22			-0.04		-3.18		39.55		0.33899	1.8317	96.7387030121	97.213
3 3 9			0.02		-3.16		38.73		0.33939	0.3816	52.4524123761	12.0632
6 0 6			0.03		-3.13		37.54		0.33944	1.0815	60.1501886982	39.9969
0 0 4			0.0		-3.13		37.42		0.33927	0.8482	15.2869714585	59.1035
3 3 15			-0.01		-3.14		37.96		0.34221	0.3402	73.0835579415	3.8877
1 5 9			0.02		-3.12		37.14		0.34256	0.4394	58.984264935	17.7365
5 5 1			0.03		-3.09		36.21		0.34255	0.5073	65.769247456	23.9531
6 0 12			0.53		-2.56		23.62		0.36379	0.5892	74.995462768	0.9301
3 1 9			0.02		-2.54		23.07		0.36372	0.36	45.2950695798	8.7768
4 6 6			0.03		-2.51		22.47		0.36369	1.1903	71.9781772466	41.9784
5 1 9			0.02		-2.49		22.08		0.36357	0.4583	58.9619928854	19.0838
0 6 18			0.02		-2.47		21.54		0.36357	0.7949	98.0280769063	1.8601
2 4 4			-0.02		-2.49		21.97		0.3636	0.8182	43.1484985256	64.6996
1 1 9			0.02		-2.46		21.45		0.3636	0.2216	37.1193146943	1.1702
0 6 8			0.02		-2.44		21.02		0.36349	0.7694	64.1950429677	5.6946
3 1 15			0.02		-2.42		20.6		0.36353	0.2871	67.3554895111	7.7692
1 5 13			0.02		-2.4		20.14		0.36355	1.1973	71.2966048402	12.6128
5 1 7			0.02		-2.38		19.73		0.36355	0.2609	54.1000446603	4.252
2 0 0			-0.03		-2.41		20.3		0.36355	2.02	17.6289686615	175.6782
4 2 6			0.01		-2.4		20.09		0.36341	1.6049	46.7233273538	62.1975
3 7 1			0.01		-2.38		19.81		0.36339	1.2822	71.5694631273	22.2453
0 2 8			0.02		-2.36		19.42		0.36337	0.1155	35.7619852008	1.7384
7 3 1			0.01		-2.35		19.17		0.36336	0.5095	71.5359286583	22.1332
4 2 10			0.01		-2.34		18.93		0.36334	1.1102	57.0442200735	11.3144
6 2 8			-0.06		-2.4		20.2		0.36362	3.3751	67.1207225085	222.106
2 0 10			0.01		-2.39		20.07		0.3636	0.6169	42.9543880851	20.236
0 2 0			-0.02		-2.42		20.57		0.3636	1.4407	17.6394681947	177.2483
4 2 2			0.01		-2.4		20.33		0.36361	0.457	40.8620305525	12.2524
4 4 4			-0.03		-2.43		20.88		0.36358	0.8476	53.9354251327	76.9211
5 5 5			0.0		-2.43		20.83		0.36374	1.5862	69.0631626084	104.8873
0 2 4			-0.04		-2.47		21.71		0.36378	1.326	23.4223631322	110.0283
1 3 15			0.01		-2.45		21.4		0.36381	0.2862	67.3623786269	8.1809
0 6 14			0.01		-2.44		21.12		0.36369	0.9096	81.7552219026	27.2955
2 2 12			-0.06		-2.5		22.49		0.36316	1.9766	54.0147953295	208.0279
0 2 12			0.01		-2.49		22.26		0.36304	0.3827	50.6142203783	17.5707
0 4 18			0.02		-2.48		21.91		0.36306	0.8369	84.5238780681	17.4513
6 0 8			0.01		-2.46		21.62		0.36296	2.9234	64.163237895	5.3359
6 2 0			-0.15		-2.62		25.57		0.36295	4.3933	57.9728440251	566.5186
0 6 12			0.01		-2.6		25.19		0.36294	0.3425	75.0250979777	1.887
4 2 14			0.01		-2.59		24.85		0.36286	1.2576	70.6282605877	19.9713
6 0 0			0.01		-2.58		24.56		0.36286	0.7256	54.7363985401	55.434
3 3 1			0.01		-2.57		24.41		0.36285	0.5106	38.1558496662	33.1617
1 7 7			0.01		-2.56		24.1		0.36285	0.4353	72.3061031614	6.1143
5 1 13			0.01		-2.54		23.76		0.36288	0.4567	71.2764535317	11.3258
6 0 10			0.01		-2.53		23.5		0.36286	1.0728	69.1331306246	8.9056
3 5 9			0.01		-2.52		23.31		0.36275	0.4755	65.0802252419	19.5165
2 4 2			0.01		-2.52		23.1		0.36276	0.3828	40.8766170199	13.2501
1 1 15			0.01		-2.51		22.93		0.36283	0.656	61.3839959686	20.6242
4 0 12			-0.03		-2.54		23.61		0.36234	2.7435	60.4154589103	161.2613
0 0 14			0.0		-2.53		23.52		0.36215	0.8389	55.4890953336	74.9432
4 4 12			-0.01		-2.54		23.78		0.36171	1.9475	72.2035773977	130.2426
3 7 5			0.0		-2.54		23.67		0.36186	1.0548	74.7470539899	89.5814
3 3 13			0.01		-2.53		23.38		0.36186	0.5636	65.4922780779	9.1158
1 7 3			-0.0		-2.53		23.44		0.36182	0.9932	66.8968211493	90.2271
3 5 1			0.01		-2.52		23.32		0.3618	0.5283	53.2544885252	31.9012
1 3 13			0.01		-2.51		23.05		0.36186	0.3907	59.4200243294	11.5335
2 4 10			0.01		-2.5		22.86		0.36184	0.607	57.0555982332	12.0937
1 3 9			0.01		-2.49		22.61		0.36178	0.2622	45.3040218183	7.1674
2 6 6			-0.07		-2.56		24.33		0.36141	5.383	63.2392339525	346.2148
0 6 6			0.01		-2.55		24.09		0.36133	1.0147	60.183190367	40.9583
2 2 16			0.01		-2.55		23.96		0.36177	1.1693	70.1293332912	108.6018
0 4 20			0.01		-2.54		23.71		0.362	1.027	94.1654323607	18.6345
3 5 3			-0.01		-2.54		23.83		0.36196	0.9259	54.5093201099	87.7589
0 2 16			0.01		-2.53		23.59		0.36205	1.8687	67.2407114996	13.8307
5 5 3			0.0		-2.53		23.59		0.36202	0.8107	66.8760743485	64.1048
9 1 1			0.01		-2.52		23.39		0.36202	0.8793	87.9915459652	19.6393
7 1 1			0.01		-2.52		23.25		0.36201	0.5207	65.7483230412	25.2044
0 2 2			-0.0		-2.52		23.29		0.362	0.4614	19.2417464495	36.8131
4 6 4			0.0		-2.51		23.18		0.36202	1.0731	69.291881243	33.3045
2 0 2			-0.0		-2.52		23.21		0.36201	0.6502	19.2320929378	35.9547
2 4 6			0.01		-2.51		23.08		0.36191	0.785	46.7364348384	64.2552
2 0 4			-0.02		-2.53		23.57		0.36194	1.3874	23.4143586184	109.347
4 2 0			0.0		-2.53		23.46		0.36194	0.9287	40.0811891304	86.5118