HKL Value		Reward		TotalReward	Chi Squared	Z Appr. 	Error	Two-Thetas	Sfs2
6 4 0			0.0		0.0		0.0		0.3	1.8287	67.0910631577	58.6803
1 3 7			0.0		0.0		0.01		0.33738	0.1893	39.2755843192	5.3372
1 1 7			0.42		0.42		0.01		0.3377	0.2012	29.7561292971	6.5386
3 1 7			0.49		0.91		0.01		0.33767	0.257	39.2655360855	5.205
0 6 14			-1.0		-0.09		1.73		0.35714	0.9096	81.7552219026	27.2955
1 5 7			0.03		-0.05		1.67		0.35714	0.6035	54.1236034243	4.2528
6 0 12			0.16		0.11		1.44		0.35969	0.5892	74.995462768	0.9301
4 6 0			0.16		0.27		1.24		0.35969	0.7863	67.1083315067	59.4729
3 1 5			-0.86		-0.59		9.05		0.38144	2.8985	34.1781376955	186.2389
2 4 2			0.04		-0.55		8.7		0.38166	0.3828	40.8766170199	13.2501
2 0 16			0.06		-0.49		8.18		0.38362	0.5935	67.2372591268	11.8907
3 5 7			0.08		-0.41		7.56		0.38321	0.2309	60.5203777188	5.6046
2 6 4			-0.32		-0.73		11.19		0.3833	0.8772	60.3635846112	78.02
5 3 7			0.07		-0.66		10.44		0.38292	0.2523	60.5057581853	5.4388
5 5 7			0.05		-0.61		9.9		0.38232	0.6639	72.2860687267	4.3062
7 1 7			0.07		-0.54		9.29		0.38207	0.3505	72.2660298289	5.0526
3 3 7			0.04		-0.5		8.89		0.38149	0.1558	47.1418707618	3.5073
2 0 14			0.06		-0.43		8.38		0.3816	0.2634	58.6945218607	7.3942
0 2 14			0.06		-0.37		7.91		0.38159	0.2479	58.6982494177	6.3292
6 0 2			0.05		-0.32		7.51		0.38161	0.2214	55.354768557	5.4487
4 2 8			-0.01		-0.33		7.56		0.38198	0.7605	51.4203212226	2.5419
5 5 1			-0.0		-0.33		7.58		0.38195	0.5073	65.769247456	23.9531
4 6 2			0.04		-0.29		7.31		0.38198	0.2349	67.657370766	5.5969
2 4 8			-0.01		-0.3		7.37		0.38235	0.1687	51.4325245866	2.4593
0 2 20			-0.0		-0.3		7.38		0.38372	0.4494	86.0769303832	2.8517
0 6 8			0.01		-0.29		7.28		0.38385	0.7694	64.1950429677	5.6946
0 6 16			0.01		-0.27		7.17		0.38432	0.4825	89.3859051251	7.6515
2 4 12			0.03		-0.25		6.99		0.38434	0.2205	63.4791913795	4.8908
0 6 2			0.04		-0.21		6.75		0.38435	0.2356	55.3895592761	6.1752
0 4 18			0.09		-0.13		6.21		0.36255	0.8369	84.5238780681	17.4513
2 4 6			-0.02		-0.15		6.34		0.36181	0.785	46.7364348384	64.2552
3 3 15			0.03		-0.12		6.17		0.36197	0.3402	73.0835579415	3.8877
5 1 7			0.03		-0.09		6.02		0.36199	0.2609	54.1000446603	4.252
1 5 1			-0.03		-0.12		6.2		0.36193	0.4978	46.196563203	27.3004
0 4 16			0.01		-0.11		6.14		0.3631	1.5557	75.7704700384	94.8658
0 4 2			-0.27		-0.39		8.43		0.36331	3.2657	36.5744795411	137.7475
1 1 9			0.03		-0.36		8.2		0.36331	0.2216	37.1193146943	1.1702
4 6 6			0.03		-0.33		7.98		0.36326	1.1903	71.9781772466	41.9784
4 2 14			0.02		-0.31		7.83		0.36305	1.2576	70.6282605877	19.9713
6 0 6			0.01		-0.3		7.73		0.36281	1.0815	60.1501886982	39.9969
0 2 8			0.03		-0.27		7.54		0.36277	0.1155	35.7619852008	1.7384
3 3 9			0.01		-0.26		7.46		0.36253	0.3816	52.4524123761	12.0632
7 1 1			-0.01		-0.27		7.53		0.3625	0.5207	65.7483230412	25.2044
1 1 13			0.02		-0.25		7.36		0.36259	0.3722	52.9310122384	10.9703
1 5 13			0.02		-0.23		7.2		0.36273	1.1973	71.2966048402	12.6128
3 1 9			0.01		-0.21		7.1		0.36258	0.36	45.2950695798	8.7768
5 3 9			-0.01		-0.22		7.16		0.36229	0.4833	65.0662013285	20.8409
6 0 8			0.01		-0.21		7.06		0.36205	2.9234	64.163237895	5.3359
3 1 15			0.01		-0.19		6.97		0.36215	0.2871	67.3554895111	7.7692
1 7 7			0.01		-0.18		6.88		0.36217	0.4353	72.3061031614	6.1143
4 2 6			-0.01		-0.19		6.92		0.36181	1.6049	46.7233273538	62.1975
5 1 9			0.0		-0.18		6.89		0.36143	0.4583	58.9619928854	19.0838
4 2 2			-0.0		-0.18		6.89		0.36144	0.457	40.8620305525	12.2524
1 3 15			0.01		-0.17		6.83		0.36158	0.2862	67.3623786269	8.1809
0 6 12			0.02		-0.15		6.71		0.36152	0.3425	75.0250979777	1.887
1 5 9			0.01		-0.15		6.66		0.36112	0.4394	58.984264935	17.7365
2 0 10			-0.02		-0.16		6.77		0.36096	0.6169	42.9543880851	20.236
0 6 6			0.01		-0.15		6.7		0.36065	1.0147	60.183190367	40.9583
6 0 10			0.01		-0.15		6.66		0.36053	1.0728	69.1331306246	8.9056
5 1 13			0.01		-0.13		6.57		0.36087	0.4567	71.2764535317	11.3258
1 3 9			0.01		-0.12		6.47		0.36068	0.2622	45.3040218183	7.1674
1 1 15			-0.01		-0.13		6.55		0.36098	0.656	61.3839959686	20.6242
0 4 8			-0.19		-0.32		8.11		0.3619	4.1351	47.9021960727	235.0989
1 3 13			0.02		-0.31		7.98		0.36205	0.3907	59.4200243294	11.5335
3 3 13			0.02		-0.29		7.86		0.36205	0.5636	65.4922780779	9.1158
3 7 1			0.0		-0.29		7.84		0.36203	1.2822	71.5694631273	22.2453
0 4 20			0.01		-0.27		7.73		0.36238	1.027	94.1654323607	18.6345
4 2 10			0.0		-0.27		7.72		0.36235	1.1102	57.0442200735	11.3144
0 2 12			0.0		-0.27		7.7		0.36219	0.3827	50.6142203783	17.5707
3 3 1			-0.01		-0.28		7.79		0.36216	0.5106	38.1558496662	33.1617
1 7 1			-0.01		-0.29		7.84		0.36215	0.5219	65.7901743415	26.2984
0 2 16			0.01		-0.28		7.74		0.36232	1.8687	67.2407114996	13.8307
3 5 9			-0.0		-0.28		7.76		0.36217	0.4755	65.0802252419	19.5165
4 2 0			-0.01		-0.29		7.83		0.36217	0.9287	40.0811891304	86.5118
3 5 1			-0.01		-0.3		7.9		0.36215	0.5283	53.2544885252	31.9012