HKL Value		Reward		TotalReward	Chi Squared	Z Appr. 	Error	Two-Thetas	Sfs2
6 4 0			0.0		0.0		0.0		0.3	1.8287	67.0910631577	58.6803
1 3 7			0.0		0.0		0.01		0.33738	0.1893	39.2755843192	5.3372
1 1 7			0.42		0.42		0.01		0.3377	0.2012	29.7561292971	6.5386
3 1 7			0.49		0.91		0.01		0.33767	0.257	39.2655360855	5.205
1 5 7			0.21		1.12		0.01		0.3376	0.6035	54.1236034243	4.2528
5 3 7			-0.53		0.59		0.01		0.33737	0.2523	60.5057581853	5.4388
4 6 0			-0.33		0.27		0.02		0.33737	0.7863	67.1083315067	59.4729
7 1 7			-0.21		0.06		0.02		0.33717	0.3505	72.2660298289	5.0526
3 5 7			-0.05		0.01		0.02		0.33702	0.2309	60.5203777188	5.6046
5 5 7			-0.42		-0.4		0.04		0.33736	0.6639	72.2860687267	4.3062
4 0 8			-1.0		-1.4		9.43		0.37632	2.9483	47.8850437629	244.3799
1 5 5			-0.15		-1.55		11.13		0.37779	1.8923	50.2743192378	127.3636
3 3 7			0.09		-1.46		10.24		0.37746	0.1558	47.1418707618	3.5073
2 2 4			-0.24		-1.7		13.41		0.37749	0.7551	29.4672289371	73.6026
2 0 14			0.06		-1.64		12.6		0.37824	0.2634	58.6945218607	7.3942
0 2 14			0.06		-1.57		11.83		0.37876	0.2479	58.6982494177	6.3292
3 1 11			-0.4		-1.97		19.79		0.36955	2.3814	52.0481274199	292.2152
6 0 2			0.06		-1.92		18.69		0.36974	0.2214	55.354768557	5.4487
0 6 12			0.06		-1.86		17.67		0.36992	0.3425	75.0250979777	1.887
4 2 8			0.03		-1.83		17.23		0.3682	0.7605	51.4203212226	2.5419
4 6 2			0.04		-1.79		16.49		0.36828	0.2349	67.657370766	5.5969
0 2 20			0.04		-1.75		15.93		0.36514	0.4494	86.0769303832	2.8517
2 4 8			0.03		-1.72		15.47		0.36471	0.1687	51.4325245866	2.4593
3 5 5			-0.07		-1.79		16.58		0.36536	1.2751	56.9624934876	133.7285
0 6 8			0.03		-1.76		16.06		0.36507	0.7694	64.1950429677	5.6946
0 6 16			0.04		-1.72		15.5		0.3644	0.4825	89.3859051251	7.6515
0 4 18			0.04		-1.68		14.9		0.36444	0.8369	84.5238780681	17.4513
0 6 2			0.03		-1.65		14.42		0.36446	0.2356	55.3895592761	6.1752
3 3 15			0.04		-1.61		13.93		0.3645	0.3402	73.0835579415	3.8877
5 1 7			0.03		-1.58		13.49		0.36452	0.2609	54.1000446603	4.252
1 1 9			0.03		-1.55		13.05		0.36453	0.2216	37.1193146943	1.1702
6 4 6			0.03		-1.51		12.64		0.36445	0.9247	71.9614498967	41.9809
0 4 12			-0.14		-1.66		14.77		0.36307	1.4889	60.4300914167	161.7651
1 3 9			0.03		-1.63		14.38		0.36282	0.2622	45.3040218183	7.1674
2 4 12			0.03		-1.6		14.0		0.36261	0.2205	63.4791913795	4.8908
0 2 22			-0.01		-1.61		14.14		0.36295	1.8317	96.7387030121	97.213
4 6 6			0.03		-1.58		13.75		0.36291	1.1903	71.9781772466	41.9784
6 0 6			0.02		-1.56		13.48		0.36264	1.0815	60.1501886982	39.9969
4 2 14			0.02		-1.54		13.17		0.36243	1.2576	70.6282605877	19.9713
3 3 9			0.02		-1.52		12.94		0.36216	0.3816	52.4524123761	12.0632
0 2 8			0.03		-1.5		12.62		0.36212	0.1155	35.7619852008	1.7384
1 1 13			0.02		-1.47		12.32		0.36227	0.3722	52.9310122384	10.9703
1 5 13			0.02		-1.45		12.03		0.36245	1.1973	71.2966048402	12.6128
3 1 9			0.02		-1.43		11.82		0.36227	0.36	45.2950695798	8.7768
6 0 8			0.02		-1.41		11.6		0.36204	2.9234	64.163237895	5.3359
3 1 15			0.02		-1.4		11.41		0.36215	0.2871	67.3554895111	7.7692
5 1 9			0.01		-1.39		11.29		0.36182	0.4583	58.9619928854	19.0838
3 1 5			-0.12		-1.5		12.79		0.36248	2.8985	34.1781376955	186.2389
6 0 12			0.02		-1.48		12.53		0.36246	0.5892	74.995462768	0.9301
0 0 22			0.02		-1.46		12.32		0.36257	2.2765	94.0325860765	137.6091
1 7 7			0.02		-1.45		12.12		0.36259	0.4353	72.3061031614	6.1143
4 2 6			0.0		-1.44		12.06		0.36231	1.6049	46.7233273538	62.1975
4 2 2			0.01		-1.44		11.97		0.36232	0.457	40.8620305525	12.2524
1 3 15			0.01		-1.42		11.8		0.36241	0.2862	67.3623786269	8.1809
1 5 9			0.01		-1.41		11.68		0.36216	0.4394	58.984264935	17.7365
0 0 12			-0.16		-1.57		13.9		0.36039	3.2426	47.0346015839	274.3783
2 0 4			-0.07		-1.64		14.96		0.36052	1.3874	23.4143586184	109.347
2 0 10			0.0		-1.64		14.91		0.36039	0.6169	42.9543880851	20.236
5 5 1			0.01		-1.63		14.76		0.36037	0.5073	65.769247456	23.9531
2 4 2			0.01		-1.62		14.65		0.36038	0.3828	40.8766170199	13.2501
0 6 6			0.01		-1.61		14.44		0.36018	1.0147	60.183190367	40.9583
5 1 3			-0.01		-1.62		14.62		0.36005	0.9592	47.5591860667	88.1873
6 0 10			0.01		-1.61		14.46		0.35996	1.0728	69.1331306246	8.9056
5 1 13			0.01		-1.59		14.25		0.36022	0.4567	71.2764535317	11.3258
1 1 1			-0.01		-1.6		14.41		0.36017	0.5749	13.0194761966	56.7652
1 1 11			-0.14		-1.74		16.69		0.36066	2.144	44.8525636461	378.5934
1 1 15			0.01		-1.74		16.61		0.36085	0.656	61.3839959686	20.6242
0 6 14			0.01		-1.72		16.4		0.36073	0.9096	81.7552219026	27.2955
4 4 6			-0.14		-1.86		19.05		0.35981	4.3817	57.0116572758	400.3855
2 2 6			-0.21		-2.07		24.09		0.3588	8.3224	34.2684003079	615.2447
1 3 13			0.01		-2.06		23.78		0.359	0.3907	59.4200243294	11.5335
3 3 13			0.01		-2.04		23.46		0.35917	0.5636	65.4922780779	9.1158
3 7 1			0.01		-2.03		23.22		0.35914	1.2822	71.5694631273	22.2453
0 2 4			-0.03		-2.06		23.92		0.35924	1.326	23.4223631322	110.0283
2 4 6			0.01		-2.05		23.69		0.35902	0.785	46.7364348384	64.2552
0 4 20			0.01		-2.05		23.52		0.36033	1.027	94.1654323607	18.6345
4 2 10			0.01		-2.04		23.29		0.36029	1.1102	57.0442200735	11.3144
0 2 12			0.01		-2.03		23.05		0.36012	0.3827	50.6142203783	17.5707
3 3 1			0.01		-2.02		22.92		0.3601	0.5106	38.1558496662	33.1617
3 5 11			-0.02		-2.04		23.33		0.36028	1.8915	70.5555824797	206.4699
4 0 4			-0.01		-2.05		23.68		0.36024	1.2165	39.0343929222	79.1487
2 4 10			0.01		-2.04		23.47		0.3602	0.607	57.0555982332	12.0937
1 7 1			0.01		-2.04		23.32		0.36018	0.5219	65.7901743415	26.2984
3 5 9			0.01		-2.03		23.12		0.36003	0.4755	65.0802252419	19.5165
4 2 0			0.01		-2.02		23.0		0.36003	0.9287	40.0811891304	86.5118
5 3 9			0.01		-2.02		22.81		0.35987	0.4833	65.0662013285	20.8409
3 5 1			0.0		-2.01		22.7		0.35986	0.5283	53.2544885252	31.9012
0 6 18			0.01		-2.0		22.45		0.35986	0.7949	98.0280769063	1.8601
2 0 8			0.01		-1.99		22.19		0.35986	0.1665	35.7565424018	1.5727
0 2 16			0.01		-1.98		21.99		0.36007	1.8687	67.2407114996	13.8307
2 2 16			0.0		-1.98		21.93		0.36071	1.1693	70.1293332912	108.6018
7 1 1			0.01		-1.97		21.81		0.3607	0.5207	65.7483230412	25.2044
3 1 13			0.01		-1.96		21.58		0.3608	0.3869	59.4126405656	11.7895
4 2 12			0.01		-1.95		21.36		0.36075	0.2244	63.468523569	4.7972
3 3 3			-0.0		-1.95		21.39		0.3607	0.8081	39.7679129272	70.9373
2 6 10			-0.0		-1.95		21.39		0.36085	0.7069	72.0169435829	44.7171
4 6 4			0.0		-1.95		21.3		0.36088	1.0731	69.291881243	33.3045
0 0 18			0.01		-1.94		21.15		0.36088	0.6609	73.530655613	37.988
7 3 1			0.01		-1.93		21.0		0.36086	0.5095	71.5359286583	22.1332
6 0 0			0.01		-1.92		20.83		0.36086	0.7256	54.7363985401	55.434
0 2 18			0.01		-1.91		20.64		0.36086	0.3755	76.3208597895	3.7538
9 1 1			0.01		-1.91		20.48		0.36085	0.8793	87.9915459652	19.6393