HKL Value		Reward		TotalReward	Chi Squared	Z Appr. 	Error	Two-Thetas	Sfs2
6 4 0			0.0		0.0		0.0		0.3	1.8287	67.0910631577	58.6803
1 1 7			0.0		0.0		0.01		0.33798	0.2012	29.7561292971	6.5386
2 2 16			-1.0		-1.0		11.43		0.32468	1.1693	70.1293332912	108.6018
1 3 7			0.05		-0.95		10.93		0.32694	0.1893	39.2755843192	5.3372
3 1 7			0.12		-0.84		9.8		0.32852	0.257	39.2655360855	5.205
1 5 7			0.14		-0.7		8.63		0.32965	0.6035	54.1236034243	4.2528
4 6 0			0.2		-0.5		7.2		0.32965	0.7863	67.1083315067	59.4729
3 5 7			0.11		-0.39		6.46		0.33037	0.2309	60.5203777188	5.6046
7 1 7			0.11		-0.28		5.84		0.33094	0.3505	72.2660298289	5.0526
5 5 7			0.05		-0.23		5.55		0.33186	0.6639	72.2860687267	4.3062
5 3 7			0.09		-0.14		5.08		0.33227	0.2523	60.5057581853	5.4388
1 3 3			-0.2		-0.34		6.33		0.33227	0.7045	30.3940112777	66.1614
0 0 12			-0.15		-0.49		7.48		0.33249	3.2426	47.0346015839	274.3783
3 3 7			0.05		-0.44		7.11		0.33313	0.1558	47.1418707618	3.5073
4 2 4			-0.29		-0.73		10.08		0.33334	0.7624	43.1345383828	64.2766
0 2 14			0.07		-0.66		9.41		0.33324	0.2479	58.6982494177	6.3292
0 4 20			0.04		-0.62		9.0		0.33428	1.027	94.1654323607	18.6345
2 0 14			0.06		-0.56		8.51		0.33398	0.2634	58.6945218607	7.3942
6 0 2			0.04		-0.52		8.18		0.33398	0.2214	55.354768557	5.4487
4 2 14			-0.02		-0.53		8.31		0.33341	1.2576	70.6282605877	19.9713
4 2 8			0.05		-0.48		7.92		0.3336	0.7605	51.4203212226	2.5419
4 6 2			0.04		-0.45		7.63		0.33358	0.2349	67.657370766	5.5969
0 2 20			0.03		-0.42		7.42		0.3348	0.4494	86.0769303832	2.8517
2 4 8			0.04		-0.37		7.11		0.33486	0.1687	51.4325245866	2.4593
0 6 16			0.02		-0.35		6.97		0.33497	0.4825	89.3859051251	7.6515
0 6 8			0.03		-0.32		6.74		0.33488	0.7694	64.1950429677	5.6946
0 6 2			0.02		-0.3		6.61		0.33487	0.2356	55.3895592761	6.1752
1 3 15			-0.17		-0.47		7.98		0.33603	0.2862	67.3623786269	8.1809
2 4 12			-0.33		-0.8		11.93		0.34481	0.2205	63.4791913795	4.8908
0 4 18			0.4		-0.4		8.53		0.36171	0.8369	84.5238780681	17.4513
0 0 20			-0.01		-0.42		8.64		0.36355	0.4542	83.3712939521	4.3689
3 3 15			0.03		-0.39		8.38		0.36357	0.3402	73.0835579415	3.8877
5 1 7			0.03		-0.36		8.16		0.36358	0.2609	54.1000446603	4.252
1 1 9			0.03		-0.33		7.92		0.36358	0.2216	37.1193146943	1.1702
6 0 0			0.01		-0.32		7.83		0.36358	0.7256	54.7363985401	55.434
3 3 5			-0.14		-0.46		9.15		0.36386	1.3995	42.8396693434	151.0913
0 6 6			0.01		-0.45		9.03		0.36373	1.0147	60.183190367	40.9583
4 6 6			0.03		-0.42		8.79		0.36371	1.1903	71.9781772466	41.9784
3 1 9			0.02		-0.4		8.65		0.36363	0.36	45.2950695798	8.7768
3 3 9			0.01		-0.39		8.56		0.36354	0.3816	52.4524123761	12.0632
4 0 12			-0.17		-0.56		10.3		0.36299	2.7435	60.4154589103	161.2613
6 0 6			0.02		-0.55		10.14		0.36289	1.0815	60.1501886982	39.9969
2 4 0			-0.01		-0.56		10.23		0.36289	1.4359	40.0960076051	88.2765
0 2 8			0.02		-0.53		10.0		0.36287	0.1155	35.7619852008	1.7384
1 1 13			0.02		-0.51		9.77		0.36289	0.3722	52.9310122384	10.9703
1 5 13			0.02		-0.49		9.56		0.36294	1.1973	71.2966048402	12.6128
6 0 12			0.02		-0.47		9.35		0.36293	0.5892	74.995462768	0.9301
3 1 15			0.02		-0.45		9.21		0.36297	0.2871	67.3554895111	7.7692
6 0 8			0.01		-0.44		9.08		0.36287	2.9234	64.163237895	5.3359
1 5 9			0.01		-0.43		9.01		0.36275	0.4394	58.984264935	17.7365
5 1 9			0.01		-0.42		8.96		0.36263	0.4583	58.9619928854	19.0838
1 7 7			0.01		-0.41		8.83		0.36263	0.4353	72.3061031614	6.1143
4 2 6			-0.0		-0.41		8.84		0.3625	1.6049	46.7233273538	62.1975
4 2 2			0.0		-0.4		8.8		0.3625	0.457	40.8620305525	12.2524
1 3 9			0.01		-0.39		8.67		0.36245	0.2622	45.3040218183	7.1674
1 7 1			-0.01		-0.39		8.72		0.36244	0.5219	65.7901743415	26.2984
5 1 13			0.02		-0.38		8.57		0.36247	0.4567	71.2764535317	11.3258
0 6 12			0.02		-0.36		8.42		0.36246	0.3425	75.0250979777	1.887
2 0 10			-0.01		-0.37		8.5		0.36242	0.6169	42.9543880851	20.236
3 5 9			-0.0		-0.37		8.51		0.36232	0.4755	65.0802252419	19.5165
7 1 1			-0.0		-0.37		8.54		0.36231	0.5207	65.7483230412	25.2044