HKL Value		Reward		TotalReward	Chi Squared	Z Appr. 	Error	Two-Thetas	Sfs2
6 2 6			0.0		0.0		0.0		0.3	3.9921	63.2107357729	344.5633
6 4 0			0.0		0.0		122.06		0.33332	1.8287	67.0910631577	58.6803
1 3 7			0.99		0.99		61.23		0.33487	0.1893	39.2755843192	5.3372
1 1 7			0.5		1.49		40.91		0.33567	0.2012	29.7561292971	6.5386
3 1 7			0.33		1.82		30.71		0.33603	0.257	39.2655360855	5.205
1 5 3			0.09		1.91		28.29		0.33593	0.9511	47.585042181	85.8034
1 5 7			0.2		2.11		23.59		0.33613	0.6035	54.1236034243	4.2528
7 1 7			0.17		2.27		20.22		0.33612	0.3505	72.2660298289	5.0526
3 5 7			0.14		2.42		17.69		0.33612	0.2309	60.5203777188	5.6046
4 6 0			0.12		2.54		15.73		0.33612	0.7863	67.1083315067	59.4729
5 1 1			0.04		2.59		15.06		0.33594	0.5346	46.1701152	26.7419
5 5 7			0.1		2.68		13.72		0.33632	0.6639	72.2860687267	4.3062
3 3 7			0.09		2.77		12.62		0.33674	0.1558	47.1418707618	3.5073
5 3 7			0.08		2.85		11.65		0.33671	0.2523	60.5057581853	5.4388
6 0 0			0.04		2.9		11.15		0.33671	0.7256	54.7363985401	55.434
0 2 14			0.06		2.96		10.5		0.33602	0.2479	58.6982494177	6.3292
0 2 20			0.07		3.03		9.85		0.33631	0.4494	86.0769303832	2.8517
4 6 2			0.05		3.08		9.39		0.33627	0.2349	67.657370766	5.5969
2 0 14			0.05		3.12		8.97		0.33591	0.2634	58.6945218607	7.3942
6 0 2			0.04		3.16		8.64		0.33591	0.2214	55.354768557	5.4487
4 2 8			0.05		3.21		8.21		0.33593	0.7605	51.4203212226	2.5419
0 6 16			0.03		3.24		7.97		0.33615	0.4825	89.3859051251	7.6515
3 3 9			-0.05		3.19		8.43		0.33662	0.3816	52.4524123761	12.0632
5 3 5			-0.26		2.92		11.46		0.34754	2.2247	56.9473208346	134.0256
0 6 2			0.03		2.96		11.11		0.34762	0.2356	55.3895592761	6.1752
2 4 8			0.04		2.99		10.69		0.34791	0.1687	51.4325245866	2.4593
1 1 9			0.01		3.01		10.55		0.35287	0.2216	37.1193146943	1.1702
5 5 1			0.02		3.03		10.35		0.35274	0.5073	65.769247456	23.9531
6 0 6			0.04		3.06		9.99		0.35264	1.0815	60.1501886982	39.9969
1 5 1			-0.0		3.06		10.03		0.3525	0.4978	46.196563203	27.3004
6 0 12			0.01		3.07		9.96		0.35619	0.5892	74.995462768	0.9301
5 1 7			0.03		3.1		9.68		0.35619	0.2609	54.1000446603	4.252
1 5 9			0.03		3.13		9.4		0.35591	0.4394	58.984264935	17.7365
0 4 10			-0.05		3.08		9.87		0.35627	0.9893	53.7871001638	44.1425
3 3 15			0.03		3.1		9.63		0.35618	0.3402	73.0835579415	3.8877
4 6 6			0.03		3.13		9.39		0.35655	1.1903	71.9781772466	41.9784
2 4 10			0.01		3.14		9.28		0.35635	0.607	57.0555982332	12.0937
3 1 15			0.02		3.16		9.14		0.35629	0.2871	67.3554895111	7.7692
1 1 13			0.02		3.17		9.01		0.35696	0.3722	52.9310122384	10.9703
0 6 8			0.03		3.2		8.78		0.35685	0.7694	64.1950429677	5.6946
1 5 13			0.01		3.21		8.67		0.35798	1.1973	71.2966048402	12.6128
2 4 2			0.0		3.21		8.65		0.35803	0.3828	40.8766170199	13.2501
2 4 12			0.02		3.24		8.45		0.35795	0.2205	63.4791913795	4.8908
3 1 9			0.02		3.26		8.26		0.35754	0.36	45.2950695798	8.7768
1 7 7			0.02		3.27		8.13		0.35754	0.4353	72.3061031614	6.1143
5 1 9			0.02		3.29		7.99		0.35694	0.4583	58.9619928854	19.0838
4 4 12			-0.04		3.26		8.29		0.35516	1.9475	72.2035773977	130.2426
4 2 6			0.01		3.27		8.19		0.35495	1.6049	46.7233273538	62.1975
3 7 1			0.01		3.27		8.14		0.35492	1.2822	71.5694631273	22.2453
5 3 1			-0.01		3.26		8.24		0.35489	0.5252	53.2386121167	32.835
2 4 4			-0.07		3.19		8.91		0.35499	0.8182	43.1484985256	64.6996
2 0 10			-0.0		3.18		8.94		0.3549	0.6169	42.9543880851	20.236