HKL Value		Reward		TotalReward	Chi Squared	Z Appr. 	Error	Two-Thetas	Sfs2
6 4 0			0.0		0.0		0.0		0.3	1.8287	67.0910631577	58.6803
1 1 7			0.0		0.0		0.01		0.33798	0.2012	29.7561292971	6.5386
3 1 7			0.74		0.74		0.01		0.33781	0.257	39.2655360855	5.205
1 3 7			0.22		0.96		0.01		0.33767	0.1893	39.2755843192	5.3372
1 5 7			0.21		1.16		0.01		0.3376	0.6035	54.1236034243	4.2528
3 5 7			-0.64		0.52		0.01		0.33732	0.2309	60.5203777188	5.6046
1 3 13			-0.98		-0.46		0.8		0.33552	0.3907	59.4200243294	11.5335
4 6 0			0.16		-0.3		0.69		0.33552	0.7863	67.1083315067	59.4729
0 0 6			-0.98		-1.29		42.74		0.33481	7.4326	23.0169618987	709.6598
7 1 7			0.12		-1.16		38.0		0.33494	0.3505	72.2660298289	5.0526
5 3 7			0.11		-1.05		34.2		0.33507	0.2523	60.5057581853	5.4388
0 4 12			0.1		-0.95		31.15		0.33497	1.4889	60.4300914167	161.7651
2 6 8			-0.26		-1.21		41.96		0.33914	4.3291	67.1483383839	218.3417
5 5 7			0.08		-1.13		38.73		0.33918	0.6639	72.2860687267	4.3062
3 3 7			0.08		-1.05		35.97		0.33934	0.1558	47.1418707618	3.5073
2 6 0			-0.31		-1.36		51.94		0.33934	4.3567	58.0028534629	558.9791
2 0 14			0.06		-1.3		48.91		0.33832	0.2634	58.6945218607	7.3942
0 2 14			0.06		-1.24		46.17		0.3371	0.2479	58.6982494177	6.3292
6 0 2			0.06		-1.18		43.75		0.33708	0.2214	55.354768557	5.4487
4 2 8			0.06		-1.13		41.45		0.33701	0.7605	51.4203212226	2.5419
0 2 20			0.05		-1.07		39.38		0.33685	0.4494	86.0769303832	2.8517
2 4 8			0.05		-1.02		37.5		0.33683	0.1687	51.4325245866	2.4593
0 4 18			0.01		-1.02		37.31		0.35202	0.8369	84.5238780681	17.4513
1 3 3			0.02		-1.0		36.6		0.3519	0.7045	30.3940112777	66.1614
4 6 2			0.04		-0.96		35.19		0.3519	0.2349	67.657370766	5.5969
0 2 8			0.04		-0.92		33.8		0.3519	0.1155	35.7619852008	1.7384
1 5 5			-0.03		-0.95		34.97		0.35274	1.8923	50.2743192378	127.3636
0 6 8			0.04		-0.91		33.68		0.35288	0.7694	64.1950429677	5.6946
5 1 7			0.04		-0.88		32.53		0.35286	0.2609	54.1000446603	4.252
0 6 2			0.03		-0.85		31.5		0.35289	0.2356	55.3895592761	6.1752
0 6 16			0.03		-0.82		30.58		0.3527	0.4825	89.3859051251	7.6515
4 6 6			0.03		-0.79		29.7		0.35312	1.1903	71.9781772466	41.9784
3 1 13			0.03		-0.76		28.96		0.35334	0.3869	59.4126405656	11.7895
1 7 1			0.02		-0.74		28.4		0.35327	0.5219	65.7901743415	26.2984
1 1 9			0.03		-0.71		27.63		0.35404	0.2216	37.1193146943	1.1702
2 4 12			0.03		-0.69		26.9		0.35502	0.2205	63.4791913795	4.8908
4 2 14			0.03		-0.66		26.17		0.35511	1.2576	70.6282605877	19.9713
9 1 1			0.02		-0.64		25.59		0.35506	0.8793	87.9915459652	19.6393
3 3 15			0.03		-0.61		24.95		0.35489	0.3402	73.0835579415	3.8877
0 0 2			-0.05		-0.66		26.2		0.35507	1.161	7.62646333295	98.931
0 6 14			0.02		-0.63		25.6		0.35521	0.9096	81.7552219026	27.2955
6 0 12			0.02		-0.61		25.07		0.35665	0.5892	74.995462768	0.9301
3 1 15			0.02		-0.59		24.57		0.35665	0.2871	67.3554895111	7.7692
3 1 9			0.02		-0.57		24.0		0.35652	0.36	45.2950695798	8.7768
3 3 9			0.02		-0.55		23.47		0.35631	0.3816	52.4524123761	12.0632
3 7 3			0.0		-0.54		23.42		0.35617	0.8954	72.6346668965	71.6226
1 7 7			0.02		-0.52		22.96		0.35616	0.4353	72.3061031614	6.1143
0 4 4			-0.02		-0.55		23.51		0.356	0.8482	39.0545896029	78.0016
3 7 1			0.02		-0.53		23.15		0.35597	1.2822	71.5694631273	22.2453
1 1 13			0.02		-0.51		22.76		0.35623	0.3722	52.9310122384	10.9703
6 0 6			0.02		-0.5		22.32		0.35611	1.0815	60.1501886982	39.9969
6 0 8			0.02		-0.48		21.88		0.35608	2.9234	64.163237895	5.3359
5 1 9			0.02		-0.46		21.48		0.35586	0.4583	58.9619928854	19.0838
4 6 4			0.01		-0.45		21.34		0.35596	1.0731	69.291881243	33.3045
0 6 12			0.02		-0.43		20.97		0.35638	0.3425	75.0250979777	1.887
4 2 2			0.01		-0.42		20.73		0.35638	0.457	40.8620305525	12.2524
4 2 6			0.01		-0.41		20.43		0.35617	1.6049	46.7233273538	62.1975
1 5 9			0.02		-0.39		20.08		0.35604	0.4394	58.984264935	17.7365
0 6 6			0.02		-0.37		19.75		0.35596	1.0147	60.183190367	40.9583
5 1 13			0.01		-0.36		19.49		0.35613	0.4567	71.2764535317	11.3258
5 5 1			0.01		-0.35		19.26		0.35611	0.5073	65.769247456	23.9531
2 4 10			0.01		-0.33		19.03		0.35604	0.607	57.0555982332	12.0937
1 5 13			0.01		-0.32		18.81		0.35624	1.1973	71.2966048402	12.6128
4 4 8			-0.07		-0.39		20.25		0.35734	3.9407	61.1479986878	218.5721
1 3 9			0.02		-0.38		19.93		0.35729	0.2622	45.3040218183	7.1674
5 3 9			0.01		-0.37		19.7		0.35692	0.4833	65.0662013285	20.8409
4 2 10			0.01		-0.35		19.48		0.35683	1.1102	57.0442200735	11.3144
2 0 0			-0.02		-0.37		19.88		0.35683	2.02	17.6289686615	175.6782
0 2 12			0.01		-0.36		19.61		0.35657	0.3827	50.6142203783	17.5707
0 4 0			-0.26		-0.62		26.64		0.35657	6.137	35.7152072575	818.959
1 3 15			0.01		-0.61		26.32		0.35655	0.2862	67.3623786269	8.1809
3 5 9			0.01		-0.6		26.0		0.35629	0.4755	65.0802252419	19.5165
2 0 12			0.01		-0.59		25.64		0.35613	0.8079	50.6101057273	16.6151
6 2 2			-0.03		-0.62		26.48		0.35626	3.3001	58.5687226088	135.1206
3 3 13			0.01		-0.61		26.16		0.35643	0.5636	65.4922780779	9.1158
5 1 1			0.01		-0.6		25.96		0.35641	0.5346	46.1701152	26.7419
6 0 10			0.01		-0.59		25.67		0.35635	1.0728	69.1331306246	8.9056
3 3 1			0.01		-0.58		25.5		0.35631	0.5106	38.1558496662	33.1617
2 0 8			0.01		-0.57		25.18		0.35634	0.1665	35.7565424018	1.5727
2 4 2			0.01		-0.56		24.96		0.35634	0.3828	40.8766170199	13.2501
4 2 0			0.01		-0.55		24.81		0.35634	0.9287	40.0811891304	86.5118
5 5 3			0.0		-0.55		24.77		0.35627	0.8107	66.8760743485	64.1048
3 5 1			0.01		-0.55		24.62		0.35624	0.5283	53.2544885252	31.9012
4 2 12			0.01		-0.53		24.33		0.35638	0.2244	63.468523569	4.7972
6 2 6			-0.06		-0.59		25.88		0.35577	3.9921	63.2107357729	344.5633
6 0 4			0.0		-0.59		25.87		0.35582	0.7069	57.1830782131	42.6751
0 2 16			0.01		-0.58		25.66		0.35594	1.8687	67.2407114996	13.8307
0 4 20			-0.0		-0.59		25.72		0.35886	1.027	94.1654323607	18.6345
4 0 12			-0.01		-0.6		26.09		0.35772	2.7435	60.4154589103	161.2613
1 1 15			0.01		-0.6		25.94		0.35784	0.656	61.3839959686	20.6242
6 4 2			0.01		-0.59		25.68		0.35784	0.2211	67.6401768609	4.8049
2 4 6			0.01		-0.58		25.46		0.35767	0.785	46.7364348384	64.2552
2 0 10			0.01		-0.57		25.31		0.35758	0.6169	42.9543880851	20.236
2 4 14			0.01		-0.56		25.05		0.35758	0.5221	70.6383718296	19.4111
4 4 12			-0.0		-0.56		25.06		0.35671	1.9475	72.2035773977	130.2426
0 0 18			0.01		-0.55		24.83		0.35647	0.6609	73.530655613	37.988
2 6 10			-0.0		-0.55		24.83		0.3566	0.7069	72.0169435829	44.7171
2 2 16			-0.0		-0.55		24.9		0.35779	1.1693	70.1293332912	108.6018
7 3 1			0.01		-0.55		24.71		0.35779	0.5095	71.5359286583	22.1332
7 1 1			0.01		-0.54		24.56		0.35777	0.5207	65.7483230412	25.2044
0 6 18			0.01		-0.53		24.32		0.35775	0.7949	98.0280769063	1.8601
7 3 5			0.0		-0.53		24.27		0.35807	1.0496	74.7140851895	88.0788