HKL Value		Reward		TotalReward	Chi Squared	Z Appr. 	Error	Two-Thetas	Sfs2
0 2 20			0.0		0.0		0.0		0.3	0.4494	86.0769303832	2.8517
5 1 13			0.0		0.0		0.02		0.28653	0.4567	71.2764535317	11.3258
6 4 0			0.11		0.11		0.01		0.28653	1.8287	67.0910631577	58.6803
1 3 7			-0.99		-0.89		1.5		0.33602	0.1893	39.2755843192	5.3372
1 1 7			0.3		-0.59		1.16		0.33617	0.2012	29.7561292971	6.5386
3 1 7			0.23		-0.36		0.94		0.33626	0.257	39.2655360855	5.205
0 4 18			0.24		-0.12		0.76		0.36361	0.8369	84.5238780681	17.4513
4 2 10			-0.52		-0.64		1.6		0.36351	1.1102	57.0442200735	11.3144
6 0 4			-0.63		-1.27		4.27		0.36365	0.7069	57.1830782131	42.6751
0 2 22			-0.27		-1.54		5.85		0.36365	1.8317	96.7387030121	97.213
3 5 5			-0.39		-1.92		9.54		0.36433	1.2751	56.9624934876	133.7285
4 6 0			0.1		-1.83		8.67		0.36433	0.7863	67.1083315067	59.4729
1 5 7			0.08		-1.75		8.05		0.36436	0.6035	54.1236034243	4.2528
3 5 7			0.06		-1.68		7.57		0.36439	0.2309	60.5203777188	5.6046
5 5 7			0.07		-1.62		7.09		0.36442	0.6639	72.2860687267	4.3062
3 3 7			0.07		-1.55		6.65		0.36444	0.1558	47.1418707618	3.5073
7 1 7			0.05		-1.5		6.34		0.36447	0.3505	72.2660298289	5.0526
5 3 7			0.05		-1.46		6.06		0.36451	0.2523	60.5057581853	5.4388
2 0 14			0.06		-1.4		5.73		0.36442	0.2634	58.6945218607	7.3942
0 4 0			-0.82		-2.22		31.99		0.36442	6.137	35.7152072575	818.959
0 2 14			0.05		-2.17		30.39		0.3644	0.2479	58.6982494177	6.3292
3 1 9			0.04		-2.12		29.12		0.36425	0.36	45.2950695798	8.7768
6 0 2			0.04		-2.08		27.86		0.36428	0.2214	55.354768557	5.4487
4 2 8			0.04		-2.04		26.86		0.36391	0.7605	51.4203212226	2.5419
2 0 6			-0.02		-2.06		27.27		0.36306	1.6278	29.1406672869	128.8477
5 1 9			0.03		-2.02		26.44		0.36253	0.4583	58.9619928854	19.0838
0 2 4			-0.06		-2.09		28.23		0.36271	1.326	23.4223631322	110.0283
4 6 2			0.03		-2.05		27.29		0.36272	0.2349	67.657370766	5.5969
0 6 16			0.04		-2.02		26.31		0.36259	0.4825	89.3859051251	7.6515
2 4 8			0.03		-1.99		25.52		0.36218	0.1687	51.4325245866	2.4593
4 2 14			0.03		-1.95		24.73		0.36195	1.2576	70.6282605877	19.9713
1 1 1			0.0		-1.95		24.72		0.36186	0.5749	13.0194761966	56.7652
2 2 2			-0.07		-2.02		26.62		0.36212	1.1162	26.2109248846	125.5642
3 3 9			0.03		-2.0		25.93		0.36178	0.3816	52.4524123761	12.0632
2 4 12			0.03		-1.97		25.2		0.36155	0.2205	63.4791913795	4.8908
0 0 8			-0.07		-2.04		27.22		0.36253	2.1948	30.8548203523	183.9052
0 6 8			0.03		-2.02		26.53		0.36226	0.7694	64.1950429677	5.6946
0 6 2			0.03		-1.99		25.87		0.3623	0.2356	55.3895592761	6.1752
3 3 15			0.03		-1.96		25.21		0.36239	0.3402	73.0835579415	3.8877
1 1 9			0.03		-1.94		24.57		0.36236	0.2216	37.1193146943	1.1702
4 6 6			0.03		-1.91		23.95		0.36234	1.1903	71.9781772466	41.9784
6 0 12			0.02		-1.89		23.37		0.3623	0.5892	74.995462768	0.9301
0 0 12			-0.1		-1.99		25.94		0.35898	3.2426	47.0346015839	274.3783
6 0 6			0.02		-1.97		25.37		0.3587	1.0815	60.1501886982	39.9969
5 1 7			0.02		-1.94		24.83		0.3587	0.2609	54.1000446603	4.252
1 1 13			0.02		-1.92		24.33		0.35922	0.3722	52.9310122384	10.9703
0 2 8			0.02		-1.9		23.8		0.35923	0.1155	35.7619852008	1.7384
3 1 15			0.02		-1.88		23.37		0.35944	0.2871	67.3554895111	7.7692
4 2 6			0.02		-1.87		23.02		0.35889	1.6049	46.7233273538	62.1975
1 5 13			0.02		-1.85		22.6		0.35945	1.1973	71.2966048402	12.6128
2 0 4			-0.04		-1.89		23.62		0.3597	1.3874	23.4143586184	109.347
1 7 1			0.01		-1.88		23.37		0.35964	0.5219	65.7901743415	26.2984
1 5 9			0.02		-1.86		22.98		0.35914	0.4394	58.984264935	17.7365
6 0 8			0.02		-1.84		22.55		0.3589	2.9234	64.163237895	5.3359
5 1 3			-0.0		-1.85		22.6		0.35868	0.9592	47.5591860667	88.1873
5 5 1			0.01		-1.83		22.29		0.35864	0.5073	65.769247456	23.9531
1 7 7			0.02		-1.82		21.94		0.35864	0.4353	72.3061031614	6.1143
0 6 14			0.02		-1.8		21.59		0.35855	0.9096	81.7552219026	27.2955
4 2 2			0.01		-1.79		21.34		0.35855	0.457	40.8620305525	12.2524
0 0 18			0.01		-1.78		21.06		0.35817	0.6609	73.530655613	37.988
4 2 4			-0.01		-1.79		21.38		0.35832	0.7624	43.1345383828	64.2766
1 3 9			0.02		-1.77		21.03		0.35819	0.2622	45.3040218183	7.1674
2 0 10			0.01		-1.77		20.88		0.35801	0.6169	42.9543880851	20.236
3 3 13			0.01		-1.75		20.58		0.35834	0.5636	65.4922780779	9.1158
0 2 16			0.01		-1.74		20.34		0.35906	1.8687	67.2407114996	13.8307
3 5 9			0.01		-1.73		20.12		0.3585	0.4755	65.0802252419	19.5165
2 4 2			0.01		-1.72		19.93		0.3585	0.3828	40.8766170199	13.2501
0 6 12			0.02		-1.71		19.63		0.35857	0.3425	75.0250979777	1.887
1 7 3			-0.01		-1.71		19.74		0.35838	0.9932	66.8968211493	90.2271
0 2 12			0.01		-1.7		19.5		0.35791	0.3827	50.6142203783	17.5707
1 1 15			0.01		-1.69		19.4		0.35818	0.656	61.3839959686	20.6242
1 3 15			0.01		-1.68		19.19		0.35828	0.2862	67.3623786269	8.1809
2 4 0			0.0		-1.68		19.11		0.35828	1.4359	40.0960076051	88.2765
0 4 4			-0.02		-1.7		19.53		0.35813	0.8482	39.0545896029	78.0016
6 2 2			-0.04		-1.74		20.42		0.35843	3.3001	58.5687226088	135.1206
0 6 6			0.01		-1.73		20.17		0.35821	1.0147	60.183190367	40.9583
7 3 5			0.0		-1.73		20.15		0.35884	1.0496	74.7140851895	88.0788
6 0 10			0.01		-1.72		19.94		0.35874	1.0728	69.1331306246	8.9056
3 3 1			0.0		-1.71		19.85		0.35867	0.5106	38.1558496662	33.1617
2 2 0			-0.29		-2.0		27.83		0.35867	11.1953	25.0390113278	1035.9387
7 1 1			0.01		-1.99		27.6		0.35862	0.5207	65.7483230412	25.2044
3 7 1			0.01		-1.98		27.34		0.35858	1.2822	71.5694631273	22.2453
0 4 20			0.01		-1.98		27.12		0.36081	1.027	94.1654323607	18.6345
2 2 16			0.01		-1.97		26.96		0.36165	1.1693	70.1293332912	108.6018
4 2 12			0.01		-1.96		26.65		0.36158	0.2244	63.468523569	4.7972
4 2 0			0.01		-1.95		26.49		0.36158	0.9287	40.0811891304	86.5118
1 3 13			0.01		-1.94		26.19		0.36169	0.3907	59.4200243294	11.5335
4 6 4			0.01		-1.93		26.04		0.36172	1.0731	69.291881243	33.3045
3 1 1			0.0		-1.93		25.96		0.3617	0.5239	28.3131072915	41.7464
1 3 3			0.0		-1.93		25.94		0.36164	0.7045	30.3940112777	66.1614
4 0 4			-0.01		-1.94		26.22		0.36159	1.2165	39.0343929222	79.1487
2 0 8			0.01		-1.93		25.93		0.36157	0.1665	35.7565424018	1.5727
4 4 8			-0.03		-1.96		26.7		0.36198	3.9407	61.1479986878	218.5721
0 6 10			0.01		-1.95		26.46		0.36195	0.8527	69.1637693973	8.5049
0 6 18			0.01		-1.94		26.19		0.36195	0.7949	98.0280769063	1.8601
2 6 10			0.0		-1.94		26.12		0.36216	0.7069	72.0169435829	44.7171
2 2 14			0.0		-1.94		26.11		0.36187	1.0835	61.7979105177	101.9829
0 2 2			-0.0		-1.94		26.12		0.36186	0.4614	19.2417464495	36.8131
5 3 9			0.01		-1.93		25.94		0.3617	0.4833	65.0662013285	20.8409
3 5 1			0.0		-1.93		25.82		0.36169	0.5283	53.2544885252	31.9012
3 1 13			0.01		-1.92		25.56		0.36179	0.3869	59.4126405656	11.7895
6 2 6			-0.05		-1.97		27.0		0.36125	3.9921	63.2107357729	344.5633