HKL Value		Reward		TotalReward	Chi Squared	Z Appr. 	Error	Two-Thetas	Sfs2
1 5 5			0.0		0.0		0.0		0.3	1.8923	50.2743192378	127.3636
6 4 0			0.0		0.0		16.55		0.39998	1.8287	67.0910631577	58.6803
1 1 7			0.32		0.32		12.57		0.38256	0.2012	29.7561292971	6.5386
1 3 7			0.44		0.76		8.72		0.38085	0.1893	39.2755843192	5.3372
0 2 14			0.33		1.09		6.55		0.38115	0.2479	58.6982494177	6.3292
6 0 8			-0.02		1.07		6.65		0.38224	2.9234	64.163237895	5.3359
1 3 9			0.15		1.23		5.77		0.38246	0.2622	45.3040218183	7.1674
3 1 7			0.12		1.35		5.14		0.3817	0.257	39.2655360855	5.205
1 5 7			0.12		1.47		4.6		0.38118	0.6035	54.1236034243	4.2528
4 6 0			0.12		1.59		4.1		0.38118	0.7863	67.1083315067	59.4729
3 5 7			0.1		1.69		3.72		0.38089	0.2309	60.5203777188	5.6046
7 1 7			0.09		1.78		3.41		0.38067	0.3505	72.2660298289	5.0526
3 1 11			-0.76		1.02		14.41		0.36541	2.3814	52.0481274199	292.2152
5 5 7			0.08		1.1		13.36		0.36559	0.6639	72.2860687267	4.3062
4 4 4			-0.17		0.93		16.12		0.36521	0.8476	53.9354251327	76.9211
3 3 7			0.07		1.0		15.08		0.36538	0.1558	47.1418707618	3.5073
1 1 9			0.07		1.06		14.15		0.36554	0.2216	37.1193146943	1.1702
4 6 2			0.05		1.11		13.48		0.36561	0.2349	67.657370766	5.5969
6 0 2			0.05		1.16		12.81		0.36583	0.2214	55.354768557	5.4487
4 4 12			-0.11		1.06		14.34		0.3575	1.9475	72.2035773977	130.2426
2 0 14			0.05		1.11		13.65		0.35753	0.2634	58.6945218607	7.3942
0 6 16			0.04		1.15		13.11		0.35936	0.4825	89.3859051251	7.6515
0 2 20			0.04		1.19		12.57		0.359	0.4494	86.0769303832	2.8517
4 2 8			0.04		1.23		12.05		0.35762	0.7605	51.4203212226	2.5419
2 4 8			0.04		1.28		11.56		0.35707	0.1687	51.4325245866	2.4593
5 3 7			0.03		1.31		11.18		0.35707	0.2523	60.5057581853	5.4388
1 5 13			0.03		1.34		10.9		0.35874	1.1973	71.2966048402	12.6128
1 3 13			0.03		1.37		10.57		0.36047	0.3907	59.4200243294	11.5335
7 3 5			-0.02		1.35		10.74		0.36162	1.0496	74.7140851895	88.0788
3 3 9			0.02		1.38		10.49		0.36105	0.3816	52.4524123761	12.0632
3 1 9			0.03		1.4		10.21		0.36044	0.36	45.2950695798	8.7768
9 1 1			0.02		1.42		10.04		0.36033	0.8793	87.9915459652	19.6393
2 0 6			-0.06		1.36		10.63		0.35763	1.6278	29.1406672869	128.8477
4 6 4			-0.01		1.36		10.73		0.35799	1.0731	69.291881243	33.3045
4 2 6			0.02		1.37		10.55		0.35703	1.6049	46.7233273538	62.1975
0 6 2			0.02		1.39		10.32		0.35709	0.2356	55.3895592761	6.1752
1 1 13			0.02		1.41		10.13		0.35809	0.3722	52.9310122384	10.9703
3 3 13			0.02		1.44		9.9		0.35908	0.5636	65.4922780779	9.1158
4 2 14			0.02		1.46		9.66		0.35893	1.2576	70.6282605877	19.9713
6 0 6			0.02		1.48		9.45		0.35838	1.0815	60.1501886982	39.9969
0 0 4			-0.08		1.41		10.23		0.35809	0.8482	15.2869714585	59.1035
0 6 8			0.02		1.43		9.98		0.35783	0.7694	64.1950429677	5.6946
3 3 15			0.02		1.45		9.79		0.35791	0.3402	73.0835579415	3.8877
0 0 14			-0.01		1.45		9.86		0.35773	0.8389	55.4890953336	74.9432
4 6 6			0.02		1.47		9.65		0.35804	1.1903	71.9781772466	41.9784
3 1 1			-0.02		1.45		9.85		0.35794	0.5239	28.3131072915	41.7464
2 4 12			0.02		1.47		9.64		0.35789	0.2205	63.4791913795	4.8908
3 3 1			-0.01		1.46		9.71		0.35781	0.5106	38.1558496662	33.1617
1 5 9			0.02		1.48		9.54		0.35737	0.4394	58.984264935	17.7365
5 1 9			0.02		1.5		9.38		0.35695	0.4583	58.9619928854	19.0838
0 6 4			-0.03		1.46		9.68		0.35709	0.6675	57.2171401797	42.9768
0 4 18			0.02		1.48		9.49		0.35709	0.8369	84.5238780681	17.4513
4 2 2			0.0		1.49		9.45		0.3571	0.457	40.8620305525	12.2524
5 5 1			0.01		1.5		9.38		0.35706	0.5073	65.769247456	23.9531
0 6 0			0.01		1.5		9.33		0.35706	1.4277	54.7714555341	59.4019
3 5 9			0.01		1.51		9.23		0.35664	0.4755	65.0802252419	19.5165
4 2 10			0.01		1.52		9.15		0.35653	1.1102	57.0442200735	11.3144
0 6 12			0.02		1.54		9.01		0.35686	0.3425	75.0250979777	1.887
4 0 4			-0.07		1.46		9.71		0.35673	1.2165	39.0343929222	79.1487
6 4 4			-0.01		1.46		9.8		0.35683	0.6669	69.2748711385	33.991
1 3 1			-0.02		1.44		9.95		0.35678	0.5324	28.3265170018	42.1271