HKL Value		Reward		TotalReward	Chi Squared	Z Appr. 	Error	Two-Thetas	Sfs2
6 0 8			0.0		0.0		0.0		0.3	2.9234	64.163237895	5.3359
6 4 0			0.0		0.0		0.01		0.29685	1.8287	67.0910631577	58.6803
0 4 0			-1.0		-1.0		252.27		0.29685	6.137	35.7152072575	818.959
3 3 3			0.44		-0.56		174.64		0.32901	0.8081	39.7679129272	70.9373
1 3 7			0.33		-0.23		131.3		0.33414	0.1893	39.2755843192	5.3372
4 6 0			0.25		0.02		105.05		0.33414	0.7863	67.1083315067	59.4729
1 1 7			0.2		0.22		87.6		0.33565	0.2012	29.7561292971	6.5386
5 1 7			0.17		0.39		75.09		0.33609	0.2609	54.1000446603	4.252
3 3 1			0.12		0.51		67.02		0.33563	0.5106	38.1558496662	33.1617
3 1 7			0.12		0.64		59.59		0.33604	0.257	39.2655360855	5.205
1 5 7			0.11		0.75		53.63		0.33625	0.6035	54.1236034243	4.2528
3 5 7			0.1		0.85		48.76		0.33624	0.2309	60.5203777188	5.6046
5 5 7			0.09		0.94		44.72		0.33669	0.6639	72.2860687267	4.3062
7 1 7			0.08		1.02		41.28		0.33662	0.3505	72.2660298289	5.0526
5 3 7			0.08		1.1		38.33		0.33659	0.2523	60.5057581853	5.4388
5 3 9			0.06		1.16		36.08		0.33729	0.4833	65.0662013285	20.8409
3 3 7			0.07		1.23		33.84		0.33773	0.1558	47.1418707618	3.5073
2 0 14			0.06		1.28		32.0		0.33651	0.2634	58.6945218607	7.3942
0 2 14			0.06		1.34		30.29		0.33573	0.2479	58.6982494177	6.3292
2 6 2			-0.1		1.24		33.75		0.33623	1.2892	58.5985395934	134.3564
4 4 8			-0.08		1.16		36.66		0.37849	3.9407	61.1479986878	218.5721
6 0 2			0.05		1.21		34.93		0.37856	0.2214	55.354768557	5.4487
4 2 8			0.03		1.24		33.84		0.37907	0.7605	51.4203212226	2.5419
0 2 20			0.02		1.26		33.31		0.38245	0.4494	86.0769303832	2.8517
4 6 2			0.04		1.3		31.99		0.38248	0.2349	67.657370766	5.5969
2 4 8			0.03		1.33		31.04		0.38268	0.1687	51.4325245866	2.4593
0 6 16			0.03		1.36		30.15		0.38333	0.4825	89.3859051251	7.6515
2 0 16			0.04		1.39		29.12		0.3836	0.5935	67.2372591268	11.8907
1 3 11			-0.16		1.23		34.64		0.38275	2.4293	52.0561920156	298.4303
4 2 14			0.03		1.26		33.73		0.38293	1.2576	70.6282605877	19.9713
0 6 8			0.03		1.29		32.78		0.38305	0.7694	64.1950429677	5.6946
3 3 15			0.03		1.32		31.72		0.383	0.3402	73.0835579415	3.8877
0 6 2			0.03		1.35		30.74		0.383	0.2356	55.3895592761	6.1752
2 4 12			0.03		1.38		29.88		0.38301	0.2205	63.4791913795	4.8908
0 4 18			0.15		1.53		26.06		0.36254	0.8369	84.5238780681	17.4513
6 2 4			-0.03		1.5		26.75		0.36243	0.8727	60.3342977717	77.9073
3 3 9			0.02		1.53		26.13		0.3621	0.3816	52.4524123761	12.0632
4 6 6			0.03		1.56		25.42		0.36209	1.1903	71.9781772466	41.9784
1 1 9			0.03		1.58		24.76		0.36205	0.2216	37.1193146943	1.1702
2 2 14			0.0		1.58		24.74		0.36119	1.0835	61.7979105177	101.9829
3 1 9			0.02		1.61		24.17		0.36087	0.36	45.2950695798	8.7768
6 2 2			-0.06		1.55		25.63		0.36122	3.3001	58.5687226088	135.1206
2 2 2			-0.05		1.5		27.06		0.3615	1.1162	26.2109248846	125.5642
6 0 6			0.02		1.52		26.49		0.36118	1.0815	60.1501886982	39.9969
3 5 1			0.01		1.53		26.19		0.36112	0.5283	53.2544885252	31.9012
2 0 0			-0.02		1.51		26.64		0.36112	2.02	17.6289686615	175.6782
1 1 13			0.02		1.53		26.08		0.36142	0.3722	52.9310122384	10.9703
3 1 11			-0.07		1.47		27.94		0.36178	2.3814	52.0481274199	292.2152
4 6 4			0.01		1.48		27.63		0.36185	1.0731	69.291881243	33.3045
0 2 8			0.02		1.5		27.07		0.36182	0.1155	35.7619852008	1.7384
6 0 12			0.02		1.52		26.53		0.36179	0.5892	74.995462768	0.9301
1 5 13			0.02		1.54		26.02		0.362	1.1973	71.2966048402	12.6128
3 1 15			0.02		1.56		25.58		0.36209	0.2871	67.3554895111	7.7692
1 5 9			0.02		1.57		25.19		0.36182	0.4394	58.984264935	17.7365
5 1 9			0.01		1.59		24.82		0.3615	0.4583	58.9619928854	19.0838
1 7 1			0.01		1.6		24.57		0.36147	0.5219	65.7901743415	26.2984
4 2 6			0.01		1.61		24.28		0.36113	1.6049	46.7233273538	62.1975
1 7 7			0.02		1.63		23.89		0.36114	0.4353	72.3061031614	6.1143
5 5 1			0.01		1.64		23.59		0.36111	0.5073	65.769247456	23.9531
1 3 15			0.01		1.65		23.25		0.36123	0.2862	67.3623786269	8.1809
1 3 9			0.02		1.67		22.88		0.36107	0.2622	45.3040218183	7.1674
4 2 2			0.01		1.68		22.62		0.36108	0.457	40.8620305525	12.2524
0 2 16			0.01		1.69		22.29		0.3615	1.8687	67.2407114996	13.8307
2 0 10			0.01		1.7		22.14		0.36141	0.6169	42.9543880851	20.236
0 2 4			-0.03		1.67		22.94		0.36151	1.326	23.4223631322	110.0283
5 1 13			0.02		1.68		22.6		0.36167	0.4567	71.2764535317	11.3258
0 6 14			0.01		1.7		22.3		0.36151	0.9096	81.7552219026	27.2955
0 0 22			0.01		1.71		22.01		0.36172	2.2765	94.0325860765	137.6091
0 6 12			0.01		1.72		21.69		0.36168	0.3425	75.0250979777	1.887
3 5 9			0.01		1.73		21.49		0.36146	0.4755	65.0802252419	19.5165
1 1 15			0.01		1.74		21.34		0.36161	0.656	61.3839959686	20.6242
0 6 6			0.01		1.75		21.08		0.36146	1.0147	60.183190367	40.9583
2 4 2			0.01		1.76		20.9		0.36147	0.3828	40.8766170199	13.2501
6 0 10			0.01		1.77		20.67		0.36143	1.0728	69.1331306246	8.9056
0 4 20			0.01		1.78		20.42		0.36193	1.027	94.1654323607	18.6345
3 7 1			0.01		1.79		20.24		0.36192	1.2822	71.5694631273	22.2453
3 3 13			0.01		1.81		19.97		0.36193	0.5636	65.4922780779	9.1158
4 2 10			0.01		1.82		19.79		0.3619	1.1102	57.0442200735	11.3144
4 4 0			-0.17		1.65		23.72		0.3619	4.9852	51.3853572345	648.027
0 2 12			0.01		1.66		23.5		0.36174	0.3827	50.6142203783	17.5707
4 2 0			0.01		1.66		23.37		0.36174	0.9287	40.0811891304	86.5118
1 3 13			0.01		1.68		23.09		0.36183	0.3907	59.4200243294	11.5335
0 4 8			-0.04		1.64		24.05		0.36218	4.1351	47.9021960727	235.0989
2 0 8			0.01		1.65		23.76		0.36216	0.1665	35.7565424018	1.5727
2 2 16			0.01		1.66		23.59		0.36261	1.1693	70.1293332912	108.6018
0 6 18			0.01		1.67		23.32		0.36261	0.7949	98.0280769063	1.8601
3 1 13			0.01		1.68		23.05		0.36266	0.3869	59.4126405656	11.7895
0 0 18			0.01		1.69		22.86		0.36271	0.6609	73.530655613	37.988
2 6 10			0.0		1.69		22.81		0.36287	0.7069	72.0169435829	44.7171
3 1 1			0.0		1.69		22.77		0.36285	0.5239	28.3131072915	41.7464
2 4 6			0.01		1.7		22.64		0.36272	0.785	46.7364348384	64.2552
0 4 14			-0.0		1.69		22.73		0.36246	1.2337	67.7597167724	121.3788
7 1 1			0.01		1.7		22.6		0.36245	0.5207	65.7483230412	25.2044
9 1 1			0.01		1.71		22.41		0.36244	0.8793	87.9915459652	19.6393
2 4 10			0.01		1.72		22.25		0.36242	0.607	57.0555982332	12.0937
2 4 0			0.0		1.72		22.16		0.36242	1.4359	40.0960076051	88.2765
2 2 0			-0.23		1.49		28.7		0.36242	11.1953	25.0390113278	1035.9387
0 2 18			0.01		1.5		28.42		0.36242	0.3755	76.3208597895	3.7538
4 2 12			0.01		1.51		28.14		0.36238	0.2244	63.468523569	4.7972
6 2 10			0.0		1.51		28.05		0.36253	0.7103	71.9901825081	43.9921
5 3 11			-0.01		1.51		28.29		0.36258	1.8677	70.5420870211	204.0714
6 4 4			0.01		1.51		28.14		0.3626	0.6669	69.2748711385	33.991