HKL Value		Reward		TotalReward	Chi Squared	Z Appr. 	Error	Two-Thetas	Sfs2
4 0 12			0.0		0.0		0.0		0.3	2.7435	60.4154589103	161.2613
4 6 2			0.0		0.0		2.2		0.33206	0.2349	67.657370766	5.5969
1 7 5			-0.35		-0.35		3.39		0.41221	1.0841	69.0835930101	99.7513
0 2 10			0.5		0.15		2.26		0.4124	0.4317	42.9590557724	21.0204
0 0 10			-0.3		-0.15		3.23		0.41742	0.8316	38.8438017949	41.7013
0 6 0			-0.17		-0.32		3.88		0.41742	1.4277	54.7714555341	59.4019
0 4 0			-0.96		-1.28		87.32		0.41742	6.137	35.7152072575	818.959
6 0 0			0.16		-1.12		75.51		0.41742	0.7256	54.7363985401	55.434
4 0 4			0.07		-1.05		70.35		0.41905	1.2165	39.0343929222	79.1487
2 0 8			0.1		-0.95		64.1		0.41437	0.1665	35.7565424018	1.5727
3 5 9			0.09		-0.86		58.62		0.41524	0.4755	65.0802252419	19.5165
3 1 13			0.09		-0.77		53.81		0.41474	0.3869	59.4126405656	11.7895
6 0 4			0.04		-0.73		51.87		0.41443	0.7069	57.1830782131	42.6751
6 0 10			0.07		-0.65		48.29		0.41636	1.0728	69.1331306246	8.9056
2 4 8			0.08		-0.58		44.87		0.41609	0.1687	51.4325245866	2.4593
0 2 12			-0.03		-0.61		46.42		0.41393	0.3827	50.6142203783	17.5707
6 2 10			0.06		-0.55		43.81		0.41789	0.7103	71.9901825081	43.9921
0 6 4			0.02		-0.54		43.08		0.41765	0.6675	57.2171401797	42.9768
6 0 8			0.06		-0.48		40.72		0.41793	2.9234	64.163237895	5.3359
4 6 0			0.06		-0.42		38.58		0.41793	0.7863	67.1083315067	59.4729
0 4 20			0.05		-0.38		36.84		0.41572	1.027	94.1654323607	18.6345
1 1 11			-0.26		-0.64		49.95		0.41963	2.144	44.8525636461	378.5934
0 6 2			0.04		-0.59		47.85		0.41883	0.2356	55.3895592761	6.1752
0 0 6			-0.32		-0.92		70.72		0.41988	7.4326	23.0169618987	709.6598
5 1 3			0.01		-0.91		70.32		0.41749	0.9592	47.5591860667	88.1873
2 0 2			0.03		-0.88		68.35		0.41826	0.6502	19.2320929378	35.9547
5 1 13			0.04		-0.85		65.96		0.41746	0.4567	71.2764535317	11.3258
1 1 5			-0.0		-0.85		66.2		0.41453	1.9661	22.8949597146	247.5537
1 1 13			0.03		-0.82		64.01		0.41391	0.3722	52.9310122384	10.9703
4 6 6			0.02		-0.8		62.83		0.41386	1.1903	71.9781772466	41.9784
0 4 16			0.02		-0.78		61.56		0.42361	1.5557	75.7704700384	94.8658
1 1 1			0.02		-0.76		60.61		0.42359	0.5749	13.0194761966	56.7652
3 3 11			-0.05		-0.81		63.5		0.4409	2.1204	58.6030846927	249.5822
4 0 6			-0.14		-0.94		73.44		0.44178	5.3963	42.900258124	488.2208
0 6 18			0.01		-0.93		72.87		0.42692	0.7949	98.0280769063	1.8601
4 0 0			-0.14		-1.07		84.39		0.42692	8.3901	35.6934066618	787.9925
2 2 0			-0.16		-1.23		100.09		0.42692	11.1953	25.0390113278	1035.9387
0 4 2			0.01		-1.21		98.62		0.42721	3.2657	36.5744795411	137.7475
3 1 11			-0.03		-1.24		101.58		0.42905	2.3814	52.0481274199	292.2152
0 4 12			0.02		-1.22		99.22		0.42827	1.4889	60.4300914167	161.7651
0 2 4			0.0		-1.22		99.01		0.42818	1.326	23.4223631322	110.0283
3 5 3			0.01		-1.21		98.28		0.42808	0.9259	54.5093201099	87.7589
6 4 2			0.02		-1.18		95.99		0.42799	0.2211	67.6401768609	4.8049
9 1 1			0.02		-1.16		93.97		0.42798	0.8793	87.9915459652	19.6393
2 6 8			-0.02		-1.18		95.98		0.42767	4.3291	67.1483383839	218.3417
7 1 3			0.01		-1.18		95.38		0.42746	1.4031	66.8553232335	91.2915
7 1 5			0.02		-1.16		93.61		0.42697	1.5264	69.0427278305	98.726
4 0 8			-0.03		-1.18		96.02		0.42648	2.9483	47.8850437629	244.3799
4 0 2			0.01		-1.17		94.98		0.42683	1.7854	36.5531212028	138.5255
0 6 14			0.02		-1.15		93.08		0.42694	0.9096	81.7552219026	27.2955
1 1 15			0.02		-1.13		91.44		0.4273	0.656	61.3839959686	20.6242
3 3 1			0.02		-1.12		90.02		0.4273	0.5106	38.1558496662	33.1617
4 2 10			0.02		-1.1		88.36		0.42693	1.1102	57.0442200735	11.3144
3 1 9			0.02		-1.08		86.73		0.42645	0.36	45.2950695798	8.7768
0 2 18			0.02		-1.06		85.13		0.42596	0.3755	76.3208597895	3.7538
3 5 5			0.01		-1.05		84.1		0.42541	1.2751	56.9624934876	133.7285
0 2 14			0.02		-1.03		82.61		0.42528	0.2479	58.6982494177	6.3292
3 1 5			0.0		-1.03		82.2		0.42433	2.8985	34.1781376955	186.2389
3 7 1			0.02		-1.01		80.97		0.42428	1.2822	71.5694631273	22.2453
5 3 5			0.01		-1.0		80.05		0.42321	2.2247	56.9473208346	134.0256
2 6 10			0.02		-0.98		78.72		0.42271	0.7069	72.0169435829	44.7171
0 2 0			0.01		-0.98		78.21		0.42271	1.4407	17.6394681947	177.2483
6 2 2			0.01		-0.97		77.66		0.42319	3.3001	58.5687226088	135.1206
2 0 12			0.01		-0.96		77.12		0.42641	0.8079	50.6101057273	16.6151
3 7 3			0.0		-0.96		76.77		0.42633	0.8954	72.6346668965	71.6226
5 1 1			0.01		-0.95		75.83		0.42632	0.5346	46.1701152	26.7419
1 7 1			0.01		-0.93		74.91		0.42631	0.5219	65.7901743415	26.2984
4 2 6			0.01		-0.93		74.51		0.42633	1.6049	46.7233273538	62.1975
5 1 5			0.01		-0.92		73.88		0.42593	1.1901	50.2495039981	127.1383
4 0 10			0.01		-0.91		72.85		0.42549	0.6243	53.7713327333	45.2096
3 5 1			0.01		-0.89		72.07		0.42548	0.5283	53.2544885252	31.9012
3 3 3			0.0		-0.89		71.82		0.42537	0.8081	39.7679129272	70.9373
2 0 10			0.01		-0.88		70.95		0.4249	0.6169	42.9543880851	20.236
5 3 9			0.01		-0.86		69.99		0.42516	0.4833	65.0662013285	20.8409
2 6 0			-0.04		-0.9		72.77		0.42516	4.3567	58.0028534629	558.9791
2 4 2			0.01		-0.89		71.81		0.42518	0.3828	40.8766170199	13.2501
3 5 7			-0.02		-0.91		73.08		0.4052	0.2309	60.5203777188	5.6046
2 0 14			0.01		-0.89		72.14		0.40512	0.2634	58.6945218607	7.3942
3 3 15			0.0		-0.89		72.06		0.40829	0.3402	73.0835579415	3.8877
0 0 14			0.0		-0.89		71.83		0.40905	0.8389	55.4890953336	74.9432
4 4 8			-0.01		-0.9		72.88		0.40799	3.9407	61.1479986878	218.5721
0 6 6			0.01		-0.9		72.36		0.40798	1.0147	60.183190367	40.9583
2 6 6			-0.03		-0.93		74.9		0.40774	5.383	63.2392339525	346.2148
0 0 16			0.0		-0.93		74.89		0.40794	1.3342	64.286058028	116.6634
6 0 2			0.01		-0.92		74.02		0.40793	0.2214	55.354768557	5.4487
6 2 4			0.01		-0.91		73.62		0.40818	0.8727	60.3342977717	77.9073
2 4 14			0.01		-0.9		72.91		0.40804	0.5221	70.6383718296	19.4111
4 4 2			0.0		-0.9		72.71		0.40831	1.2125	52.0311030722	128.6454
4 4 4			0.0		-0.9		72.36		0.40874	0.8476	53.9354251327	76.9211
0 0 20			0.01		-0.89		71.72		0.4158	0.4542	83.3712939521	4.3689
1 7 7			-0.02		-0.9		72.94		0.41134	0.4353	72.3061031614	6.1143
2 6 2			0.0		-0.9		72.7		0.41142	1.2892	58.5985395934	134.3564
1 3 11			-0.03		-0.93		74.67		0.4115	2.4293	52.0561920156	298.4303
1 3 9			0.01		-0.92		73.9		0.41158	0.2622	45.3040218183	7.1674
4 4 10			0.01		-0.91		73.22		0.41202	0.6886	66.23802526	47.6672
4 6 4			0.01		-0.9		72.67		0.41198	1.0731	69.291881243	33.3045
1 5 5			0.01		-0.89		72.11		0.41187	1.8923	50.2743192378	127.3636
0 2 20			0.01		-0.88		71.37		0.41193	0.4494	86.0769303832	2.8517
5 3 7			-0.02		-0.9		72.6		0.40953	0.2523	60.5057581853	5.4388
1 3 5			0.0		-0.89		72.33		0.40943	3.1323	34.189462707	190.138
1 1 3			0.01		-0.89		71.88		0.40943	0.4514	16.9416048235	36.8187
0 4 18			0.01		-0.88		71.18		0.40963	0.8369	84.5238780681	17.4513