HKL Value		Reward		TotalReward	Chi Squared	Z Appr. 	Error	Two-Thetas	Sfs2
6 4 0			0.0		0.0		0.0		0.3	1.8287	67.0910631577	58.6803
1 1 5			0.0		0.0		63.49		0.4	1.9661	22.8949597146	247.5537
1 1 7			0.67		0.67		38.09		0.38417	0.2012	29.7561292971	6.5386
1 3 7			0.46		1.13		26.03		0.38213	0.1893	39.2755843192	5.3372
3 1 7			0.32		1.45		19.79		0.38105	0.257	39.2655360855	5.205
1 5 7			0.24		1.69		15.95		0.38043	0.6035	54.1236034243	4.2528
4 6 0			0.2		1.89		13.3		0.38043	0.7863	67.1083315067	59.4729
3 1 9			0.13		2.02		11.77		0.38079	0.36	45.2950695798	8.7768
3 5 7			0.14		2.15		10.33		0.38048	0.2309	60.5203777188	5.6046
7 1 7			0.12		2.28		9.2		0.38026	0.3505	72.2660298289	5.0526
5 5 7			0.1		2.38		8.38		0.37968	0.6639	72.2860687267	4.3062
3 3 7			0.08		2.46		7.73		0.37911	0.1558	47.1418707618	3.5073
1 5 13			-0.21		2.25		9.72		0.36812	1.1973	71.2966048402	12.6128
4 2 2			0.02		2.28		9.49		0.36823	0.457	40.8620305525	12.2524
6 0 12			0.08		2.36		8.82		0.36828	0.5892	74.995462768	0.9301
4 6 2			0.05		2.4		8.4		0.36833	0.2349	67.657370766	5.5969
2 0 14			0.05		2.46		7.98		0.3676	0.2634	58.6945218607	7.3942
2 6 0			-0.66		1.79		23.72		0.3676	4.3567	58.0028534629	558.9791
4 2 0			0.03		1.82		23.11		0.3676	0.9287	40.0811891304	86.5118
5 3 7			0.05		1.87		21.97		0.36775	0.2523	60.5057581853	5.4388
4 2 8			0.03		1.91		21.25		0.36647	0.7605	51.4203212226	2.5419
0 2 20			0.05		1.95		20.32		0.36451	0.4494	86.0769303832	2.8517
4 2 6			0.02		1.97		19.9		0.36383	1.6049	46.7233273538	62.1975
0 2 14			0.05		2.02		19.03		0.36384	0.2479	58.6982494177	6.3292
3 3 13			0.04		2.06		18.26		0.36341	0.5636	65.4922780779	9.1158
6 0 2			0.04		2.1		17.59		0.36346	0.2214	55.354768557	5.4487
0 6 16			0.04		2.14		16.93		0.36314	0.4825	89.3859051251	7.6515
3 3 9			0.03		2.17		16.47		0.36285	0.3816	52.4524123761	12.0632
3 7 3			-0.01		2.15		16.71		0.36266	0.8954	72.6346668965	71.6226
2 4 8			0.03		2.18		16.25		0.36215	0.1687	51.4325245866	2.4593
0 6 2			0.03		2.21		15.78		0.3622	0.2356	55.3895592761	6.1752
1 1 13			0.03		2.24		15.28		0.36238	0.3722	52.9310122384	10.9703
0 6 8			0.03		2.27		14.86		0.36208	0.7694	64.1950429677	5.6946
1 3 13			0.03		2.3		14.42		0.36229	0.3907	59.4200243294	11.5335
1 1 9			0.03		2.33		14.01		0.36226	0.2216	37.1193146943	1.1702
6 0 6			0.02		2.35		13.7		0.36197	1.0815	60.1501886982	39.9969
1 3 9			0.03		2.38		13.36		0.36173	0.2622	45.3040218183	7.1674
3 3 15			0.03		2.4		13.03		0.36182	0.3402	73.0835579415	3.8877
4 6 6			0.03		2.43		12.68		0.36182	1.1903	71.9781772466	41.9784
3 1 15			0.02		2.45		12.43		0.36197	0.2871	67.3554895111	7.7692
2 4 12			0.02		2.47		12.15		0.36181	0.2205	63.4791913795	4.8908
3 1 13			0.02		2.5		11.87		0.36204	0.3869	59.4126405656	11.7895
0 6 6			0.02		2.52		11.67		0.36177	1.0147	60.183190367	40.9583
5 1 9			0.01		2.53		11.52		0.36131	0.4583	58.9619928854	19.0838
1 5 9			0.01		2.54		11.35		0.36079	0.4394	58.984264935	17.7365
3 7 1			0.01		2.55		11.25		0.36073	1.2822	71.5694631273	22.2453
3 3 1			-0.0		2.55		11.29		0.36065	0.5106	38.1558496662	33.1617
5 1 7			0.02		2.57		11.08		0.36065	0.2609	54.1000446603	4.252
5 5 1			0.01		2.58		10.98		0.36061	0.5073	65.769247456	23.9531
1 7 7			0.02		2.59		10.81		0.36061	0.4353	72.3061031614	6.1143
0 2 8			0.02		2.61		10.59		0.36061	0.1155	35.7619852008	1.7384
4 2 10			0.01		2.62		10.5		0.36043	1.1102	57.0442200735	11.3144
0 4 18			0.02		2.64		10.3		0.36039	0.8369	84.5238780681	17.4513
3 5 9			0.01		2.65		10.24		0.3595	0.4755	65.0802252419	19.5165
5 3 9			0.01		2.65		10.17		0.35847	0.4833	65.0662013285	20.8409
0 0 20			-0.02		2.63		10.4		0.36301	0.4542	83.3712939521	4.3689
1 3 15			0.01		2.65		10.27		0.36304	0.2862	67.3623786269	8.1809
0 6 14			0.01		2.66		10.15		0.36293	0.9096	81.7552219026	27.2955
7 1 3			-0.03		2.62		10.49		0.36287	1.4031	66.8553232335	91.2915
0 2 12			0.01		2.63		10.44		0.36275	0.3827	50.6142203783	17.5707
2 2 10			-0.02		2.61		10.6		0.36293	0.6429	46.7739448495	44.8949
0 6 12			0.02		2.63		10.43		0.36291	0.3425	75.0250979777	1.887
2 4 10			0.01		2.64		10.38		0.36289	0.607	57.0555982332	12.0937
2 0 12			0.01		2.64		10.32		0.36276	0.8079	50.6101057273	16.6151
2 0 8			0.02		2.66		10.16		0.36274	0.1665	35.7565424018	1.5727
5 1 13			0.02		2.67		10.0		0.36277	0.4567	71.2764535317	11.3258
2 0 6			-0.04		2.64		10.39		0.36251	1.6278	29.1406672869	128.8477
1 1 15			0.0		2.64		10.38		0.36259	0.656	61.3839959686	20.6242
6 0 10			0.01		2.64		10.29		0.36257	1.0728	69.1331306246	8.9056
2 4 2			0.0		2.65		10.26		0.36257	0.3828	40.8766170199	13.2501
6 0 8			0.01		2.66		10.15		0.36248	2.9234	64.163237895	5.3359
0 6 18			0.01		2.67		10.01		0.36248	0.7949	98.0280769063	1.8601
4 4 8			-0.11		2.57		11.19		0.36277	3.9407	61.1479986878	218.5721
3 5 3			-0.03		2.54		11.52		0.36272	0.9259	54.5093201099	87.7589
4 2 14			0.01		2.55		11.39		0.36264	1.2576	70.6282605877	19.9713
0 6 0			0.01		2.56		11.33		0.36264	1.4277	54.7714555341	59.4019
0 4 20			0.01		2.57		11.18		0.36276	1.027	94.1654323607	18.6345
0 0 18			0.01		2.57		11.11		0.36281	0.6609	73.530655613	37.988
7 1 1			0.0		2.58		11.1		0.3628	0.5207	65.7483230412	25.2044
4 4 6			-0.18		2.39		13.55		0.36241	4.3817	57.0116572758	400.3855
2 2 16			0.0		2.4		13.5		0.36277	1.1693	70.1293332912	108.6018
0 6 10			0.01		2.41		13.39		0.36276	0.8527	69.1637693973	8.5049
0 2 16			0.01		2.42		13.23		0.36284	1.8687	67.2407114996	13.8307
0 2 18			0.01		2.43		13.09		0.36285	0.3755	76.3208597895	3.7538
5 3 11			-0.03		2.4		13.55		0.36287	1.8677	70.5420870211	204.0714
2 6 10			-0.0		2.39		13.61		0.363	0.7069	72.0169435829	44.7171
7 3 1			0.01		2.4		13.53		0.363	0.5095	71.5359286583	22.1332
2 4 0			-0.0		2.4		13.53		0.363	1.4359	40.0960076051	88.2765
9 1 1			0.01		2.4		13.44		0.36299	0.8793	87.9915459652	19.6393
2 4 6			0.0		2.41		13.41		0.36288	0.785	46.7364348384	64.2552
3 5 1			-0.0		2.41		13.41		0.36288	0.5283	53.2544885252	31.9012
3 1 1			-0.0		2.4		13.48		0.36285	0.5239	28.3131072915	41.7464
0 0 14			-0.0		2.4		13.52		0.36269	0.8389	55.4890953336	74.9432