HKL Value		Reward		TotalReward	Chi Squared	Z Appr. 	Error	Two-Thetas	Sfs2
6 4 0			0.0		0.0		0.0		0.3	1.8287	67.0910631577	58.6803
1 1 7			0.0		0.0		0.01		0.33798	0.2012	29.7561292971	6.5386
7 1 3			-1.0		-1.0		11.59		0.33713	1.4031	66.8553232335	91.2915
0 2 4			-0.67		-1.66		34.68		0.35909	1.326	23.4223631322	110.0283
1 3 7			0.31		-1.35		26.42		0.36214	0.1893	39.2755843192	5.3372
3 1 7			0.24		-1.11		21.34		0.37069	0.257	39.2655360855	5.205
0 4 0			-0.79		-1.9		101.87		0.37067	6.137	35.7152072575	818.959
6 2 4			0.1		-1.81		92.78		0.33601	0.8727	60.3342977717	77.9073
1 5 7			0.14		-1.66		81.19		0.3363	0.6035	54.1236034243	4.2528
3 5 7			0.12		-1.54		72.17		0.33627	0.2309	60.5203777188	5.6046
4 6 0			0.11		-1.43		64.95		0.33627	0.7863	67.1083315067	59.4729
5 5 7			0.1		-1.33		59.07		0.3368	0.6639	72.2860687267	4.3062
7 1 7			0.09		-1.24		54.15		0.3367	0.3505	72.2660298289	5.0526
5 3 7			0.08		-1.15		49.99		0.33667	0.2523	60.5057581853	5.4388
3 3 7			0.08		-1.08		46.45		0.33712	0.1558	47.1418707618	3.5073
5 5 5			-0.01		-1.09		46.94		0.34191	1.5862	69.0631626084	104.8873
1 7 7			0.07		-1.02		44.06		0.34025	0.4353	72.3061031614	6.1143
2 0 14			0.06		-0.97		41.69		0.33849	0.2634	58.6945218607	7.3942
0 2 14			0.06		-0.91		39.49		0.33689	0.2479	58.6982494177	6.3292
6 0 2			0.05		-0.86		37.55		0.33688	0.2214	55.354768557	5.4487
4 2 8			0.05		-0.81		35.68		0.33683	0.7605	51.4203212226	2.5419
2 0 16			0.04		-0.76		34.26		0.33797	0.5935	67.2372591268	11.8907
4 6 2			0.04		-0.72		32.8		0.33779	0.2349	67.657370766	5.5969
0 0 20			0.04		-0.68		31.54		0.33499	0.4542	83.3712939521	4.3689
5 3 1			0.03		-0.65		30.68		0.33494	0.5252	53.2386121167	32.835
0 2 6			0.03		-0.63		29.9		0.33491	1.1672	29.1471999487	131.5155
0 2 20			0.04		-0.59		28.79		0.33535	0.4494	86.0769303832	2.8517
2 4 8			0.04		-0.55		27.73		0.33538	0.1687	51.4325245866	2.4593
0 6 16			0.03		-0.52		26.87		0.33547	0.4825	89.3859051251	7.6515
0 6 8			0.03		-0.48		25.99		0.3354	0.7694	64.1950429677	5.6946
4 2 14			0.02		-0.47		25.53		0.33523	1.2576	70.6282605877	19.9713
0 6 2			0.03		-0.44		24.81		0.33523	0.2356	55.3895592761	6.1752
2 4 12			-0.15		-0.59		29.16		0.33709	0.2205	63.4791913795	4.8908
3 3 15			-0.05		-0.63		30.61		0.34056	0.3402	73.0835579415	3.8877
2 0 8			0.03		-0.6		29.74		0.3407	0.1665	35.7565424018	1.5727
5 1 7			0.03		-0.57		28.89		0.34068	0.2609	54.1000446603	4.252
3 3 9			0.02		-0.56		28.45		0.341	0.3816	52.4524123761	12.0632
4 6 6			0.02		-0.54		28.01		0.34112	1.1903	71.9781772466	41.9784
1 1 9			-0.01		-0.56		28.39		0.34211	0.2216	37.1193146943	1.1702
0 4 18			0.42		-0.14		20.03		0.3636	0.8369	84.5238780681	17.4513
3 1 9			0.02		-0.12		19.61		0.36351	0.36	45.2950695798	8.7768
6 0 6			0.02		-0.1		19.24		0.36339	1.0815	60.1501886982	39.9969
1 1 13			0.02		-0.07		18.78		0.36338	0.3722	52.9310122384	10.9703
0 2 8			0.02		-0.05		18.35		0.36335	0.1155	35.7619852008	1.7384
6 0 12			0.02		-0.03		17.93		0.36335	0.5892	74.995462768	0.9301
2 0 12			0.01		-0.01		17.69		0.36321	0.8079	50.6101057273	16.6151
1 5 13			0.02		0.01		17.31		0.36325	1.1973	71.2966048402	12.6128
3 1 15			0.02		0.03		16.99		0.36329	0.2871	67.3554895111	7.7692
6 0 8			0.02		0.04		16.7		0.36317	2.9234	64.163237895	5.3359
5 5 1			0.01		0.06		16.49		0.36316	0.5073	65.769247456	23.9531
3 1 5			-0.07		-0.01		17.76		0.36346	2.8985	34.1781376955	186.2389
1 5 9			0.01		-0.0		17.53		0.36333	0.4394	58.984264935	17.7365
5 1 9			0.01		0.01		17.33		0.36319	0.4583	58.9619928854	19.0838
6 0 10			0.01		0.02		17.09		0.36317	1.0728	69.1331306246	8.9056
4 2 6			0.01		0.03		16.96		0.363	1.6049	46.7233273538	62.1975
1 7 1			0.01		0.04		16.86		0.36299	0.5219	65.7901743415	26.2984
1 3 15			0.02		0.05		16.61		0.36303	0.2862	67.3623786269	8.1809
1 3 9			0.02		0.07		16.35		0.36296	0.2622	45.3040218183	7.1674
4 2 2			0.01		0.08		16.19		0.36297	0.457	40.8620305525	12.2524
0 2 16			0.02		0.1		15.93		0.36307	1.8687	67.2407114996	13.8307
7 1 1			0.01		0.1		15.84		0.36307	0.5207	65.7483230412	25.2044
5 1 13			0.02		0.12		15.58		0.36308	0.4567	71.2764535317	11.3258
2 0 10			0.0		0.12		15.54		0.36305	0.6169	42.9543880851	20.236
0 6 12			0.02		0.14		15.3		0.36303	0.3425	75.0250979777	1.887
2 6 8			-0.07		0.07		16.37		0.36332	4.3291	67.1483383839	218.3417
3 5 9			0.01		0.08		16.27		0.36321	0.4755	65.0802252419	19.5165
1 1 15			0.01		0.08		16.16		0.36327	0.656	61.3839959686	20.6242
0 6 6			0.01		0.09		15.99		0.36317	1.0147	60.183190367	40.9583
2 4 2			0.01		0.1		15.87		0.36317	0.3828	40.8766170199	13.2501
3 3 1			0.0		0.1		15.84		0.36317	0.5106	38.1558496662	33.1617
3 3 13			0.01		0.12		15.61		0.36311	0.5636	65.4922780779	9.1158
0 6 14			0.01		0.13		15.45		0.36301	0.9096	81.7552219026	27.2955
3 7 1			0.01		0.14		15.33		0.363	1.2822	71.5694631273	22.2453
0 4 20			0.01		0.15		15.12		0.36305	1.027	94.1654323607	18.6345
4 2 10			0.01		0.16		15.0		0.36304	1.1102	57.0442200735	11.3144
2 2 16			0.01		0.16		14.9		0.36334	1.1693	70.1293332912	108.6018
4 6 4			0.0		0.17		14.87		0.36335	1.0731	69.291881243	33.3045
1 1 5			-0.08		0.09		16.09		0.36358	1.9661	22.8949597146	247.5537
1 3 13			0.01		0.1		15.89		0.36358	0.3907	59.4200243294	11.5335
0 2 12			0.01		0.11		15.79		0.3635	0.3827	50.6142203783	17.5707
4 2 0			0.0		0.11		15.75		0.3635	0.9287	40.0811891304	86.5118
2 6 4			-0.03		0.09		16.18		0.36348	0.8772	60.3635846112	78.02
0 6 18			0.01		0.1		15.99		0.36348	0.7949	98.0280769063	1.8601
3 1 13			0.01		0.11		15.8		0.36348	0.3869	59.4126405656	11.7895
5 3 9			0.0		0.11		15.74		0.36341	0.4833	65.0662013285	20.8409
4 4 2			-0.05		0.07		16.52		0.36346	1.2125	52.0311030722	128.6454
2 6 10			-0.0		0.07		16.54		0.36358	0.7069	72.0169435829	44.7171
3 5 1			0.0		0.07		16.51		0.36358	0.5283	53.2544885252	31.9012
2 4 6			0.0		0.07		16.45		0.36347	0.785	46.7364348384	64.2552
2 4 10			0.01		0.08		16.35		0.36346	0.607	57.0555982332	12.0937
2 4 0			0.0		0.08		16.32		0.36346	1.4359	40.0960076051	88.2765
0 2 18			0.01		0.09		16.15		0.36346	0.3755	76.3208597895	3.7538
4 2 4			-0.01		0.07		16.4		0.36349	0.7624	43.1345383828	64.2766
4 2 12			0.01		0.08		16.24		0.36346	0.2244	63.468523569	4.7972
6 2 10			-0.0		0.08		16.25		0.36359	0.7103	71.9901825081	43.9921
0 0 18			0.01		0.09		16.14		0.36366	0.6609	73.530655613	37.988
7 3 1			0.01		0.1		16.04		0.36365	0.5095	71.5359286583	22.1332
9 1 1			0.01		0.1		15.93		0.36365	0.8793	87.9915459652	19.6393
6 0 0			0.01		0.11		15.81		0.36365	0.7256	54.7363985401	55.434
7 3 5			0.0		0.11		15.78		0.36375	1.0496	74.7140851895	88.0788
3 1 1			-0.0		0.11		15.82		0.36374	0.5239	28.3131072915	41.7464
0 6 0			0.01		0.12		15.73		0.36374	1.4277	54.7714555341	59.4019