HKL Value		Reward		TotalReward	Chi Squared	Z Appr. 	Error	Two-Thetas	Sfs2
6 4 0			0.0		0.0		0.0		0.3	1.8287	67.0910631577	58.6803
1 1 7			0.0		0.0		0.01		0.33798	0.2012	29.7561292971	6.5386
1 3 7			0.42		0.42		0.01		0.3377	0.1893	39.2755843192	5.3372
3 1 7			0.49		0.91		0.01		0.33767	0.257	39.2655360855	5.205
4 0 10			-1.0		-0.09		4.11		0.33276	0.6243	53.7713327333	45.2096
1 5 7			0.2		0.11		3.43		0.33359	0.6035	54.1236034243	4.2528
4 6 0			0.2		0.31		2.87		0.33359	0.7863	67.1083315067	59.4729
3 5 7			0.15		0.46		2.49		0.33397	0.2309	60.5203777188	5.6046
5 3 1			-0.29		0.16		3.52		0.33375	0.5252	53.2386121167	32.835
5 5 7			0.08		0.25		3.26		0.33457	0.6639	72.2860687267	4.3062
7 1 7			0.11		0.36		2.94		0.33472	0.3505	72.2660298289	5.0526
5 3 7			0.1		0.45		2.68		0.3349	0.2523	60.5057581853	5.4388
3 3 7			0.05		0.51		2.54		0.3355	0.1558	47.1418707618	3.5073
2 0 14			0.04		0.55		2.44		0.33481	0.2634	58.6945218607	7.3942
0 2 14			0.06		0.61		2.29		0.33444	0.2479	58.6982494177	6.3292
6 0 2			-0.01		0.6		2.32		0.33443	0.2214	55.354768557	5.4487
4 2 8			0.06		0.66		2.19		0.33458	0.7605	51.4203212226	2.5419
2 0 6			-0.17		0.49		2.64		0.33454	1.6278	29.1406672869	128.8477
6 2 2			-0.67		-0.18		7.9		0.33483	3.3001	58.5687226088	135.1206
4 6 2			0.04		-0.14		7.58		0.33478	0.2349	67.657370766	5.5969
0 2 20			0.05		-0.09		7.25		0.3356	0.4494	86.0769303832	2.8517
2 4 8			0.05		-0.04		6.9		0.33564	0.1687	51.4325245866	2.4593
1 1 3			-0.03		-0.07		7.14		0.33563	0.4514	16.9416048235	36.8187
0 6 16			0.02		-0.05		6.98		0.33582	0.4825	89.3859051251	7.6515
0 6 8			0.03		-0.02		6.76		0.33569	0.7694	64.1950429677	5.6946
2 4 12			-0.11		-0.13		7.62		0.35529	0.2205	63.4791913795	4.8908
4 4 4			-0.17		-0.3		9.22		0.35472	0.8476	53.9354251327	76.9211
4 2 14			0.03		-0.27		8.91		0.35495	1.2576	70.6282605877	19.9713
6 0 8			0.04		-0.23		8.59		0.355	2.9234	64.163237895	5.3359
0 6 2			0.02		-0.21		8.38		0.35507	0.2356	55.3895592761	6.1752
3 3 15			0.03		-0.18		8.15		0.35466	0.3402	73.0835579415	3.8877
5 1 7			0.03		-0.15		7.93		0.35463	0.2609	54.1000446603	4.252
0 0 16			-0.05		-0.2		8.38		0.36283	1.3342	64.286058028	116.6634
3 1 13			0.03		-0.17		8.13		0.36295	0.3869	59.4126405656	11.7895
3 3 9			0.01		-0.16		8.03		0.36268	0.3816	52.4524123761	12.0632
4 6 6			0.03		-0.13		7.8		0.36264	1.1903	71.9781772466	41.9784
1 1 9			0.03		-0.1		7.59		0.36262	0.2216	37.1193146943	1.1702
0 4 18			0.03		-0.08		7.39		0.36266	0.8369	84.5238780681	17.4513
3 1 9			0.02		-0.06		7.27		0.36242	0.36	45.2950695798	8.7768
2 2 12			-0.23		-0.29		9.4		0.35606	1.9766	54.0147953295	208.0279
6 0 6			0.02		-0.26		9.18		0.35584	1.0815	60.1501886982	39.9969
4 0 4			-0.1		-0.36		10.16		0.35555	1.2165	39.0343929222	79.1487
2 0 8			0.02		-0.34		9.93		0.3556	0.1665	35.7565424018	1.5727
1 1 13			0.01		-0.32		9.8		0.3561	0.3722	52.9310122384	10.9703
1 5 5			-0.1		-0.42		10.85		0.35899	1.8923	50.2743192378	127.3636
0 2 8			0.02		-0.4		10.61		0.35908	0.1155	35.7619852008	1.7384
6 0 12			0.02		-0.38		10.38		0.35953	0.5892	74.995462768	0.9301
1 5 13			0.02		-0.36		10.21		0.36052	1.1973	71.2966048402	12.6128
3 1 15			0.01		-0.34		10.06		0.3608	0.2871	67.3554895111	7.7692
1 5 9			0.01		-0.33		9.93		0.36003	0.4394	58.984264935	17.7365
5 1 9			0.01		-0.32		9.8		0.35898	0.4583	58.9619928854	19.0838
4 2 6			0.01		-0.31		9.72		0.35812	1.6049	46.7233273538	62.1975
1 7 1			-0.0		-0.31		9.74		0.35802	0.5219	65.7901743415	26.2984
1 1 5			-0.17		-0.49		11.8		0.36044	1.9661	22.8949597146	247.5537
1 7 7			0.01		-0.47		11.63		0.36044	0.4353	72.3061031614	6.1143
0 0 6			-0.37		-0.84		18.58		0.3568	7.4326	23.0169618987	709.6598
1 3 15			0.01		-0.83		18.32		0.3568	0.2862	67.3623786269	8.1809
1 3 9			0.02		-0.81		18.0		0.35678	0.2622	45.3040218183	7.1674
4 2 2			0.01		-0.8		17.82		0.35679	0.457	40.8620305525	12.2524
0 2 16			0.01		-0.79		17.64		0.35739	1.8687	67.2407114996	13.8307
5 1 13			0.01		-0.78		17.4		0.35815	0.4567	71.2764535317	11.3258
2 0 10			0.01		-0.77		17.31		0.35782	0.6169	42.9543880851	20.236
0 6 12			0.02		-0.76		17.03		0.35802	0.3425	75.0250979777	1.887
6 0 4			-0.01		-0.76		17.14		0.35821	0.7069	57.1830782131	42.6751
3 5 9			0.01		-0.75		16.95		0.35757	0.4755	65.0802252419	19.5165
3 3 1			0.0		-0.75		16.89		0.3575	0.5106	38.1558496662	33.1617
3 5 11			-0.04		-0.78		17.52		0.35873	1.8915	70.5555824797	206.4699
5 5 1			0.01		-0.77		17.34		0.35868	0.5073	65.769247456	23.9531
0 6 14			0.01		-0.76		17.12		0.35857	0.9096	81.7552219026	27.2955
1 1 15			0.0		-0.76		17.04		0.359	0.656	61.3839959686	20.6242
5 5 3			-0.0		-0.76		17.12		0.35881	0.8107	66.8760743485	64.1048
0 6 6			0.01		-0.75		16.9		0.35851	1.0147	60.183190367	40.9583
5 3 9			0.01		-0.74		16.75		0.35792	0.4833	65.0662013285	20.8409
9 1 1			0.01		-0.73		16.59		0.35787	0.8793	87.9915459652	19.6393
4 4 10			-0.01		-0.74		16.72		0.35831	0.6886	66.23802526	47.6672
2 4 2			0.01		-0.73		16.61		0.35834	0.3828	40.8766170199	13.2501
6 0 10			0.01		-0.72		16.44		0.35822	1.0728	69.1331306246	8.9056
3 3 13			0.01		-0.71		16.25		0.35861	0.5636	65.4922780779	9.1158
6 2 0			-0.17		-0.88		19.66		0.35861	4.3933	57.9728440251	566.5186
3 7 1			0.01		-0.87		19.49		0.3586	1.2822	71.5694631273	22.2453
0 4 20			0.01		-0.87		19.36		0.36089	1.027	94.1654323607	18.6345
4 2 10			0.01		-0.86		19.19		0.36085	1.1102	57.0442200735	11.3144
2 2 16			0.0		-0.85		19.13		0.36165	1.1693	70.1293332912	108.6018
1 3 13			0.01		-0.84		18.9		0.36175	0.3907	59.4200243294	11.5335
0 2 12			0.01		-0.83		18.75		0.36158	0.3827	50.6142203783	17.5707
1 3 5			-0.04		-0.88		19.54		0.36194	3.1323	34.189462707	190.138
4 2 0			0.0		-0.87		19.46		0.36194	0.9287	40.0811891304	86.5118
4 6 4			0.0		-0.87		19.39		0.36197	1.0731	69.291881243	33.3045
0 6 18			0.01		-0.86		19.17		0.36197	0.7949	98.0280769063	1.8601
2 6 10			-0.0		-0.86		19.18		0.36217	0.7069	72.0169435829	44.7171
3 5 1			0.0		-0.85		19.12		0.36216	0.5283	53.2544885252	31.9012
0 4 10			-0.0		-0.85		19.12		0.36235	0.9893	53.7871001638	44.1425
2 4 6			0.01		-0.85		19.03		0.36219	0.785	46.7364348384	64.2552
2 4 10			0.01		-0.84		18.9		0.36215	0.607	57.0555982332	12.0937
7 1 1			0.0		-0.84		18.81		0.36214	0.5207	65.7483230412	25.2044
4 4 6			-0.09		-0.93		20.74		0.36152	4.3817	57.0116572758	400.3855
0 2 18			0.01		-0.92		20.53		0.36152	0.3755	76.3208597895	3.7538
2 4 0			0.0		-0.92		20.46		0.36152	1.4359	40.0960076051	88.2765
4 2 12			0.01		-0.91		20.27		0.36146	0.2244	63.468523569	4.7972
6 2 10			0.0		-0.91		20.26		0.36167	0.7103	71.9901825081	43.9921
0 0 18			0.01		-0.9		20.12		0.36171	0.6609	73.530655613	37.988
7 3 1			0.01		-0.89		19.99		0.36169	0.5095	71.5359286583	22.1332