HKL Value		Reward		TotalReward	Chi Squared	Z Appr. 	Error	Two-Thetas	Sfs2
1 3 7			0.0		0.0		0.0		0.3	0.1893	39.2755843192	5.3372
6 4 0			0.0		0.0		0.01		0.33738	1.8287	67.0910631577	58.6803
1 1 7			0.42		0.42		0.01		0.3377	0.2012	29.7561292971	6.5386
5 3 5			-1.0		-0.58		7.92		0.38082	2.2247	56.9473208346	134.0256
3 1 7			0.3		-0.28		6.07		0.37992	0.257	39.2655360855	5.205
4 2 6			-0.42		-0.7		10.55		0.37527	1.6049	46.7233273538	62.1975
4 6 0			0.2		-0.5		8.8		0.37527	0.7863	67.1083315067	59.4729
1 5 7			0.17		-0.34		7.55		0.37563	0.6035	54.1236034243	4.2528
3 3 7			0.14		-0.19		6.61		0.37521	0.1558	47.1418707618	3.5073
7 1 7			0.12		-0.07		5.9		0.37565	0.3505	72.2660298289	5.0526
5 5 7			0.11		0.04		5.31		0.37552	0.6639	72.2860687267	4.3062
3 5 7			0.1		0.13		4.84		0.37583	0.2309	60.5203777188	5.6046
3 3 13			-0.11		0.03		5.42		0.3642	0.5636	65.4922780779	9.1158
1 1 13			0.08		0.11		5.01		0.3638	0.3722	52.9310122384	10.9703
6 0 2			0.05		0.16		4.77		0.36387	0.2214	55.354768557	5.4487
4 6 2			0.03		0.19		4.63		0.3639	0.2349	67.657370766	5.5969
7 1 3			-0.25		-0.06		6.21		0.36348	1.4031	66.8553232335	91.2915
2 0 14			0.06		-0.0		5.85		0.3634	0.2634	58.6945218607	7.3942
0 6 2			0.04		0.04		5.64		0.36347	0.2356	55.3895592761	6.1752
2 4 12			0.04		0.07		5.43		0.3632	0.2205	63.4791913795	4.8908
4 2 8			0.02		0.09		5.33		0.36225	0.7605	51.4203212226	2.5419
1 3 13			0.05		0.14		5.09		0.36261	0.3907	59.4200243294	11.5335
3 3 9			0.01		0.15		5.05		0.36202	0.3816	52.4524123761	12.0632
7 1 1			-0.04		0.1		5.28		0.36192	0.5207	65.7483230412	25.2044
5 5 1			-0.01		0.1		5.32		0.36182	0.5073	65.769247456	23.9531
4 6 6			0.04		0.14		5.11		0.36182	1.1903	71.9781772466	41.9784
0 2 16			0.03		0.17		4.96		0.36258	1.8687	67.2407114996	13.8307
4 4 2			-0.37		-0.2		7.84		0.36291	1.2125	52.0311030722	128.6454
1 5 13			0.04		-0.16		7.57		0.36308	1.1973	71.2966048402	12.6128
0 6 16			0.03		-0.13		7.31		0.3629	0.4825	89.3859051251	7.6515
3 1 9			0.02		-0.11		7.17		0.36271	0.36	45.2950695798	8.7768
0 2 20			0.03		-0.08		6.94		0.36281	0.4494	86.0769303832	2.8517
6 0 10			0.01		-0.07		6.87		0.36277	1.0728	69.1331306246	8.9056
0 2 4			-0.23		-0.29		8.88		0.36287	1.326	23.4223631322	110.0283
3 5 9			-0.0		-0.29		8.88		0.36258	0.4755	65.0802252419	19.5165
5 3 7			0.02		-0.27		8.68		0.3626	0.2523	60.5057581853	5.4388
2 4 8			0.02		-0.25		8.54		0.36227	0.1687	51.4325245866	2.4593
3 1 11			-0.25		-0.5		11.37		0.36246	2.3814	52.0481274199	292.2152
6 0 6			0.02		-0.48		11.16		0.36224	1.0815	60.1501886982	39.9969
0 4 18			0.03		-0.46		10.88		0.36227	0.8369	84.5238780681	17.4513
0 2 18			0.02		-0.43		10.64		0.36229	0.3755	76.3208597895	3.7538
5 1 7			0.02		-0.41		10.41		0.3623	0.2609	54.1000446603	4.252
4 2 14			0.02		-0.39		10.2		0.36213	1.2576	70.6282605877	19.9713
2 6 2			-0.14		-0.53		11.89		0.36233	1.2892	58.5985395934	134.3564
1 1 9			0.02		-0.51		11.62		0.36232	0.2216	37.1193146943	1.1702
6 0 12			0.02		-0.49		11.37		0.36229	0.5892	74.995462768	0.9301
0 6 8			0.02		-0.47		11.16		0.36208	0.7694	64.1950429677	5.6946
5 1 3			-0.03		-0.5		11.48		0.36192	0.9592	47.5591860667	88.1873
1 5 9			0.01		-0.49		11.34		0.36156	0.4394	58.984264935	17.7365
1 3 15			0.01		-0.47		11.18		0.36169	0.2862	67.3623786269	8.1809
4 2 2			0.01		-0.46		11.09		0.36171	0.457	40.8620305525	12.2524
6 0 8			0.02		-0.45		10.92		0.36145	2.9234	64.163237895	5.3359
0 2 14			0.02		-0.43		10.71		0.36154	0.2479	58.6982494177	6.3292
0 6 18			0.02		-0.41		10.52		0.36154	0.7949	98.0280769063	1.8601
5 1 9			0.01		-0.4		10.42		0.36113	0.4583	58.9619928854	19.0838
0 6 14			0.01		-0.39		10.28		0.3609	0.9096	81.7552219026	27.2955
7 3 1			0.01		-0.38		10.21		0.36086	0.5095	71.5359286583	22.1332
4 4 12			-0.04		-0.42		10.66		0.35846	1.9475	72.2035773977	130.2426
2 4 6			0.01		-0.41		10.58		0.35791	0.785	46.7364348384	64.2552
3 1 15			0.01		-0.4		10.47		0.35801	0.2871	67.3554895111	7.7692
4 2 10			0.01		-0.4		10.39		0.35785	1.1102	57.0442200735	11.3144
3 3 15			0.01		-0.38		10.25		0.35788	0.3402	73.0835579415	3.8877
2 2 16			-0.02		-0.4		10.42		0.36077	1.1693	70.1293332912	108.6018
1 5 11			-0.07		-0.47		11.23		0.36111	1.8219	64.7342781598	204.7444
0 6 12			0.02		-0.46		11.06		0.36106	0.3425	75.0250979777	1.887
0 6 10			0.01		-0.45		10.96		0.36099	0.8527	69.1637693973	8.5049
4 4 8			-0.11		-0.55		12.27		0.36172	3.9407	61.1479986878	218.5721
0 0 18			0.01		-0.55		12.18		0.36178	0.6609	73.530655613	37.988
0 6 6			0.01		-0.53		12.05		0.36159	1.0147	60.183190367	40.9583
5 3 9			0.0		-0.53		12.0		0.36128	0.4833	65.0662013285	20.8409
4 6 4			-0.0		-0.53		12.02		0.36134	1.0731	69.291881243	33.3045
2 4 10			0.01		-0.53		11.94		0.36127	0.607	57.0555982332	12.0937
9 1 1			0.01		-0.52		11.85		0.36125	0.8793	87.9915459652	19.6393
1 7 7			0.01		-0.51		11.72		0.36125	0.4353	72.3061031614	6.1143
3 3 1			-0.0		-0.51		11.74		0.36122	0.5106	38.1558496662	33.1617
3 3 11			-0.08		-0.58		12.7		0.36149	2.1204	58.6030846927	249.5822
1 7 3			-0.02		-0.6		12.91		0.36137	0.9932	66.8968211493	90.2271