HKL Value		Reward		TotalReward	Chi Squared	Z Appr. 	Error	Two-Thetas	Sfs2
6 0 8			0.0		0.0		0.0		0.3	2.9234	64.163237895	5.3359
6 4 0			0.0		0.0		0.01		0.29685	1.8287	67.0910631577	58.6803
3 1 7			-0.98		-0.98		0.75		0.33439	0.257	39.2655360855	5.205
2 2 14			-0.9		-1.88		7.48		0.35672	1.0835	61.7979105177	101.9829
4 4 6			-0.85		-2.73		49.92		0.35077	4.3817	57.0116572758	400.3855
1 1 7			0.24		-2.49		40.23		0.35056	0.2012	29.7561292971	6.5386
1 3 7			0.19		-2.3		33.77		0.35037	0.1893	39.2755843192	5.3372
1 5 7			0.16		-2.14		29.12		0.35022	0.6035	54.1236034243	4.2528
5 3 7			0.13		-2.01		25.69		0.35001	0.2523	60.5057581853	5.4388
3 5 7			0.12		-1.89		23.02		0.34979	0.2309	60.5203777188	5.6046
4 6 0			0.11		-1.78		20.73		0.34979	0.7863	67.1083315067	59.4729
0 6 10			0.09		-1.69		19.08		0.3498	0.8527	69.1637693973	8.5049
7 1 7			0.08		-1.61		17.62		0.3496	0.3505	72.2660298289	5.0526
3 7 3			-0.01		-1.62		17.74		0.34905	0.8954	72.6346668965	71.6226
1 1 3			0.02		-1.6		17.42		0.3487	0.4514	16.9416048235	36.8187
5 5 7			0.07		-1.53		16.31		0.34846	0.6639	72.2860687267	4.3062
4 6 4			-0.0		-1.53		16.31		0.34934	1.0731	69.291881243	33.3045
0 2 10			0.02		-1.51		15.98		0.34941	0.4317	42.9590557724	21.0204
3 3 7			0.06		-1.45		15.12		0.34927	0.1558	47.1418707618	3.5073
0 2 14			0.06		-1.4		14.33		0.34952	0.2479	58.6982494177	6.3292
1 3 13			0.03		-1.37		13.94		0.34969	0.3907	59.4200243294	11.5335
6 0 2			0.04		-1.33		13.4		0.34975	0.2214	55.354768557	5.4487
4 2 8			0.05		-1.29		12.81		0.35004	0.7605	51.4203212226	2.5419
0 2 20			0.04		-1.24		12.3		0.35007	0.4494	86.0769303832	2.8517
2 0 14			0.04		-1.2		11.79		0.35043	0.2634	58.6945218607	7.3942
2 4 8			0.04		-1.16		11.33		0.35074	0.1687	51.4325245866	2.4593
4 6 2			0.03		-1.13		11.0		0.3507	0.2349	67.657370766	5.5969
1 3 11			-0.3		-1.43		15.72		0.35557	2.4293	52.0561920156	298.4303
1 3 15			0.03		-1.4		15.31		0.35531	0.2862	67.3623786269	8.1809
0 6 8			0.04		-1.37		14.78		0.35536	0.7694	64.1950429677	5.6946
0 4 18			0.03		-1.33		14.3		0.35577	0.8369	84.5238780681	17.4513
5 1 7			0.03		-1.3		13.89		0.35577	0.2609	54.1000446603	4.252
0 6 2			0.03		-1.28		13.53		0.35581	0.2356	55.3895592761	6.1752
0 6 16			0.02		-1.26		13.24		0.35611	0.4825	89.3859051251	7.6515
3 5 1			0.0		-1.26		13.23		0.35601	0.5283	53.2544885252	31.9012
2 0 16			0.02		-1.24		13.03		0.35687	0.5935	67.2372591268	11.8907
4 6 6			0.03		-1.21		12.7		0.35757	1.1903	71.9781772466	41.9784
3 3 11			-0.14		-1.35		14.71		0.35973	2.1204	58.6030846927	249.5822
1 1 9			0.03		-1.32		14.32		0.35967	0.2216	37.1193146943	1.1702
0 4 16			0.01		-1.32		14.2		0.36141	1.5557	75.7704700384	94.8658
2 4 12			0.02		-1.29		13.87		0.36127	0.2205	63.4791913795	4.8908
4 2 14			0.02		-1.27		13.57		0.36114	1.2576	70.6282605877	19.9713
3 3 15			0.02		-1.25		13.27		0.36122	0.3402	73.0835579415	3.8877
5 1 1			0.0		-1.24		13.23		0.36118	0.5346	46.1701152	26.7419
0 0 6			-0.4		-1.64		22.05		0.35918	7.4326	23.0169618987	709.6598
0 2 8			0.02		-1.62		21.56		0.35919	0.1155	35.7619852008	1.7384
1 7 7			0.02		-1.6		21.14		0.35922	0.4353	72.3061031614	6.1143
6 0 12			0.02		-1.58		20.7		0.35936	0.5892	74.995462768	0.9301
3 1 9			0.02		-1.56		20.29		0.35913	0.36	45.2950695798	8.7768
3 5 3			-0.01		-1.57		20.56		0.35896	0.9259	54.5093201099	87.7589
3 1 15			0.02		-1.56		20.23		0.35908	0.2871	67.3554895111	7.7692
3 3 9			0.02		-1.54		19.87		0.35878	0.3816	52.4524123761	12.0632
1 1 13			0.02		-1.52		19.53		0.35915	0.3722	52.9310122384	10.9703
0 4 10			-0.0		-1.52		19.59		0.35958	0.9893	53.7871001638	44.1425
6 0 6			0.02		-1.51		19.26		0.35936	1.0815	60.1501886982	39.9969
4 4 12			-0.01		-1.52		19.47		0.35757	1.9475	72.2035773977	130.2426
2 6 0			-0.19		-1.71		24.05		0.35757	4.3567	58.0028534629	558.9791
5 1 9			0.02		-1.69		23.66		0.35726	0.4583	58.9619928854	19.0838
6 2 8			-0.05		-1.74		24.97		0.35849	3.3751	67.1207225085	222.106
1 5 11			-0.03		-1.77		25.64		0.35916	1.8219	64.7342781598	204.7444
0 6 12			0.02		-1.75		25.21		0.35916	0.3425	75.0250979777	1.887
4 2 2			0.01		-1.74		24.91		0.35916	0.457	40.8620305525	12.2524
4 2 6			0.01		-1.73		24.61		0.35887	1.6049	46.7233273538	62.1975
1 5 9			0.01		-1.71		24.25		0.35861	0.4394	58.984264935	17.7365
0 6 6			0.01		-1.7		23.9		0.35846	1.0147	60.183190367	40.9583
5 1 13			0.01		-1.69		23.57		0.35872	0.4567	71.2764535317	11.3258
0 2 4			-0.03		-1.72		24.34		0.35884	1.326	23.4223631322	110.0283
5 5 1			0.01		-1.71		24.07		0.35882	0.5073	65.769247456	23.9531
4 2 12			0.01		-1.69		23.72		0.35874	0.2244	63.468523569	4.7972
2 2 6			-0.17		-1.86		28.62		0.35764	8.3224	34.2684003079	615.2447
4 2 10			0.01		-1.85		28.29		0.35757	1.1102	57.0442200735	11.3144
0 6 0			0.01		-1.84		27.98		0.35757	1.4277	54.7714555341	59.4019
3 3 3			0.0		-1.84		27.91		0.35748	0.8081	39.7679129272	70.9373
1 5 13			0.01		-1.83		27.59		0.35769	1.1973	71.2966048402	12.6128
1 3 9			0.01		-1.81		27.22		0.35766	0.2622	45.3040218183	7.1674
5 3 9			0.01		-1.8		26.92		0.3574	0.4833	65.0662013285	20.8409
2 2 8			-0.04		-1.84		28.06		0.35812	1.8488	40.1384116224	216.1995
3 7 1			0.01		-1.83		27.78		0.3581	1.2822	71.5694631273	22.2453
3 3 1			0.01		-1.82		27.59		0.35807	0.5106	38.1558496662	33.1617
0 2 0			-0.01		-1.83		27.84		0.35807	1.4407	17.6394681947	177.2483
0 2 12			0.01		-1.82		27.52		0.35781	0.3827	50.6142203783	17.5707
2 4 10			0.01		-1.81		27.26		0.35773	0.607	57.0555982332	12.0937
3 5 9			0.01		-1.8		26.98		0.35751	0.4755	65.0802252419	19.5165
3 3 13			0.01		-1.79		26.68		0.35766	0.5636	65.4922780779	9.1158
6 0 10			0.01		-1.78		26.41		0.35761	1.0728	69.1331306246	8.9056
4 2 0			0.01		-1.77		26.25		0.35761	0.9287	40.0811891304	86.5118
1 7 1			0.01		-1.77		26.07		0.35759	0.5219	65.7901743415	26.2984
0 6 14			0.01		-1.76		25.79		0.35757	0.9096	81.7552219026	27.2955
0 4 0			-0.17		-1.93		31.23		0.35757	6.137	35.7152072575	818.959
3 1 13			0.01		-1.92		30.92		0.35775	0.3869	59.4126405656	11.7895
3 1 5			-0.02		-1.94		31.58		0.35828	2.8985	34.1781376955	186.2389
2 4 2			0.01		-1.93		31.32		0.35828	0.3828	40.8766170199	13.2501
0 0 16			0.0		-1.93		31.28		0.35962	1.3342	64.286058028	116.6634
0 2 16			0.01		-1.92		30.98		0.35996	1.8687	67.2407114996	13.8307
1 1 17			-0.02		-1.94		31.51		0.35867	2.447	70.2810461715	248.4175
6 4 6			0.01		-1.93		31.18		0.35873	0.9247	71.9614498967	41.9809
0 4 20			0.01		-1.92		30.99		0.36002	1.027	94.1654323607	18.6345
1 1 15			0.01		-1.92		30.78		0.36011	0.656	61.3839959686	20.6242
4 0 2			-0.02		-1.93		31.37		0.3602	1.7854	36.5531212028	138.5255
6 4 2			0.01		-1.92		31.08		0.3602	0.2211	67.6401768609	4.8049
2 4 6			0.01		-1.92		30.85		0.36007	0.785	46.7364348384	64.2552
1 5 5			-0.01		-1.92		31.05		0.3603	1.8923	50.2743192378	127.3636