HKL Value		Reward		TotalReward	Chi Squared	Z Appr. 	Error	Two-Thetas	Sfs2
6 4 0			0.0		0.0		0.0		0.3	1.8287	67.0910631577	58.6803
1 3 7			0.0		0.0		0.01		0.33738	0.1893	39.2755843192	5.3372
1 1 7			0.42		0.42		0.01		0.3377	0.2012	29.7561292971	6.5386
3 1 7			0.49		0.91		0.01		0.33767	0.257	39.2655360855	5.205
1 5 7			0.21		1.12		0.01		0.3376	0.6035	54.1236034243	4.2528
4 6 0			-0.59		0.53		0.01		0.3376	0.7863	67.1083315067	59.4729
7 1 7			-0.38		0.15		0.02		0.33731	0.3505	72.2660298289	5.0526
0 4 14			-1.0		-0.85		4.88		0.35714	1.2337	67.7597167724	121.3788
3 5 7			0.08		-0.77		4.52		0.35714	0.2309	60.5203777188	5.6046
5 3 7			0.07		-0.7		4.23		0.35714	0.2523	60.5057581853	5.4388
4 0 6			-0.86		-1.56		30.54		0.349	5.3963	42.900258124	488.2208
6 2 0			-0.43		-1.99		53.42		0.349	4.3933	57.9728440251	566.5186
0 0 14			0.06		-1.93		50.47		0.35238	0.8389	55.4890953336	74.9432
5 5 7			0.08		-1.85		46.67		0.3523	0.6639	72.2860687267	4.3062
3 3 7			0.08		-1.78		43.38		0.35224	0.1558	47.1418707618	3.5073
0 2 14			0.07		-1.7		40.5		0.35197	0.2479	58.6982494177	6.3292
2 0 14			0.07		-1.64		37.97		0.35192	0.2634	58.6945218607	7.3942
0 2 20			0.06		-1.58		35.78		0.35234	0.4494	86.0769303832	2.8517
0 6 16			0.05		-1.52		33.99		0.35176	0.4825	89.3859051251	7.6515
2 2 4			-0.02		-1.54		34.67		0.35115	0.7551	29.4672289371	73.6026
4 2 8			0.05		-1.49		32.95		0.35137	0.7605	51.4203212226	2.5419
2 4 8			0.05		-1.44		31.39		0.35158	0.1687	51.4325245866	2.4593
7 3 3			0.02		-1.42		30.8		0.35125	1.9283	72.601334037	69.5466
0 2 22			-0.02		-1.44		31.52		0.35797	1.8317	96.7387030121	97.213
2 4 0			0.02		-1.42		30.78		0.35797	1.4359	40.0960076051	88.2765
6 0 2			0.04		-1.38		29.63		0.35804	0.2214	55.354768557	5.4487
6 0 10			0.03		-1.35		28.64		0.35784	1.0728	69.1331306246	8.9056
4 6 2			0.03		-1.31		27.68		0.35784	0.2349	67.657370766	5.5969
3 1 1			0.01		-1.3		27.36		0.35772	0.5239	28.3131072915	41.7464
1 1 1			0.0		-1.3		27.24		0.35758	0.5749	13.0194761966	56.7652
0 6 8			0.03		-1.26		26.34		0.35744	0.7694	64.1950429677	5.6946
2 6 4			-0.03		-1.29		27.06		0.35714	0.8772	60.3635846112	78.02
0 6 2			0.03		-1.26		26.29		0.3572	0.2356	55.3895592761	6.1752
5 1 7			0.03		-1.23		25.54		0.3572	0.2609	54.1000446603	4.252
9 1 1			0.02		-1.21		24.93		0.35713	0.8793	87.9915459652	19.6393
3 3 11			-0.07		-1.27		26.75		0.35867	2.1204	58.6030846927	249.5822
2 0 2			0.0		-1.27		26.73		0.35861	0.6502	19.2320929378	35.9547
0 4 18			0.03		-1.25		26.01		0.35854	0.8369	84.5238780681	17.4513
4 6 6			0.03		-1.22		25.33		0.3587	1.1903	71.9781772466	41.9784
1 1 9			0.03		-1.19		24.68		0.3587	0.2216	37.1193146943	1.1702
4 2 14			0.02		-1.17		24.09		0.35863	1.2576	70.6282605877	19.9713
1 5 5			-0.03		-1.2		24.79		0.3595	1.8923	50.2743192378	127.3636
2 4 12			0.02		-1.17		24.21		0.35934	0.2205	63.4791913795	4.8908
3 3 15			0.02		-1.15		23.68		0.35944	0.3402	73.0835579415	3.8877
1 1 13			0.02		-1.13		23.18		0.35981	0.3722	52.9310122384	10.9703
6 2 6			-0.12		-1.25		26.29		0.35837	3.9921	63.2107357729	344.5633
3 3 9			0.02		-1.23		25.75		0.35809	0.3816	52.4524123761	12.0632
0 2 8			0.02		-1.2		25.21		0.35813	0.1155	35.7619852008	1.7384
6 0 12			0.02		-1.18		24.7		0.35841	0.5892	74.995462768	0.9301
0 4 8			-0.07		-1.25		26.43		0.35949	4.1351	47.9021960727	235.0989
3 1 9			0.02		-1.23		25.93		0.3593	0.36	45.2950695798	8.7768
6 0 6			0.02		-1.21		25.45		0.35913	1.0815	60.1501886982	39.9969
3 1 15			0.02		-1.19		25.04		0.35924	0.2871	67.3554895111	7.7692
1 7 7			0.02		-1.18		24.61		0.35924	0.4353	72.3061031614	6.1143
6 0 8			0.02		-1.16		24.17		0.3591	2.9234	64.163237895	5.3359
5 1 9			0.02		-1.14		23.79		0.35879	0.4583	58.9619928854	19.0838
4 2 6			0.01		-1.13		23.46		0.35852	1.6049	46.7233273538	62.1975
0 6 12			0.02		-1.11		23.05		0.35856	0.3425	75.0250979777	1.887
4 2 2			0.01		-1.1		22.78		0.35857	0.457	40.8620305525	12.2524
1 5 13			0.01		-1.08		22.45		0.35885	1.1973	71.2966048402	12.6128
1 3 13			0.02		-1.07		22.12		0.35911	0.3907	59.4200243294	11.5335
1 5 9			0.01		-1.05		21.79		0.35886	0.4394	58.984264935	17.7365
1 5 1			0.01		-1.05		21.63		0.35883	0.4978	46.196563203	27.3004
0 6 6			0.01		-1.03		21.32		0.35869	1.0147	60.183190367	40.9583
2 0 12			0.01		-1.02		21.02		0.3584	0.8079	50.6101057273	16.6151
1 3 15			0.01		-1.01		20.77		0.35847	0.2862	67.3623786269	8.1809
5 1 13			0.01		-0.99		20.49		0.35871	0.4567	71.2764535317	11.3258
5 5 1			0.01		-0.98		20.27		0.35868	0.5073	65.769247456	23.9531
7 3 5			0.0		-0.98		20.24		0.35906	1.0496	74.7140851895	88.0788
7 1 1			0.01		-0.97		20.09		0.35904	0.5207	65.7483230412	25.2044
3 3 13			0.01		-0.96		19.82		0.35923	0.5636	65.4922780779	9.1158
0 2 12			0.01		-0.95		19.59		0.3589	0.3827	50.6142203783	17.5707
4 2 10			0.01		-0.94		19.4		0.35882	1.1102	57.0442200735	11.3144
1 3 9			0.01		-0.92		19.14		0.35873	0.2622	45.3040218183	7.1674
5 3 9			0.01		-0.91		18.96		0.35845	0.4833	65.0662013285	20.8409
4 2 4			-0.01		-0.93		19.24		0.35852	0.7624	43.1345383828	64.2766
6 2 8			-0.05		-0.98		20.27		0.35931	3.3751	67.1207225085	222.106
2 4 14			0.01		-0.97		20.01		0.35927	0.5221	70.6383718296	19.4111
4 4 2			-0.04		-1.01		20.84		0.35942	1.2125	52.0311030722	128.6454
3 7 1			0.01		-1.0		20.66		0.35939	1.2822	71.5694631273	22.2453
2 6 8			-0.04		-1.04		21.55		0.36011	4.3291	67.1483383839	218.3417
2 4 2			0.01		-1.03		21.38		0.36011	0.3828	40.8766170199	13.2501
3 5 9			0.01		-1.02		21.2		0.35986	0.4755	65.0802252419	19.5165
6 2 2			-0.03		-1.06		21.96		0.36002	3.3001	58.5687226088	135.1206
3 3 1			0.0		-1.05		21.86		0.35999	0.5106	38.1558496662	33.1617
2 0 10			0.01		-1.05		21.75		0.3599	0.6169	42.9543880851	20.236
1 7 1			0.01		-1.04		21.63		0.35988	0.5219	65.7901743415	26.2984
0 4 2			-0.03		-1.08		22.39		0.36003	3.2657	36.5744795411	137.7475
0 0 8			-0.04		-1.11		23.27		0.3606	2.1948	30.8548203523	183.9052
4 2 0			0.01		-1.11		23.15		0.3606	0.9287	40.0811891304	86.5118
0 6 14			0.01		-1.1		22.92		0.36049	0.9096	81.7552219026	27.2955
0 4 20			0.01		-1.09		22.72		0.36128	1.027	94.1654323607	18.6345
3 5 1			0.0		-1.09		22.61		0.36126	0.5283	53.2544885252	31.9012
6 2 10			0.0		-1.08		22.59		0.36143	0.7103	71.9901825081	43.9921
3 1 13			0.01		-1.07		22.36		0.36153	0.3869	59.4126405656	11.7895
0 2 16			0.01		-1.06		22.14		0.3617	1.8687	67.2407114996	13.8307
2 2 6			-0.14		-1.21		25.81		0.36112	8.3224	34.2684003079	615.2447
1 7 3			-0.0		-1.21		25.84		0.36105	0.9932	66.8968211493	90.2271
2 2 8			-0.03		-1.24		26.64		0.3614	1.8488	40.1384116224	216.1995