HKL Value		Reward		TotalReward	Chi Squared	Z Appr. 	Error	Two-Thetas	Sfs2
2 6 4			0.0		0.0		0.0		0.3	0.8772	60.3635846112	78.02
6 4 0			0.0		0.0		0.01		0.28336	1.8287	67.0910631577	58.6803
1 3 7			-0.98		-0.98		0.83		0.21815	0.1893	39.2755843192	5.3372
6 4 6			-0.61		-1.59		2.14		0.20023	0.9247	71.9614498967	41.9809
1 1 7			0.25		-1.34		1.7		0.19909	0.2012	29.7561292971	6.5386
3 1 7			0.2		-1.14		1.42		0.19826	0.257	39.2655360855	5.205
1 5 7			0.16		-0.98		1.23		0.19767	0.6035	54.1236034243	4.2528
7 1 7			0.11		-0.87		1.1		0.19701	0.3505	72.2660298289	5.0526
3 5 7			0.1		-0.77		1.0		0.19649	0.2309	60.5203777188	5.6046
4 6 0			0.12		-0.65		0.9		0.19649	0.7863	67.1083315067	59.4729
5 5 7			0.11		-0.54		0.81		0.19651	0.6639	72.2860687267	4.3062
3 3 7			0.1		-0.45		0.74		0.19667	0.1558	47.1418707618	3.5073
2 4 10			-0.67		-1.12		2.25		0.19345	0.607	57.0555982332	12.0937
6 0 2			0.03		-1.09		2.2		0.19352	0.2214	55.354768557	5.4487
5 3 7			0.08		-1.02		2.04		0.19352	0.2523	60.5057581853	5.4388
4 6 2			0.06		-0.95		1.92		0.19358	0.2349	67.657370766	5.5969
2 0 14			0.01		-0.95		1.91		0.19272	0.2634	58.6945218607	7.3942
0 2 14			0.04		-0.91		1.84		0.19222	0.2479	58.6982494177	6.3292
0 2 20			0.04		-0.88		1.78		0.19253	0.4494	86.0769303832	2.8517
0 0 16			0.06		-0.82		1.68		0.19251	1.3342	64.286058028	116.6634
3 1 9			-0.04		-0.86		1.75		0.1929	0.36	45.2950695798	8.7768
4 2 8			-0.34		-1.2		2.66		0.19431	0.7605	51.4203212226	2.5419
3 3 3			-0.47		-1.66		4.97		0.19415	0.8081	39.7679129272	70.9373