HKL Value		Reward		TotalReward	Chi Squared	Z Appr. 	Error	Two-Thetas	Sfs2
6 4 0			0.0		0.0		0.0		0.3	1.8287	67.0910631577	58.6803
1 1 7			0.0		0.0		0.01		0.33798	0.2012	29.7561292971	6.5386
1 3 7			0.42		0.42		0.01		0.3377	0.1893	39.2755843192	5.3372
6 2 2			-1.0		-0.58		24.37		0.38012	3.3001	58.5687226088	135.1206
3 1 7			0.33		-0.25		18.36		0.37925	0.257	39.2655360855	5.205
5 1 7			0.25		-0.01		14.72		0.37881	0.2609	54.1000446603	4.252
1 5 7			0.2		0.19		12.28		0.37852	0.6035	54.1236034243	4.2528
4 6 0			0.17		0.36		10.53		0.37852	0.7863	67.1083315067	59.4729
3 5 7			0.14		0.5		9.22		0.37846	0.2309	60.5203777188	5.6046
7 1 7			0.12		0.63		8.19		0.37844	0.3505	72.2660298289	5.0526
5 5 7			0.11		0.73		7.41		0.37801	0.6639	72.2860687267	4.3062
1 1 9			0.04		0.77		7.11		0.37593	0.2216	37.1193146943	1.1702
0 2 14			0.06		0.83		6.71		0.37697	0.2479	58.6982494177	6.3292
3 3 7			0.08		0.91		6.22		0.37663	0.1558	47.1418707618	3.5073
4 6 2			0.05		0.96		5.92		0.37673	0.2349	67.657370766	5.5969
6 0 2			0.06		1.03		5.56		0.37685	0.2214	55.354768557	5.4487
2 0 14			0.04		1.06		5.37		0.37779	0.2634	58.6945218607	7.3942
0 2 20			-0.19		0.88		6.6		0.38228	0.4494	86.0769303832	2.8517
7 3 5			0.05		0.92		6.3		0.38233	1.0496	74.7140851895	88.0788
0 6 16			-0.02		0.9		6.44		0.38308	0.4825	89.3859051251	7.6515
1 3 9			0.04		0.95		6.18		0.38312	0.2622	45.3040218183	7.1674
4 2 8			-0.01		0.94		6.23		0.3833	0.7605	51.4203212226	2.5419
4 2 6			-0.17		0.77		7.52		0.38309	1.6049	46.7233273538	62.1975
5 3 7			0.04		0.8		7.25		0.38297	0.2523	60.5057581853	5.4388
7 3 3			-0.12		0.68		8.25		0.38286	1.9283	72.601334037	69.5466
3 1 11			-0.45		0.24		14.87		0.38178	2.3814	52.0481274199	292.2152
1 3 3			-0.04		0.19		15.56		0.38166	0.7045	30.3940112777	66.1614