HKL Value		Reward		TotalReward	Chi Squared	Z Appr. 	Error	Two-Thetas	Sfs2
6 4 0			0.0		0.0		0.0		0.3	1.8287	67.0910631577	58.6803
1 1 7			0.0		0.0		0.01		0.33798	0.2012	29.7561292971	6.5386
1 3 7			0.42		0.42		0.01		0.3377	0.1893	39.2755843192	5.3372
3 1 7			0.49		0.91		0.01		0.33767	0.257	39.2655360855	5.205
1 5 7			0.21		1.12		0.01		0.3376	0.6035	54.1236034243	4.2528
4 6 0			-0.59		0.53		0.01		0.3376	0.7863	67.1083315067	59.4729
3 5 7			-0.34		0.19		0.02		0.33732	0.2309	60.5203777188	5.6046
6 4 6			-0.99		-0.8		1.96		0.34005	0.9247	71.9614498967	41.9809
7 1 7			0.12		-0.68		1.75		0.33871	0.3505	72.2660298289	5.0526
5 5 7			0.12		-0.56		1.55		0.33891	0.6639	72.2860687267	4.3062
3 3 7			0.11		-0.45		1.4		0.3393	0.1558	47.1418707618	3.5073
5 3 7			0.09		-0.36		1.29		0.33884	0.2523	60.5057581853	5.4388
2 0 8			0.0		-0.36		1.29		0.34143	0.1665	35.7565424018	1.5727
0 2 14			0.34		-0.02		0.96		0.36575	0.2479	58.6982494177	6.3292
4 6 2			-0.11		-0.13		1.08		0.36597	0.2349	67.657370766	5.5969
6 2 10			-0.01		-0.14		1.09		0.37691	0.7103	71.9901825081	43.9921
2 0 14			-0.07		-0.21		1.17		0.37774	0.2634	58.6945218607	7.3942