HKL Value		Reward		TotalReward	Chi Squared	Z Appr. 	Error	Two-Thetas	Sfs2
0 2 4			0.0		0.0		0.0		0.3	1.326	23.4223631322	110.0283
6 2 4			0.0		0.0		75.42		0.25003	0.8727	60.3342977717	77.9073
6 4 0			1.0		1.0		37.72		0.25003	1.8287	67.0910631577	58.6803
1 1 7			0.49		1.49		25.36		0.23489	0.2012	29.7561292971	6.5386
1 3 7			0.33		1.82		19.02		0.23455	0.1893	39.2755843192	5.3372
3 1 7			0.25		2.07		15.22		0.23434	0.257	39.2655360855	5.205
1 5 7			0.2		2.27		12.68		0.23428	0.6035	54.1236034243	4.2528
4 6 0			0.17		2.44		10.88		0.23428	0.7863	67.1083315067	59.4729
3 5 7			0.14		2.58		9.52		0.23446	0.2309	60.5203777188	5.6046
1 3 1			0.1		2.68		8.63		0.2342	0.5324	28.3265170018	42.1271
5 5 7			0.11		2.79		7.78		0.23382	0.6639	72.2860687267	4.3062
7 1 7			0.1		2.89		7.08		0.23402	0.3505	72.2660298289	5.0526
3 7 5			-0.03		2.86		7.32		0.23124	1.0548	74.7470539899	89.5814
5 3 7			0.08		2.94		6.78		0.23176	0.2523	60.5057581853	5.4388
3 3 7			0.08		3.01		6.29		0.23162	0.1558	47.1418707618	3.5073
2 0 14			0.03		3.04		6.12		0.23284	0.2634	58.6945218607	7.3942
4 2 10			0.03		3.07		5.93		0.22189	1.1102	57.0442200735	11.3144
0 2 14			0.06		3.14		5.58		0.22161	0.2479	58.6982494177	6.3292
6 0 2			0.05		3.19		5.3		0.22166	0.2214	55.354768557	5.4487
4 2 8			0.05		3.24		5.07		0.22185	0.7605	51.4203212226	2.5419
4 6 2			0.05		3.29		4.82		0.22179	0.2349	67.657370766	5.5969
0 2 20			-0.03		3.26		4.97		0.21484	0.4494	86.0769303832	2.8517
7 1 1			0.04		3.29		4.79		0.2149	0.5207	65.7483230412	25.2044
2 4 8			0.04		3.34		4.6		0.21479	0.1687	51.4325245866	2.4593
0 6 16			0.03		3.36		4.48		0.21499	0.4825	89.3859051251	7.6515
4 2 14			0.04		3.4		4.32		0.21497	1.2576	70.6282605877	19.9713
0 0 20			0.03		3.43		4.2		0.21559	0.4542	83.3712939521	4.3689
2 2 8			-0.58		2.85		10.01		0.21636	1.8488	40.1384116224	216.1995
1 3 15			0.04		2.88		9.67		0.21617	0.2862	67.3623786269	8.1809
0 6 8			0.03		2.91		9.43		0.21615	0.7694	64.1950429677	5.6946
3 7 3			-0.14		2.76		11.03		0.21614	0.8954	72.6346668965	71.6226
3 3 15			0.03		2.8		10.68		0.21636	0.3402	73.0835579415	3.8877
0 6 2			0.03		2.83		10.38		0.21637	0.2356	55.3895592761	6.1752
2 4 2			0.02		2.85		10.16		0.21638	0.3828	40.8766170199	13.2501
2 4 12			0.02		2.87		9.93		0.2164	0.2205	63.4791913795	4.8908
0 4 18			-0.34		2.53		15.13		0.21123	0.8369	84.5238780681	17.4513
3 3 9			0.01		2.54		14.92		0.2111	0.3816	52.4524123761	12.0632
5 1 7			0.03		2.57		14.55		0.2111	0.2609	54.1000446603	4.252
0 2 12			0.01		2.57		14.46		0.2111	0.3827	50.6142203783	17.5707
1 3 3			-0.06		2.51		15.4		0.21108	0.7045	30.3940112777	66.1614
1 1 9			-0.02		2.49		15.72		0.21069	0.2216	37.1193146943	1.1702
0 6 14			0.02		2.51		15.4		0.21073	0.9096	81.7552219026	27.2955
4 6 6			0.01		2.52		15.25		0.21064	1.1903	71.9781772466	41.9784
3 1 9			0.01		2.53		15.14		0.21048	0.36	45.2950695798	8.7768
6 0 6			-0.0		2.53		15.18		0.21039	1.0815	60.1501886982	39.9969
1 1 13			0.02		2.55		14.84		0.21036	0.3722	52.9310122384	10.9703
0 6 4			-0.01		2.54		14.97		0.2104	0.6675	57.2171401797	42.9768
0 2 8			0.01		2.55		14.81		0.21059	0.1155	35.7619852008	1.7384
6 0 12			0.02		2.57		14.5		0.21059	0.5892	74.995462768	0.9301
1 5 13			0.02		2.59		14.21		0.21056	1.1973	71.2966048402	12.6128
3 1 15			0.01		2.6		14.05		0.2108	0.2871	67.3554895111	7.7692
6 0 8			0.02		2.62		13.81		0.21078	2.9234	64.163237895	5.3359
2 2 10			-0.0		2.62		13.82		0.21096	0.6429	46.7739448495	44.8949
0 2 0			-0.04		2.58		14.46		0.21096	1.4407	17.6394681947	177.2483
2 0 4			-0.08		2.5		15.74		0.211	1.3874	23.4143586184	109.347