HKL Value		Reward		TotalReward	Chi Squared	Z Appr. 	Error	Two-Thetas	Sfs2
4 0 8			0.0		0.0		0.0		0.3	2.9483	47.8850437629	244.3799
6 4 0			0.0		0.0		93.69		0.25	1.8287	67.0910631577	58.6803
1 1 7			0.8		0.8		52.12		0.24243	0.2012	29.7561292971	6.5386
0 0 20			0.34		1.14		38.82		0.23521	0.4542	83.3712939521	4.3689
1 3 7			0.33		1.47		29.13		0.23518	0.1893	39.2755843192	5.3372
1 1 11			-0.66		0.81		85.68		0.236	2.144	44.8525636461	378.5934
4 2 14			0.17		0.98		73.41		0.23628	1.2576	70.6282605877	19.9713
3 1 7			0.17		1.15		62.95		0.23621	0.257	39.2655360855	5.205
1 5 1			0.14		1.29		55.09		0.23621	0.4978	46.196563203	27.3004
1 5 7			0.12		1.41		48.98		0.23615	0.6035	54.1236034243	4.2528
4 6 0			0.11		1.52		44.09		0.23615	0.7863	67.1083315067	59.4729
6 0 6			0.03		1.56		42.78		0.23613	1.0815	60.1501886982	39.9969
3 5 7			0.09		1.65		39.22		0.2361	0.2309	60.5203777188	5.6046
0 4 18			0.01		1.66		38.79		0.23848	0.8369	84.5238780681	17.4513
2 2 10			0.03		1.69		37.55		0.23834	0.6429	46.7739448495	44.8949
4 2 0			0.05		1.74		35.9		0.23834	0.9287	40.0811891304	86.5118
7 1 7			0.07		1.8		33.68		0.23831	0.3505	72.2660298289	5.0526
5 5 7			0.06		1.86		31.8		0.23823	0.6639	72.2860687267	4.3062
5 3 7			0.06		1.92		30.06		0.23818	0.2523	60.5057581853	5.4388
3 3 7			0.05		1.97		28.6		0.23809	0.1558	47.1418707618	3.5073
5 3 9			0.05		2.02		27.17		0.23808	0.4833	65.0662013285	20.8409
0 2 14			0.05		2.07		25.88		0.23809	0.2479	58.6982494177	6.3292
6 0 4			0.03		2.1		25.11		0.23812	0.7069	57.1830782131	42.6751
2 0 14			0.05		2.15		24.03		0.23815	0.2634	58.6945218607	7.3942
0 0 12			-0.03		2.12		24.78		0.23857	3.2426	47.0346015839	274.3783
2 6 4			0.03		2.15		23.95		0.23855	0.8772	60.3635846112	78.02
2 6 10			0.01		2.16		23.83		0.23843	0.7069	72.0169435829	44.7171
6 0 2			0.04		2.2		22.95		0.23843	0.2214	55.354768557	5.4487
3 1 1			0.03		2.23		22.2		0.23842	0.5239	28.3131072915	41.7464
4 2 8			0.03		2.26		21.57		0.23833	0.7605	51.4203212226	2.5419
4 0 12			0.02		2.28		21.13		0.23853	2.7435	60.4154589103	161.2613
4 6 2			0.03		2.31		20.47		0.23853	0.2349	67.657370766	5.5969
0 2 20			0.03		2.34		19.85		0.23849	0.4494	86.0769303832	2.8517
2 4 8			0.02		2.37		19.38		0.2384	0.1687	51.4325245866	2.4593
0 6 16			0.03		2.4		18.82		0.23833	0.4825	89.3859051251	7.6515
4 0 2			-0.13		2.27		21.56		0.23833	1.7854	36.5531212028	138.5255
0 6 8			0.02		2.3		21.04		0.23827	0.7694	64.1950429677	5.6946
0 6 2			0.03		2.32		20.48		0.23827	0.2356	55.3895592761	6.1752
2 4 14			0.01		2.34		20.19		0.23836	0.5221	70.6383718296	19.4111
3 3 11			-0.19		2.15		24.78		0.23855	2.1204	58.6030846927	249.5822
2 4 12			-0.03		2.12		25.67		0.23749	0.2205	63.4791913795	4.8908
3 3 15			0.02		2.14		25.06		0.23748	0.3402	73.0835579415	3.8877
5 1 7			0.02		2.16		24.48		0.23745	0.2609	54.1000446603	4.252
1 1 9			0.01		2.18		24.2		0.23773	0.2216	37.1193146943	1.1702
7 3 3			-0.03		2.15		24.87		0.23775	1.9283	72.601334037	69.5466
3 5 9			0.02		2.17		24.31		0.23775	0.4755	65.0802252419	19.5165
4 6 6			-0.0		2.17		24.4		0.23773	1.1903	71.9781772466	41.9784
3 1 9			0.02		2.19		23.97		0.23784	0.36	45.2950695798	8.7768
3 5 5			-0.02		2.17		24.42		0.23771	1.2751	56.9624934876	133.7285
3 3 9			0.02		2.19		23.96		0.23778	0.3816	52.4524123761	12.0632
0 2 2			0.01		2.2		23.72		0.23778	0.4614	19.2417464495	36.8131
0 2 8			0.02		2.22		23.25		0.23778	0.1155	35.7619852008	1.7384
1 1 13			-0.04		2.18		24.28		0.23856	0.3722	52.9310122384	10.9703
0 6 12			-0.05		2.13		25.52		0.23719	0.3425	75.0250979777	1.887
2 0 16			0.02		2.15		25.06		0.23724	0.5935	67.2372591268	11.8907
1 5 13			-0.03		2.11		25.89		0.23786	1.1973	71.2966048402	12.6128
6 0 12			-0.06		2.05		27.57		0.23611	0.5892	74.995462768	0.9301
3 1 15			0.02		2.07		27.13		0.23609	0.2871	67.3554895111	7.7692
4 4 8			-0.04		2.03		28.35		0.23625	3.9407	61.1479986878	218.5721
2 0 10			0.01		2.03		28.1		0.23626	0.6169	42.9543880851	20.236
6 0 8			0.02		2.05		27.66		0.23622	2.9234	64.163237895	5.3359
1 5 9			0.01		2.06		27.26		0.2363	0.4394	58.984264935	17.7365
5 1 9			0.01		2.08		26.86		0.23636	0.4583	58.9619928854	19.0838
2 0 4			-0.03		2.05		27.57		0.23638	1.3874	23.4143586184	109.347
5 3 5			-0.01		2.04		27.82		0.23628	2.2247	56.9473208346	134.0256
5 1 1			0.02		2.06		27.39		0.23628	0.5346	46.1701152	26.7419
4 2 6			-0.01		2.05		27.69		0.23626	1.6049	46.7233273538	62.1975
1 7 7			0.02		2.06		27.28		0.23626	0.4353	72.3061031614	6.1143
4 2 2			0.01		2.08		26.91		0.23626	0.457	40.8620305525	12.2524
5 5 1			0.01		2.09		26.55		0.23627	0.5073	65.769247456	23.9531
1 3 15			0.01		2.11		26.21		0.23627	0.2862	67.3623786269	8.1809
0 6 14			0.0		2.11		26.1		0.23629	0.9096	81.7552219026	27.2955
6 2 6			-0.12		1.99		29.57		0.23623	3.9921	63.2107357729	344.5633
0 4 2			-0.04		1.95		30.72		0.23623	3.2657	36.5744795411	137.7475
1 3 9			0.01		1.96		30.44		0.23637	0.2622	45.3040218183	7.1674
1 7 1			0.01		1.98		30.03		0.23637	0.5219	65.7901743415	26.2984
5 1 13			-0.03		1.95		30.82		0.23695	0.4567	71.2764535317	11.3258
0 6 6			0.0		1.95		30.82		0.23695	1.0147	60.183190367	40.9583
2 4 6			-0.01		1.94		31.06		0.23694	0.785	46.7364348384	64.2552
6 0 10			0.01		1.95		30.72		0.23694	1.0728	69.1331306246	8.9056
0 0 6			-0.18		1.78		37.39		0.23683	7.4326	23.0169618987	709.6598
1 1 15			0.01		1.79		37.04		0.23681	0.656	61.3839959686	20.6242
2 4 2			0.01		1.8		36.62		0.23681	0.3828	40.8766170199	13.2501
2 0 8			0.01		1.81		36.18		0.23681	0.1665	35.7565424018	1.5727
0 4 20			0.01		1.82		35.75		0.23678	1.027	94.1654323607	18.6345
3 3 13			-0.02		1.8		36.64		0.23748	0.5636	65.4922780779	9.1158
3 7 1			0.01		1.81		36.23		0.23748	1.2822	71.5694631273	22.2453
2 0 2			0.01		1.82		35.94		0.23748	0.6502	19.2320929378	35.9547
3 3 1			0.01		1.83		35.53		0.23748	0.5106	38.1558496662	33.1617
1 3 13			-0.01		1.82		36.0		0.23804	0.3907	59.4200243294	11.5335
4 2 10			0.01		1.82		35.67		0.23804	1.1102	57.0442200735	11.3144
2 2 16			0.01		1.83		35.36		0.23821	1.1693	70.1293332912	108.6018
5 1 3			-0.01		1.82		35.69		0.23824	0.9592	47.5591860667	88.1873
0 2 12			0.0		1.83		35.53		0.23797	0.3827	50.6142203783	17.5707
0 6 18			0.01		1.84		35.21		0.23822	0.7949	98.0280769063	1.8601
3 1 5			-0.01		1.82		35.71		0.23813	2.8985	34.1781376955	186.2389
1 5 11			-0.04		1.79		37.05		0.23821	1.8219	64.7342781598	204.7444
4 4 2			-0.02		1.77		37.78		0.23821	1.2125	52.0311030722	128.6454