HKL Value		Reward		TotalReward	Chi Squared	Z Appr. 	Error	Two-Thetas	Sfs2
1 3 7			0.0		0.0		0.0		0.3	0.1893	39.2755843192	5.3372
6 4 0			0.0		0.0		0.01		0.33738	1.8287	67.0910631577	58.6803
1 1 7			0.42		0.42		0.01		0.3377	0.2012	29.7561292971	6.5386
3 1 7			0.49		0.91		0.01		0.33767	0.257	39.2655360855	5.205
5 1 3			-1.0		-0.09		5.07		0.33735	0.9592	47.5591860667	88.1873
4 6 0			0.25		0.16		4.06		0.33735	0.7863	67.1083315067	59.4729
1 5 7			0.2		0.36		3.39		0.33736	0.6035	54.1236034243	4.2528
4 6 4			-0.41		-0.05		5.76		0.33896	1.0731	69.291881243	33.3045
2 6 6			-0.72		-0.77		20.62		0.33686	5.383	63.2392339525	346.2148
3 3 7			0.12		-0.65		18.37		0.33737	0.1558	47.1418707618	3.5073
7 1 7			0.11		-0.54		16.54		0.33724	0.3505	72.2660298289	5.0526
5 5 7			0.1		-0.44		15.05		0.33748	0.6639	72.2860687267	4.3062
3 5 7			0.09		-0.35		13.8		0.33737	0.2309	60.5203777188	5.6046
1 1 13			0.05		-0.3		13.1		0.33658	0.3722	52.9310122384	10.9703
3 3 13			0.06		-0.24		12.38		0.33579	0.5636	65.4922780779	9.1158
6 0 2			0.06		-0.18		11.73		0.33578	0.2214	55.354768557	5.4487
2 0 14			0.06		-0.13		11.08		0.33502	0.2634	58.6945218607	7.3942
6 0 12			-0.14		-0.27		12.94		0.35692	0.5892	74.995462768	0.9301
4 6 2			0.05		-0.22		12.37		0.35692	0.2349	67.657370766	5.5969
0 6 2			0.04		-0.18		11.86		0.35704	0.2356	55.3895592761	6.1752
2 4 12			0.05		-0.13		11.27		0.35727	0.2205	63.4791913795	4.8908
4 2 8			0.05		-0.08		10.74		0.357	0.7605	51.4203212226	2.5419
6 2 10			-0.05		-0.13		11.34		0.35776	0.7103	71.9901825081	43.9921
1 3 13			0.03		-0.1		10.98		0.3591	0.3907	59.4200243294	11.5335
1 1 3			-0.02		-0.11		11.15		0.35869	0.4514	16.9416048235	36.8187
4 6 6			0.04		-0.07		10.72		0.35913	1.1903	71.9781772466	41.9784
3 3 9			0.03		-0.04		10.37		0.35822	0.3816	52.4524123761	12.0632
1 3 3			-0.04		-0.08		10.83		0.35782	0.7045	30.3940112777	66.1614
4 4 4			-0.11		-0.2		12.23		0.35747	0.8476	53.9354251327	76.9211
0 2 16			0.02		-0.18		12.02		0.35918	1.8687	67.2407114996	13.8307
1 5 13			0.03		-0.15		11.7		0.36055	1.1973	71.2966048402	12.6128
0 6 16			0.03		-0.12		11.33		0.3611	0.4825	89.3859051251	7.6515
2 0 8			0.03		-0.09		10.98		0.36106	0.1665	35.7565424018	1.5727
5 3 7			0.03		-0.06		10.7		0.36108	0.2523	60.5057581853	5.4388
3 1 9			0.02		-0.04		10.45		0.36069	0.36	45.2950695798	8.7768
0 0 4			-0.08		-0.12		11.33		0.36053	0.8482	15.2869714585	59.1035
0 2 20			0.03		-0.09		11.04		0.36082	0.4494	86.0769303832	2.8517
3 5 9			0.01		-0.08		10.93		0.35934	0.4755	65.0802252419	19.5165
6 0 10			0.02		-0.06		10.74		0.35863	1.0728	69.1331306246	8.9056
2 4 8			0.02		-0.04		10.49		0.35771	0.1687	51.4325245866	2.4593
6 0 6			0.02		-0.01		10.25		0.35723	1.0815	60.1501886982	39.9969
0 4 18			0.02		0.01		10.0		0.3572	0.8369	84.5238780681	17.4513
7 3 3			-0.02		-0.01		10.23		0.35692	1.9283	72.601334037	69.5466
9 1 1			0.01		0.0		10.1		0.35685	0.8793	87.9915459652	19.6393
0 2 18			0.02		0.02		9.89		0.35664	0.3755	76.3208597895	3.7538
3 7 5			-0.02		-0.0		10.14		0.35804	1.0548	74.7470539899	89.5814
3 1 3			-0.03		-0.03		10.43		0.35764	1.2003	30.3814370344	67.5761
5 1 7			0.02		-0.01		10.24		0.35764	0.2609	54.1000446603	4.252
4 2 14			0.02		0.01		10.04		0.35761	1.2576	70.6282605877	19.9713
0 6 14			0.02		0.02		9.87		0.35755	0.9096	81.7552219026	27.2955
1 1 9			0.02		0.05		9.68		0.35765	0.2216	37.1193146943	1.1702
0 6 8			0.02		0.06		9.49		0.35751	0.7694	64.1950429677	5.6946
1 5 9			0.02		0.08		9.33		0.35708	0.4394	58.984264935	17.7365
1 3 15			0.01		0.09		9.24		0.3571	0.2862	67.3623786269	8.1809
0 2 14			0.02		0.11		9.09		0.3571	0.2479	58.6982494177	6.3292
4 2 2			0.0		0.11		9.06		0.35712	0.457	40.8620305525	12.2524
6 0 8			0.02		0.13		8.9		0.35701	2.9234	64.163237895	5.3359
5 5 1			0.01		0.14		8.84		0.35695	0.5073	65.769247456	23.9531
0 6 18			0.02		0.15		8.7		0.3569	0.7949	98.0280769063	1.8601
5 1 9			0.01		0.17		8.57		0.35652	0.4583	58.9619928854	19.0838
4 2 6			0.01		0.18		8.5		0.35619	1.6049	46.7233273538	62.1975
7 3 1			0.0		0.18		8.46		0.35615	0.5095	71.5359286583	22.1332
2 4 6			0.01		0.19		8.4		0.35586	0.785	46.7364348384	64.2552
5 1 13			0.01		0.2		8.34		0.35612	0.4567	71.2764535317	11.3258
4 4 12			-0.02		0.17		8.52		0.3549	1.9475	72.2035773977	130.2426
3 3 15			0.01		0.19		8.41		0.35481	0.3402	73.0835579415	3.8877
5 3 11			-0.09		0.1		9.24		0.35562	1.8677	70.5420870211	204.0714
3 1 15			0.01		0.11		9.16		0.35555	0.2871	67.3554895111	7.7692
4 2 10			0.01		0.11		9.1		0.35548	1.1102	57.0442200735	11.3144
3 5 11			-0.08		0.03		9.88		0.35641	1.8915	70.5555824797	206.4699
0 6 12			0.01		0.05		9.75		0.35675	0.3425	75.0250979777	1.887
0 6 10			0.01		0.06		9.66		0.35669	0.8527	69.1637693973	8.5049
0 0 18			0.01		0.07		9.57		0.35632	0.6609	73.530655613	37.988
0 6 6			0.01		0.08		9.45		0.35623	1.0147	60.183190367	40.9583
5 3 9			0.01		0.09		9.37		0.35596	0.4833	65.0662013285	20.8409
2 4 10			0.01		0.09		9.32		0.3559	0.607	57.0555982332	12.0937
1 7 7			0.01		0.1		9.23		0.3559	0.4353	72.3061031614	6.1143
2 2 16			-0.03		0.07		9.56		0.35762	1.1693	70.1293332912	108.6018
0 4 16			-0.01		0.06		9.65		0.35972	1.5557	75.7704700384	94.8658
0 0 22			0.01		0.06		9.59		0.36037	2.2765	94.0325860765	137.6091
4 0 4			-0.05		0.01		10.11		0.36029	1.2165	39.0343929222	79.1487
6 2 0			-0.25		-0.24		13.47		0.36029	4.3933	57.9728440251	566.5186
3 7 1			0.01		-0.23		13.39		0.36027	1.2822	71.5694631273	22.2453
0 4 12			-0.04		-0.27		14.0		0.35876	1.4889	60.4300914167	161.7651
3 3 1			0.0		-0.27		13.99		0.35872	0.5106	38.1558496662	33.1617
0 2 0			-0.03		-0.3		14.38		0.35872	1.4407	17.6394681947	177.2483
2 4 2			0.01		-0.3		14.31		0.35872	0.3828	40.8766170199	13.2501
0 4 20			0.0		-0.29		14.27		0.36047	1.027	94.1654323607	18.6345
2 2 0			-0.34		-0.63		21.49		0.36047	11.1953	25.0390113278	1035.9387
0 2 8			0.01		-0.62		21.25		0.36047	0.1155	35.7619852008	1.7384
2 6 10			-0.0		-0.62		21.25		0.36066	0.7069	72.0169435829	44.7171
2 0 10			0.0		-0.61		21.16		0.36061	0.6169	42.9543880851	20.236
4 2 0			0.0		-0.61		21.06		0.36061	0.9287	40.0811891304	86.5118
1 3 9			0.01		-0.6		20.85		0.36053	0.2622	45.3040218183	7.1674
1 1 15			0.01		-0.59		20.74		0.36065	0.656	61.3839959686	20.6242
4 4 6			-0.08		-0.68		22.6		0.36002	4.3817	57.0116572758	400.3855
0 2 12			0.01		-0.67		22.41		0.35981	0.3827	50.6142203783	17.5707
2 4 0			0.0		-0.66		22.32		0.35981	1.4359	40.0960076051	88.2765
7 1 1			0.01		-0.66		22.2		0.35979	0.5207	65.7483230412	25.2044
3 1 13			0.01		-0.65		21.99		0.35993	0.3869	59.4126405656	11.7895
3 5 3			-0.01		-0.65		22.12		0.35987	0.9259	54.5093201099	87.7589
0 0 14			0.0		-0.65		22.03		0.35973	0.8389	55.4890953336	74.9432