HKL Value		Reward		TotalReward	Chi Squared	Z Appr. 	Error	Two-Thetas	Sfs2
6 4 0			0.0		0.0		0.0		0.3	1.8287	67.0910631577	58.6803
1 7 5			0.0		0.0		3.85		0.39999	1.0841	69.0835930101	99.7513
1 1 7			-0.2		-0.2		4.83		0.38137	0.2012	29.7561292971	6.5386
1 3 7			0.42		0.21		3.41		0.37996	0.1893	39.2755843192	5.3372
0 2 18			-0.27		-0.06		4.67		0.37096	0.3755	76.3208597895	3.7538
3 1 7			0.21		0.16		3.85		0.37107	0.257	39.2655360855	5.205
1 5 7			0.17		0.33		3.29		0.37118	0.6035	54.1236034243	4.2528
4 6 0			0.16		0.49		2.83		0.37118	0.7863	67.1083315067	59.4729
7 1 7			0.1		0.59		2.58		0.37129	0.3505	72.2660298289	5.0526
3 5 7			0.08		0.67		2.38		0.37141	0.2309	60.5203777188	5.6046
5 5 7			0.1		0.77		2.16		0.37147	0.6639	72.2860687267	4.3062
3 3 7			0.1		0.87		1.97		0.37151	0.1558	47.1418707618	3.5073
4 6 2			-0.02		0.85		2.01		0.37155	0.2349	67.657370766	5.5969
0 2 0			-0.64		0.22		5.5		0.37155	1.4407	17.6394681947	177.2483
6 0 2			0.06		0.28		5.18		0.3716	0.2214	55.354768557	5.4487
2 0 14			0.02		0.3		5.07		0.37133	0.2634	58.6945218607	7.3942
0 6 2			0.05		0.35		4.84		0.3714	0.2356	55.3895592761	6.1752
1 1 13			-0.06		0.28		5.17		0.36651	0.3722	52.9310122384	10.9703
0 6 16			0.02		0.31		5.06		0.36442	0.4825	89.3859051251	7.6515
7 3 3			-0.15		0.15		5.96		0.36412	1.9283	72.601334037	69.5466
2 4 2			-0.01		0.14		6.05		0.36417	0.3828	40.8766170199	13.2501
1 1 9			0.05		0.19		5.77		0.36418	0.2216	37.1193146943	1.1702
4 2 6			-0.04		0.15		5.99		0.3633	1.6049	46.7233273538	62.1975
0 2 2			-0.13		0.02		6.9		0.36324	0.4614	19.2417464495	36.8131
0 2 20			0.04		0.06		6.61		0.36327	0.4494	86.0769303832	2.8517
4 2 8			0.02		0.08		6.49		0.36273	0.7605	51.4203212226	2.5419
1 3 9			0.03		0.11		6.32		0.36238	0.2622	45.3040218183	7.1674
5 3 7			0.03		0.14		6.15		0.36242	0.2523	60.5057581853	5.4388
1 5 13			0.04		0.17		5.94		0.36274	1.1973	71.2966048402	12.6128
0 0 14			-0.06		0.11		6.3		0.36177	0.8389	55.4890953336	74.9432
1 3 13			0.03		0.15		6.1		0.3621	0.3907	59.4200243294	11.5335
5 1 7			0.03		0.17		5.95		0.36213	0.2609	54.1000446603	4.252
3 7 3			-0.08		0.09		6.48		0.36191	0.8954	72.6346668965	71.6226
3 3 9			0.01		0.1		6.4		0.36143	0.3816	52.4524123761	12.0632
2 4 8			0.02		0.12		6.28		0.36072	0.1687	51.4325245866	2.4593
3 1 9			0.02		0.14		6.15		0.35999	0.36	45.2950695798	8.7768
3 3 13			0.03		0.17		5.99		0.36059	0.5636	65.4922780779	9.1158
3 3 15			0.02		0.19		5.86		0.36079	0.3402	73.0835579415	3.8877
4 2 14			0.02		0.21		5.73		0.36056	1.2576	70.6282605877	19.9713
6 0 6			0.02		0.23		5.64		0.36002	1.0815	60.1501886982	39.9969
0 6 8			0.02		0.25		5.52		0.35956	0.7694	64.1950429677	5.6946
6 0 10			0.01		0.26		5.49		0.35923	1.0728	69.1331306246	8.9056
3 3 1			-0.03		0.23		5.68		0.35906	0.5106	38.1558496662	33.1617
0 2 14			0.02		0.25		5.56		0.35934	0.2479	58.6982494177	6.3292
0 4 4			-0.15		0.09		6.57		0.35881	0.8482	39.0545896029	78.0016
4 6 6			0.02		0.11		6.43		0.35922	1.1903	71.9781772466	41.9784
6 0 8			0.02		0.13		6.31		0.35867	2.9234	64.163237895	5.3359
2 4 12			0.02		0.16		6.17		0.35841	0.2205	63.4791913795	4.8908
1 5 9			0.02		0.17		6.08		0.35761	0.4394	58.984264935	17.7365
5 1 9			0.01		0.19		5.99		0.35695	0.4583	58.9619928854	19.0838
4 2 10			0.0		0.19		5.97		0.35675	1.1102	57.0442200735	11.3144
5 5 1			0.0		0.19		5.97		0.35668	0.5073	65.769247456	23.9531
4 2 2			-0.0		0.19		5.99		0.35668	0.457	40.8620305525	12.2524
3 7 1			-0.0		0.19		6.0		0.35663	1.2822	71.5694631273	22.2453
0 4 18			0.02		0.2		5.88		0.35669	0.8369	84.5238780681	17.4513
0 6 12			0.02		0.22		5.79		0.35712	0.3425	75.0250979777	1.887
5 3 9			0.0		0.22		5.77		0.35665	0.4833	65.0662013285	20.8409
4 4 4			-0.12		0.11		6.54		0.3565	0.8476	53.9354251327	76.9211
3 5 9			0.01		0.11		6.49		0.35615	0.4755	65.0802252419	19.5165
0 4 0			-0.57		-0.45		14.93		0.35615	6.137	35.7152072575	818.959
4 0 0			-0.34		-0.79		22.61		0.35615	8.3901	35.6934066618	787.9925
1 7 7			0.01		-0.78		22.28		0.35614	0.4353	72.3061031614	6.1143
1 3 15			0.01		-0.76		21.99		0.3561	0.2862	67.3623786269	8.1809
9 1 1			0.01		-0.75		21.72		0.35606	0.8793	87.9915459652	19.6393
6 0 12			0.01		-0.74		21.43		0.35682	0.5892	74.995462768	0.9301
0 6 6			0.01		-0.72		21.11		0.3567	1.0147	60.183190367	40.9583
2 4 10			0.01		-0.71		20.88		0.35662	0.607	57.0555982332	12.0937
0 0 18			0.01		-0.7		20.61		0.35628	0.6609	73.530655613	37.988
0 2 12			0.01		-0.68		20.32		0.35608	0.3827	50.6142203783	17.5707
1 1 15			0.0		-0.68		20.23		0.35616	0.656	61.3839959686	20.6242
6 2 10			-0.0		-0.68		20.29		0.35634	0.7103	71.9901825081	43.9921
3 3 3			-0.0		-0.68		20.32		0.35625	0.8081	39.7679129272	70.9373
0 6 14			0.01		-0.67		20.06		0.35627	0.9096	81.7552219026	27.2955
2 2 16			-0.01		-0.68		20.23		0.3583	1.1693	70.1293332912	108.6018
0 4 20			0.01		-0.67		20.08		0.36095	1.027	94.1654323607	18.6345
2 0 4			-0.03		-0.71		20.79		0.36103	1.3874	23.4143586184	109.347
2 0 8			0.01		-0.69		20.52		0.36102	0.1665	35.7565424018	1.5727
3 1 13			0.01		-0.68		20.26		0.36119	0.3869	59.4126405656	11.7895
0 6 0			0.01		-0.67		20.08		0.36119	1.4277	54.7714555341	59.4019
4 2 0			0.0		-0.67		19.99		0.36119	0.9287	40.0811891304	86.5118
1 1 5			-0.06		-0.72		21.17		0.36174	1.9661	22.8949597146	247.5537
0 6 18			0.01		-0.71		20.91		0.36174	0.7949	98.0280769063	1.8601
3 1 15			0.01		-0.7		20.69		0.36181	0.2871	67.3554895111	7.7692
5 1 13			0.01		-0.69		20.45		0.3619	0.4567	71.2764535317	11.3258
7 1 1			0.01		-0.68		20.33		0.36189	0.5207	65.7483230412	25.2044
2 6 2			-0.03		-0.72		21.06		0.36201	1.2892	58.5985395934	134.3564
3 5 1			0.0		-0.71		20.97		0.36199	0.5283	53.2544885252	31.9012
0 2 8			0.01		-0.7		20.73		0.36197	0.1155	35.7619852008	1.7384
0 6 10			0.01		-0.69		20.55		0.36194	0.8527	69.1637693973	8.5049
0 4 16			0.01		-0.68		20.38		0.36242	1.5557	75.7704700384	94.8658
2 6 10			0.0		-0.68		20.37		0.36262	0.7069	72.0169435829	44.7171
0 2 16			0.01		-0.67		20.15		0.36277	1.8687	67.2407114996	13.8307
2 4 6			0.01		-0.67		20.05		0.3626	0.785	46.7364348384	64.2552
2 4 0			0.0		-0.66		19.98		0.3626	1.4359	40.0960076051	88.2765
7 3 1			0.01		-0.66		19.84		0.36259	0.5095	71.5359286583	22.1332
0 6 4			-0.0		-0.66		19.88		0.36261	0.6675	57.2171401797	42.9768
3 1 1			0.0		-0.66		19.87		0.3626	0.5239	28.3131072915	41.7464
5 5 3			-0.0		-0.66		19.91		0.36254	0.8107	66.8760743485	64.1048
2 0 6			-0.01		-0.67		20.06		0.36225	1.6278	29.1406672869	128.8477
2 0 2			-0.0		-0.67		20.12		0.36224	0.6502	19.2320929378	35.9547