HKL Value		Reward		TotalReward	Chi Squared	Z Appr. 	Error	Two-Thetas	Sfs2
3 3 7			0.0		0.0		0.0		0.3	0.1558	47.1418707618	3.5073
1 1 7			0.0		0.0		0.09		0.3393	0.2012	29.7561292971	6.5386
6 4 0			0.75		0.75		0.05		0.3393	1.8287	67.0910631577	58.6803
4 6 0			0.07		0.81		0.05		0.3393	0.7863	67.1083315067	59.4729
1 3 3			-0.99		-0.18		4.8		0.33868	0.7045	30.3940112777	66.1614
1 3 7			0.25		0.07		3.84		0.33832	0.1893	39.2755843192	5.3372
7 1 7			0.19		0.26		3.22		0.33786	0.3505	72.2660298289	5.0526
7 3 5			-0.33		-0.07		4.81		0.37608	1.0496	74.7140851895	88.0788
4 2 8			-0.15		-0.22		5.68		0.37735	0.7605	51.4203212226	2.5419
3 1 13			0.09		-0.13		5.21		0.36368	0.3869	59.4126405656	11.7895
4 4 12			-0.22		-0.34		6.64		0.34711	1.9475	72.2035773977	130.2426
1 5 13			-0.01		-0.36		6.72		0.34717	1.1973	71.2966048402	12.6128
5 1 13			0.0		-0.35		6.71		0.34726	0.4567	71.2764535317	11.3258
0 6 2			0.04		-0.31		6.42		0.3474	0.2356	55.3895592761	6.1752
3 1 7			0.06		-0.25		6.04		0.34689	0.257	39.2655360855	5.205
4 6 2			0.04		-0.21		5.81		0.34672	0.2349	67.657370766	5.5969
1 5 7			0.06		-0.15		5.5		0.34619	0.6035	54.1236034243	4.2528
5 5 7			0.06		-0.09		5.21		0.34563	0.6639	72.2860687267	4.3062
6 0 2			0.03		-0.06		5.06		0.34573	0.2214	55.354768557	5.4487
6 0 8			0.03		-0.03		4.9		0.3472	2.9234	64.163237895	5.3359
4 6 6			-0.01		-0.04		4.95		0.35176	1.1903	71.9781772466	41.9784
4 0 6			-0.7		-0.74		16.66		0.337	5.3963	42.900258124	488.2208
3 5 9			0.04		-0.71		16.05		0.34421	0.4755	65.0802252419	19.5165
1 1 13			0.03		-0.68		15.63		0.34407	0.3722	52.9310122384	10.9703
6 0 6			0.04		-0.64		15.01		0.3448	1.0815	60.1501886982	39.9969
3 1 9			0.02		-0.62		14.69		0.34844	0.36	45.2950695798	8.7768
4 2 2			0.02		-0.6		14.41		0.34843	0.457	40.8620305525	12.2524
0 6 18			0.03		-0.57		14.0		0.35084	0.7949	98.0280769063	1.8601
2 0 12			0.03		-0.54		13.58		0.35163	0.8079	50.6101057273	16.6151
0 6 16			0.03		-0.51		13.22		0.35142	0.4825	89.3859051251	7.6515
4 2 6			0.03		-0.48		12.84		0.35126	1.6049	46.7233273538	62.1975
0 0 18			0.03		-0.45		12.44		0.35156	0.6609	73.530655613	37.988
2 4 12			0.01		-0.44		12.29		0.35278	0.2205	63.4791913795	4.8908
0 2 20			0.03		-0.41		11.93		0.3529	0.4494	86.0769303832	2.8517
6 0 10			0.02		-0.38		11.67		0.35286	1.0728	69.1331306246	8.9056
0 6 12			0.01		-0.37		11.55		0.35408	0.3425	75.0250979777	1.887
6 0 0			0.02		-0.36		11.36		0.35408	0.7256	54.7363985401	55.434
5 5 1			0.01		-0.34		11.2		0.35405	0.5073	65.769247456	23.9531
2 4 8			0.03		-0.31		10.9		0.35405	0.1687	51.4325245866	2.4593
6 0 12			0.01		-0.31		10.83		0.35525	0.5892	74.995462768	0.9301
4 0 2			-0.16		-0.46		12.84		0.35541	1.7854	36.5531212028	138.5255
5 3 7			0.02		-0.44		12.58		0.3554	0.2523	60.5057581853	5.4388
3 3 13			0.02		-0.43		12.36		0.35555	0.5636	65.4922780779	9.1158
6 4 4			-0.0		-0.43		12.41		0.35564	0.6669	69.2748711385	33.991
2 0 14			0.02		-0.41		12.14		0.35561	0.2634	58.6945218607	7.3942
0 6 6			0.02		-0.39		11.89		0.35553	1.0147	60.183190367	40.9583
3 5 1			-0.0		-0.39		11.9		0.35549	0.5283	53.2544885252	31.9012
1 5 9			0.02		-0.37		11.66		0.35539	0.4394	58.984264935	17.7365
0 2 18			0.02		-0.35		11.43		0.3553	0.3755	76.3208597895	3.7538
5 1 9			0.02		-0.33		11.2		0.35519	0.4583	58.9619928854	19.0838
6 4 2			0.02		-0.31		11.03		0.35519	0.2211	67.6401768609	4.8049
5 1 7			0.02		-0.29		10.84		0.35518	0.2609	54.1000446603	4.252
4 2 14			0.02		-0.27		10.64		0.35521	1.2576	70.6282605877	19.9713
0 6 14			0.02		-0.26		10.48		0.35527	0.9096	81.7552219026	27.2955
1 3 15			0.01		-0.25		10.37		0.3552	0.2862	67.3623786269	8.1809
2 2 10			-0.03		-0.28		10.66		0.35532	0.6429	46.7739448495	44.8949
1 1 9			0.02		-0.26		10.48		0.35547	0.2216	37.1193146943	1.1702
3 3 9			0.02		-0.24		10.3		0.3554	0.3816	52.4524123761	12.0632
1 3 13			0.01		-0.23		10.21		0.35553	0.3907	59.4200243294	11.5335
0 6 8			0.02		-0.21		10.04		0.35553	0.7694	64.1950429677	5.6946
0 2 16			0.0		-0.21		10.01		0.35566	1.8687	67.2407114996	13.8307
0 4 18			0.02		-0.2		9.85		0.35579	0.8369	84.5238780681	17.4513
4 2 10			0.01		-0.19		9.77		0.35573	1.1102	57.0442200735	11.3144
0 2 14			0.01		-0.17		9.63		0.3557	0.2479	58.6982494177	6.3292
3 1 15			0.01		-0.16		9.54		0.35564	0.2871	67.3554895111	7.7692
0 6 10			0.01		-0.15		9.44		0.35559	0.8527	69.1637693973	8.5049
1 1 17			-0.08		-0.24		10.29		0.35512	2.447	70.2810461715	248.4175
7 1 1			0.0		-0.24		10.28		0.3551	0.5207	65.7483230412	25.2044
2 2 14			-0.02		-0.25		10.45		0.35522	1.0835	61.7979105177	101.9829
1 3 9			0.01		-0.24		10.3		0.35527	0.2622	45.3040218183	7.1674
3 3 15			0.01		-0.22		10.17		0.35522	0.3402	73.0835579415	3.8877
0 0 22			-0.01		-0.24		10.31		0.35634	2.2765	94.0325860765	137.6091
9 1 1			0.01		-0.23		10.24		0.35633	0.8793	87.9915459652	19.6393
2 4 6			0.01		-0.22		10.16		0.35619	0.785	46.7364348384	64.2552
5 1 5			-0.06		-0.28		10.8		0.35652	1.1901	50.2495039981	127.1383
0 4 20			-0.02		-0.3		11.03		0.35879	1.027	94.1654323607	18.6345
0 4 16			-0.0		-0.31		11.08		0.35955	1.5557	75.7704700384	94.8658