Number of epochs: 150e-01
-4.861356247797258279e-01
-1.186788516240753349e-02
-1.327882908782331006e-01
-4.843854970936496973e-01
5.081259096717092097e-03
-3.788908958965953033e-01
-4.372017614622321635e-01
1.726572707543520303e-03
-3.235283711671170792e-01
6.126445502005987143e-01
-2.821292335410678816e-03
-3.410713786493595467e-01
6.438697989619869555e-02
-9.314836001405704669e-02
-2.202117946585522169e-03
-2.027863722170205121e-02
5.408137107007331308e-03
1.353511735915632419e-03
-6.925570684533358112e-02
1.241448078264877422e-02
-5.048954932181296679e-02
-1.446518493461319138e-02
-7.462885041306882572e-02
-1.658900997143256464e-03
1.312752836799424561e-02
-3.469019185768004547e-03
1.432851772691059490e-02
-9.285722293666134886e-02
-4.778495662873610828e-02
-1.708102641051517656e-01
2.710923365395751655e-02
-5.402053595934434155e-02
-2.999776416224431697e-01
1.249710212925913416e-02
-1.783703131018144206e-01
-1.423557560148251966e-01
7.486817034851801778e-03
-1.355157464679273005e-01
-3.253236718845622932e-02
2.243556019153845546e-02
-1.327720223626743523e-01
3.266130434724559550e-02
-2.055710457509208819e-02
-6.409432661761673734e-03
-1.652903193921151648e-01
-1.280143134302359209e-01
-1.133993148771528237e-01
-4.186495897354288592e-02
-1.428064671166093813e-01
-9.581266271923837008e-02
-1.015702162285080645e-01
-7.363993564051583840e-02
-3.467137673998561126e-02
-4.682480735051387788e-02
-7.759098979954688613e-02
-3.769295620351253290e-02
-1.168535003641734127e-01
-6.701317531438293063e-02
-3.746389527625598043e-02
-2.002167780949413722e-01
-7.393853273747443000e-02
-8.451576033533694798e-02
-7.211842640592595888e-02
-1.252559460226711219e-01
-1.676303914542188744e-01
-7.715289630518308572e-02
-7.256346646919429808e-03
-8.687936587463213761e-03
-1.767379582562769169e-01
2.600509195770501353e-03
-2.705145316472792327e-01
-2.878987385875311222e-01
-1.485701436344538107e-01
-6.919374213788175021e-02
-1.336354240968503915e-01
-7.233457644951897525e-02
-1.246009559506014025e-01
-5.446539267456429467e-02
-1.239791941097120737e-01
-7.649020484320916136e-02
-2.126825430934284888e-01
-6.373003933156590195e-02
-5.113281036197653284e-02
-3.867703859513141329e-01
-1.569385014537450981e-02
-4.226215480730498020e-01
1.975151153108503990e-02
-8.505493900134669660e-02
-3.486789249919857725e-01
1.938610818337789879e-02
-1.839122077598320804e-01
-3.795288150349526712e-01
6.506602492456104326e-04
-1.814363092583735904e-01
-1.466008888847299650e-02
1.153039122471125749e-02
-2.818904147755407208e-01
1.797514039706382682e-02
3.834805162239292020e-01
2.044377299488666366e-01
1.455435079213268298e-02
6.655162038575895833e-02
3.451293267909658624e-01
5.091499615731678863e-02
3.368013399802695373e-02
1.533862703556859441e-01
6.183605473508429345e-02
5.762795045796489241e-02
1.791899660945156514e-02
-2.171658173039503481e-01
9.266308359538516157e-03
-2.547657750127922949e-01
7.794409188108713041e-03
1.253447678943177268e-02
-2.080373930792387971e-01
2.789603547393494989e-02
-2.146183173450597892e-01
-1.449487168176342711e-01
2.323303898610389051e-02
-2.252966447635153246e-01
1.907732369083233598e-02
-2.617276837562877434e-01
2.082501301135973940e-02
2.403285779265417962e-02
1.648437447238135581e-02
1.883124573520306849e-02
2.247722179026829040e-02
1.318066172949709965e-02
1.653173821160012005e-02
7.644694203706209508e-03
-1.071261832424611621e-01
-1.220011411253773756e-02
-8.259366359836409210e-02
8.132168246302128381e-03
-3.880256803796031106e-02
-8.551680468551385583e-02
1.260246536704938761e-02
-9.956813755059542789e-03
-2.822215457569645161e-02
9.422709356885692472e-03
-4.657897598759933727e-02
-7.657767351237101255e-03
2.121943557159699720e-03
-1.977827202068768719e-01
-2.265660486860344713e-01
-1.152924028044744892e-01
-9.580025093484803578e-02
-1.645517041955837922e-01
-1.153982582620622366e-01
-1.472462793485562749e-01
-1.262253714239062741e-01
-1.067641989333795172e-01
-8.877934331353244668e-02
-5.709219704648770682e-02
2.761800636373247519e-02
1.041832427555765272e-02
-1.063996532964801567e-01
-1.882890495428747243e-02
-1.155782068431889242e-01
1.694071109636444833e-02
-1.324538692951497849e-02
9.931209261977281752e-03
2.585639046088283183e-02
9.307068250947644547e-03
8.812731228140299050e-03
2.123156746755770069e-02
2.537871377967705969e-02
1.768855847121326291e-02
-1.843352747859296897e-02
3.388833752171268449e-02
-6.309592317910862891e-02
2.925798997087714418e-02
-1.294949577460886847e-01
7.420645668869013147e-03
-9.654846883931847423e-02
-8.033832249184380894e-03
1.069124346979522661e-02
7.525873571579000040e-03
1.697882811199412020e-02
1.115628583990358434e-02
1.770599330814949524e-02
-5.774186737607754638e-02
-3.897392086375365411e-02
4.562558567624168566e-03
5.111328674002156222e-03
-1.236323880799091758e-02
2.493434103246432165e-02
-1.411000326860600840e-01
6.181352572553304447e-03
4.369370506449583684e-03
9.762619421171955109e-03
7.836329723367565017e-03
-5.154409665877471292e-02
2.763703166562867658e-02
6.368153884581994120e-03
-2.098161733672604043e-02
-1.162863651838518843e-02
