Number of epochs: 275e-01
-4.916962391630825824e-01
-1.734376957826424745e-02
-1.372090539045462410e-01
-5.115967298321070222e-01
2.200934340544270611e-03
-3.862429066314115311e-01
-4.173900522731834317e-01
-4.092979506296686061e-03
-3.385264020267770846e-01
6.566216390512309431e-01
-1.462577989366763836e-02
-3.681248397028650809e-01
6.263806389203444014e-02
-7.366113859153818055e-02
-5.355696471726355311e-04
-5.630306924090415499e-02
-3.327344399197170420e-03
-1.356182957280066027e-02
-5.448856734897442738e-02
8.793538678082711557e-03
-7.875048676925287816e-02
-5.394978151026435208e-03
-4.969476154739825569e-02
5.169790484080144521e-04
1.303485119389673208e-02
1.490624213858030012e-02
5.593809226904593139e-03
-1.136120700553362589e-01
-3.771627455231454928e-02
-2.287106557813876617e-01
3.157644976716295765e-02
-4.852505096449757915e-02
-2.680315889503070426e-01
1.086976874002614120e-02
-1.629810934261944066e-01
-1.520207044644175665e-01
8.851654913608390796e-03
-1.188062203856626170e-01
-2.470527072202235996e-02
2.033189577178276877e-02
-1.229851439079662767e-01
3.486595949416721602e-02
-2.032520904769152120e-02
-4.722643725554918209e-02
-1.333440053765365674e-01
-1.024603154166181113e-01
-8.995920543893924648e-02
-1.025901506704146871e-01
-1.292581917520651547e-01
-5.170280059552957025e-02
-6.990455518525232059e-02
-7.184716208441113694e-02
-5.946087707066511491e-02
-3.567199179587909885e-02
-5.732895936533278364e-02
-1.019000952028351892e-01
-1.669225879557186820e-01
-5.531886545218640122e-02
-6.245212872819403543e-02
-1.829571316131158309e-01
-1.077969462355915509e-01
-1.083277519316215853e-01
-1.276948529996660697e-01
-9.456548248903871856e-02
-1.116523837449263090e-01
-5.940438784884524009e-02
-5.225921648980254991e-02
-9.035384848632056765e-02
-1.139196927895796685e-01
3.116694613258898239e-03
-2.340916325694568645e-01
-2.302260087390646248e-01
-1.269772494041284949e-01
-8.649511084509185765e-02
-1.305537382120750545e-01
-8.574898368983951968e-02
-1.632343550231033780e-01
3.179796687366504785e-03
-9.512552666194397377e-02
-3.322896692413675537e-03
-1.078643629635600981e-01
-5.637726436688940412e-02
-7.084701678585662854e-02
-3.791162271762283931e-01
-1.755890014697557289e-02
-3.718857996818775158e-01
1.778552753791184590e-02
-6.586014702314189895e-02
-3.441322510317666450e-01
1.478866600648154686e-02
-1.843726554520503935e-01
-4.251330885967962159e-01
-2.272935546335694366e-03
-2.141944557419301343e-01
-3.376324476433178318e-02
6.389770711372505518e-03
-2.623740247138290904e-01
1.829619707133968085e-02
3.053096222596066722e-01
2.380343173919999278e-01
1.712159242417686522e-02
6.323538603907857825e-02
3.033844409332772107e-01
5.256823649138268190e-02
5.087734342649801594e-02
1.634991301354599413e-01
6.398238917322486563e-02
5.488333360810769557e-02
1.139392820419264998e-02
-2.506459475594157160e-01
1.711630950326827440e-03
-2.693442979632741929e-01
1.217123472887391908e-02
1.522947500484631879e-02
-2.160641970254766064e-01
2.834170135724261436e-02
-2.377891163815810949e-01
-2.079531600274113212e-01
2.722945869467359448e-02
-1.968692346629463130e-01
2.007182887295110019e-02
-2.236156052666299909e-01
1.820712737243367421e-02
1.727813490862845081e-02
1.850404874801189412e-02
9.026548408020685504e-03
2.392040223732297757e-02
5.493856441464723805e-04
1.353008819349070350e-02
8.732096290025427240e-03
-5.683835357798745075e-02
9.364637478327452608e-03
-6.272962711207027975e-02
5.896400322922316917e-03
-5.247843810224105815e-02
-7.149846272329957175e-02
7.644947553075311271e-03
-9.015207876577419066e-03
-4.744984485554865072e-02
-3.975442070096185838e-03
-6.425089970985668753e-02
-1.938443904301816872e-02
1.488278223257037203e-03
-3.082639826010185602e-01
-2.697891312643820316e-01
-1.515698376628882016e-01
-1.749014891200926791e-01
-1.615826213957680946e-01
-1.899985420150657744e-01
-1.167016850129133920e-01
-1.441019158791665422e-01
-2.064573560227195015e-01
-5.874575324249518143e-02
-3.487786175394456956e-02
1.980367219176411286e-02
7.942068226602955194e-03
-1.368786391931411384e-01
8.307882380248673634e-03
-1.063342439107357179e-01
2.243878877401817712e-02
-1.604164170908759998e-02
8.427938633216815190e-03
1.740654898882267043e-02
-1.367658596400151381e-03
8.088039775233275136e-03
2.565288292759159566e-03
8.333101653072785830e-03
1.423479069314386412e-02
-2.978534439788782517e-02
3.678188855453660283e-02
-3.979057294263073363e-02
3.455787481912413889e-02
-9.429603824120864897e-02
2.260959385414639672e-02
-7.839386012530230596e-02
-6.608870762998211683e-03
1.122360574363634629e-02
7.719204844926856254e-03
1.513515879175842543e-02
1.265789699062113208e-02
2.284552294704408903e-02
-3.651298733620177844e-02
-1.984801513373027002e-02
8.453818154196596560e-03
4.751027905020207762e-03
-1.229324158858146644e-02
2.796839821011952790e-02
-1.127667721967137160e-01
-1.173823287919385783e-02
-5.550055890277319666e-03
2.384869581280685269e-02
3.372129593243255053e-03
-5.587054893277907525e-02
3.127698054347310963e-02
5.040089434970703754e-03
-2.841938744955845031e-02
-5.088098262914466513e-02
