Number of epochs: 00e+00
-1.365013069841072846e-01
1.563679911976565695e-01
6.548335711207889202e-03
-1.568888124823404062e-01
1.000000000000000000e+00
1.000000000000000000e+00
-9.555622386828427350e-01
1.000000000000000000e+00
1.000000000000000000e+00
1.000000000000000000e+00
-1.687375550421361947e-01
-3.817439119233127093e-02
5.549529780261033829e-02
1.573608341086527029e-02
1.000000000000000000e+00
1.235188636032027304e-02
1.000000000000000000e+00
2.148248943387826015e-02
1.000000000000000000e+00
1.579395016009310648e-02
1.000000000000000000e+00
1.000000000000000000e+00
1.000000000000000000e+00
1.079948075219612502e-02
1.000000000000000000e+00
1.222255215505335148e-02
1.520963460398079038e-02
1.000000000000000000e+00
2.881176322927960637e-02
1.090352250655582562e-02
1.178473531438974792e-02
1.000000000000000000e+00
1.000000000000000000e+00
1.000000000000000000e+00
6.998200787708745013e-03
1.496532404751231213e-02
1.345565902195134007e-02
2.814758489476328496e-03
2.386867339275061325e-02
4.406693107877102111e-02
3.332861269721433019e-03
1.000000000000000000e+00
6.307512376046979508e-03
1.000000000000000000e+00
5.679472911393554022e-03
6.352456143990088330e-03
1.000000000000000000e+00
3.437420723187382867e-03
1.000000000000000000e+00
1.000000000000000000e+00
1.000000000000000000e+00
7.374787664638569711e-03
1.000000000000000000e+00
1.000000000000000000e+00
4.590889368365100483e-03
1.000000000000000000e+00
1.000000000000000000e+00
7.338641860807550155e-02
3.747632295900441696e-02
2.158544177792582393e-03
1.000000000000000000e+00
1.000000000000000000e+00
5.310681616091329250e-03
1.000000000000000000e+00
1.000000000000000000e+00
4.786151237248415999e-03
1.000000000000000000e+00
1.691748275586166944e-02
1.000000000000000000e+00
7.700287154221082189e-03
-3.528286873474300537e-03
4.966623901830869402e-03
8.550166331715788187e-03
1.884657107311183202e-02
3.686306298756613069e-03
1.000000000000000000e+00
1.152372754194298278e-02
1.000000000000000000e+00
7.669214092536408810e-03
1.223542343985193313e-02
1.000000000000000000e+00
-3.517310674439040885e-01
1.000000000000000000e+00
-3.234560653185792889e-01
1.000000000000000000e+00
-1.353528335464009025e-01
1.000000000000000000e+00
1.000000000000000000e+00
1.000000000000000000e+00
5.406513664629428693e-03
1.000000000000000000e+00
1.000000000000000000e+00
1.000000000000000000e+00
1.000000000000000000e+00
1.000000000000000000e+00
7.207794780125818118e-03
-3.398566914150636525e-02
1.876855776918837787e-02
1.000000000000000000e+00
1.000000000000000000e+00
1.000000000000000000e+00
1.000000000000000000e+00
1.000000000000000000e+00
1.000000000000000000e+00
-1.684600595251059194e-02
1.000000000000000000e+00
-1.744038181682928609e-02
1.000000000000000000e+00
-1.672130629140023902e-02
1.000000000000000000e+00
9.755229114011777780e-02
-2.503497965194678709e-02
5.808979857581924450e-02
1.000000000000000000e+00
1.000000000000000000e+00
1.000000000000000000e+00
1.000000000000000000e+00
1.000000000000000000e+00
7.613688367776701160e-02
-1.437177589524003124e-02
1.000000000000000000e+00
-2.093540906988407974e-02
1.000000000000000000e+00
1.887926739252953484e-02
1.000000000000000000e+00
1.038221064971852833e-02
1.000000000000000000e+00
1.361800947313902312e-02
1.000000000000000000e+00
9.345404122626721488e-02
-2.993115352499080561e-01
1.233572584122397293e-02
1.416637854678484167e-02
7.417091615854047582e-02
4.986243872696111690e-01
1.000000000000000000e+00
1.874102551640818848e-02
5.957137583944723674e-02
1.000000000000000000e+00
1.000000000000000000e+00
9.255255160875185128e-03
1.000000000000000000e+00
1.688567652084259005e-02
-2.625318109133977784e-01
-2.918633045810203538e-02
1.000000000000000000e+00
-2.637393367322074175e-02
-4.555450572086880423e-02
1.000000000000000000e+00
1.000000000000000000e+00
1.000000000000000000e+00
1.000000000000000000e+00
7.065327175907317944e-03
1.000000000000000000e+00
1.000000000000000000e+00
-3.337023297729771465e-02
1.000000000000000000e+00
1.000000000000000000e+00
2.378891456557961567e-02
1.000000000000000000e+00
1.000000000000000000e+00
1.000000000000000000e+00
3.421868535103116116e-02
8.931909937846470304e-02
3.623222074700815226e-02
1.000000000000000000e+00
1.000000000000000000e+00
1.000000000000000000e+00
3.201244165499473292e-03
1.308800245072886878e-02
1.000000000000000000e+00
1.805122355393604799e-02
1.000000000000000000e+00
1.000000000000000000e+00
1.000000000000000000e+00
9.752959360459926078e-03
2.040341721984638423e-02
1.793499086008525437e-02
1.000000000000000000e+00
1.000000000000000000e+00
1.032323238747444045e-03
2.141549804922045816e-04
1.000000000000000000e+00
1.000000000000000000e+00
1.000000000000000000e+00
2.057725018535094125e-02
1.000000000000000000e+00
1.000000000000000000e+00
1.000000000000000000e+00
1.874070970396128286e-02
9.742236856268656278e-03
7.792438134964560850e-03
8.911164326021039223e-03
1.035086603792593173e-02
4.711108757393532576e-02
1.000000000000000000e+00
1.000000000000000000e+00
