Number of epochs: 350e-01
-4.914061291024039435e-01
-1.014868331542078533e-02
-1.338104964561630805e-01
-4.923236929510189097e-01
3.369926288525772803e-03
-3.598858707338059015e-01
-4.586468701055527175e-01
-1.242601868281044929e-02
-3.578215777851148638e-01
6.639758336902111813e-01
-1.165208340585840129e-02
-3.477552643493170281e-01
5.376323055793592182e-02
-8.955985016607267979e-02
-1.106927436915878041e-02
-4.411526481360009827e-02
-2.149500488428547542e-03
-9.878661322794824243e-03
-6.076583865262786405e-02
5.051760447226846459e-03
-6.732400066848989728e-02
-1.001860403349357463e-02
-3.648948662401409193e-02
1.840271122259610299e-03
8.088870398297491951e-03
1.042320580892996083e-02
5.780126484053653944e-03
-1.267919512960156425e-01
-4.847350022681051751e-02
-2.414671671037657563e-01
3.238499066314332736e-02
-7.693351004213153099e-02
-2.636312934340216407e-01
1.138680548143958943e-02
-2.154205666834928257e-01
-1.662411151625479977e-01
6.935919691907571627e-03
-1.290826274590135825e-01
-1.937332350018091884e-02
2.153202070230261778e-02
-1.237668044937780404e-01
2.833818476070672915e-02
-3.452702151273533138e-02
-5.763793509103060791e-02
-1.073267767758993990e-01
-1.197873256005436843e-01
-7.828107943193268747e-02
-6.193831484706056184e-02
-1.422025047812096876e-01
-6.813391470308817477e-02
-6.453497765178946299e-02
-7.391247378458767892e-02
-5.840885475631490964e-02
-7.220304624834623930e-02
-7.755890411650055716e-02
-1.014479931458931034e-01
-1.605465961355257987e-01
-5.711692544393395105e-02
-7.263030833006252351e-02
-1.837211694694692865e-01
-9.436923030341645702e-02
-1.188598105500444091e-01
-1.149567919753337747e-01
-6.982539809274281029e-02
-9.118563689376459058e-02
-7.414946367213856582e-02
-5.181930348098667816e-02
-8.646424849723600981e-02
-1.392904923134262174e-01
-5.599449165241219412e-03
-2.640381282374845151e-01
-2.571806987903551001e-01
-1.160438887600732105e-01
-9.642393461838999480e-02
-1.228138314122295960e-01
-8.055111070957264585e-02
-1.492227147749717042e-01
-1.379081106247461753e-02
-9.757065746416164476e-02
-4.477763542999729784e-02
-1.166795039224594321e-01
-6.046938287055253491e-02
-6.095269129513544715e-02
-3.649341535469976527e-01
-2.217299303132743912e-02
-3.331996825721530442e-01
1.821235008819967541e-02
-9.423065856766912884e-02
-3.757989246804203098e-01
1.247864021341387429e-02
-1.741010239090737266e-01
-4.000929151359262081e-01
5.712269980820758666e-03
-2.078374494256891303e-01
-3.960604215247134907e-02
7.334939558739217609e-03
-3.055939525653639244e-01
1.874644264730213061e-02
2.788331140540460384e-01
2.486923784131510606e-01
1.979054214433420902e-02
5.496163886554709249e-02
2.814167938533069790e-01
4.998096180297244978e-02
5.419730018745989863e-02
1.657630934258783884e-01
5.408545722291821511e-02
5.312408394099305681e-02
1.270371010215208887e-02
-2.505235049352604326e-01
-1.592266864879975747e-03
-2.495298615157908739e-01
1.457722659666460009e-02
1.695434716283409499e-02
-2.182583408064895925e-01
2.831843294016937740e-02
-2.400936042797429948e-01
-1.901249374313807028e-01
2.730004911144262580e-02
-1.757599153234292999e-01
2.276282172237665408e-02
-1.924213708053144900e-01
1.878414329112639350e-02
1.844198241278571099e-02
1.342265044761405644e-02
6.574878516492460925e-03
1.824124870814395477e-02
2.022244880456752075e-03
1.306350758476493464e-02
8.599429358237681287e-03
-4.374204602926733826e-02
8.397379292298640108e-03
-7.655652660990919234e-02
7.231055382385575582e-03
-1.653390576404378809e-02
-6.752824885013566925e-02
4.921326415524575858e-03
-1.605891728488664447e-02
-6.275015218991837618e-02
-1.751555355592889244e-03
-6.268029790231256781e-02
-1.807030767251355252e-02
1.115507448058582598e-03
-3.401175460545147189e-01
-2.508126177121501321e-01
-1.732294449598388020e-01
-1.935627805539222313e-01
-1.873957943877272714e-01
-1.658332622903682385e-01
-1.441525397242452433e-01
-1.301049472631386483e-01
-2.008833591395504936e-01
-5.722482480514703984e-02
-3.436258227749340588e-02
1.496035828981782077e-02
4.023308480810489259e-03
-1.533195175105564745e-01
-4.897965977207960168e-03
-9.908801287592326756e-02
1.937163244207405072e-02
-1.644685917041813911e-02
9.291162467998550015e-03
1.653071052139566330e-02
-2.422572831836161157e-03
6.894308041632300071e-03
5.579479576442780697e-03
6.342104799111750180e-03
1.528143055139686082e-02
-3.684995082416849671e-02
3.836201740685336176e-02
-6.023573181454273950e-02
3.565731927907007243e-02
-8.667388854529585462e-02
2.171073706522092667e-02
-8.324974117713070110e-02
-1.315356336245980876e-02
6.043745809766077649e-03
7.121448407916285660e-03
1.476286672417286526e-02
1.036721325421129970e-02
1.994636084540844789e-02
-4.905451986585863261e-02
-1.952870051862507644e-02
-1.493635207013319349e-03
-1.381844134118243332e-03
-1.631869047478129095e-02
2.284340702401449832e-02
-1.064927421229155541e-01
-7.631210883154568823e-03
-3.017814453548753415e-03
2.123919584552804232e-02
-3.842748659383023874e-04
-3.294413956988898745e-02
2.749019796135628024e-02
6.363781313219491788e-03
-2.544306982062984751e-02
-5.219243074627932105e-02
