Number of epochs: 425e-01
-4.602169107634709322e-01
-5.722433823208362448e-03
-1.237672828051701313e-01
-5.068030170588938566e-01
3.291257993140988408e-03
-3.949160030808158695e-01
-4.679982956707331443e-01
-2.652001872023057941e-02
-3.542126028291994189e-01
6.708810078746874073e-01
-1.176953474910277103e-02
-3.426253245626765809e-01
5.327015712542230996e-02
-9.808511548956617976e-02
-1.426548539965465622e-02
-3.126379494172910889e-02
-6.215886259378020258e-03
-8.530852072078135354e-03
-7.209797714292953685e-02
4.689789913967149122e-03
-5.304935879932560355e-02
-5.622239125703103538e-03
-2.863840364383732004e-02
2.165718066629818053e-03
8.384944593233981114e-03
3.900064163995538898e-03
6.451967616838732295e-03
-1.323543262261510089e-01
-6.452358143407103952e-02
-2.689434213902442972e-01
2.811899402378376794e-02
-7.989643774256589837e-02
-2.615639556611419891e-01
1.120266175486816021e-02
-2.149397030494701322e-01
-1.626170392319910563e-01
6.030994056710810985e-03
-1.279680246944511490e-01
-1.075675080955120280e-02
2.232609920010440382e-02
-1.245116257639973384e-01
2.648074558424571429e-02
-2.981070616371876009e-02
-5.621174782923973184e-02
-1.253405056222657021e-01
-1.383650542714240927e-01
-6.917669834992461186e-02
-5.528381899782101871e-02
-1.491967001386201308e-01
-5.927478723190618415e-02
-5.917610334301666442e-02
-1.152709648963540778e-01
-7.428983071312079967e-02
-6.705811289479912674e-02
-1.014766535672525505e-01
-1.049240035787432496e-01
-1.461868880251565028e-01
-3.869876081397449763e-02
-7.394212842491434956e-02
-1.909946604047483565e-01
-8.932588321366724537e-02
-1.129986802855966199e-01
-1.081855924374427042e-01
-6.916674843061482170e-02
-8.448807310595979336e-02
-8.970622655193000172e-02
-4.746352869927081275e-02
-7.597586651180683603e-02
-1.277566284785212614e-01
-3.874135089989926006e-03
-2.554108167807614405e-01
-2.784832016468063998e-01
-1.023317094373828312e-01
-9.893043441927297510e-02
-1.440260068963091777e-01
-7.562641061984870516e-02
-1.298548903531258070e-01
-1.130992817505370798e-02
-1.175010186866716766e-01
-4.476615290545735149e-02
-1.027646460299114495e-01
-7.077060377039010031e-02
-5.421458172921195945e-02
-3.656240398559162386e-01
-4.231767833590152628e-02
-3.214947426033436528e-01
1.511320286413760962e-02
-8.119387591423034289e-02
-3.752937477866450378e-01
1.245360192052284362e-02
-1.800307208132141679e-01
-3.944931335699693453e-01
1.051115636675526571e-03
-2.442282791944691001e-01
-5.661986442784924800e-02
8.918940257161956861e-03
-3.021691070462926287e-01
2.077397255620914637e-02
2.637445569295006065e-01
2.556760814314190111e-01
2.207864436460811944e-02
5.363553377823442742e-02
2.610415555447194724e-01
4.922262224741304898e-02
5.368675496257692414e-02
1.628019737845382287e-01
5.366981025731381444e-02
5.094472230882182706e-02
1.408604085136665011e-02
-2.530073388246636967e-01
-3.664682186005378903e-03
-2.607543427173995010e-01
1.321564228631207788e-02
1.762626976789772801e-02
-2.178750218737277589e-01
2.955835902901692361e-02
-2.324022642993273657e-01
-2.237616777521213574e-01
2.842529165096312205e-02
-1.932096557986172358e-01
2.512448698093620175e-02
-2.177431497070441702e-01
2.057792395512774916e-02
1.539354942085673257e-02
1.323421762975140331e-02
7.300412180569032863e-03
1.696807938682286590e-02
6.862838059293018857e-03
9.733678715803485010e-03
5.091225540429481985e-03
-5.441746952694562212e-02
4.446965679020844532e-03
-6.428696871770678278e-02
4.430547434581705649e-03
-1.654775861974457779e-02
-6.560815052351122445e-02
7.204402303710539732e-03
-1.470003579542124121e-02
-5.915406727602738612e-02
7.645662938147371320e-04
-5.074311043388453346e-02
-1.459777764035549014e-02
-3.989431101645389034e-03
-3.239950409925235197e-01
-2.599171806827845210e-01
-1.645167639740648946e-01
-1.968410350232206729e-01
-1.690338968833322020e-01
-1.597386641176655742e-01
-1.430650828028280919e-01
-1.331153414813514568e-01
-1.699828353175334983e-01
-4.070416351306500868e-02
-5.866529723234237964e-02
1.602308301993507142e-02
7.390392300226406204e-03
-1.767633692568405801e-01
3.825782485713325799e-04
-1.185233800639541590e-01
1.915175940078391384e-02
-2.848799701920349398e-02
1.180657825105621388e-02
1.711612895964447281e-02
1.685871580719302968e-03
7.963302789668393403e-03
6.991471637876820779e-03
6.730395157825441212e-03
1.074369311448775122e-02
-6.445569847241358619e-02
3.114176309685309438e-02
-7.346085770875175613e-02
3.156420320914972433e-02
-8.310916813863525321e-02
1.932876961115807812e-02
-8.288023854448545169e-02
-6.066358006141155286e-03
3.263006361079787750e-03
-8.663041305574744775e-04
1.482895420912304710e-02
8.800384096360219788e-03
1.845328083679713058e-02
-5.880160798472032491e-02
-3.008395395062796532e-02
1.149965542609418089e-03
-5.093097920649243895e-03
-1.514545592066557540e-02
2.241601663711877482e-02
-1.256618272179046703e-01
-1.091837080285243747e-02
-1.220561394588424824e-02
2.055683747704478703e-02
-2.799974059650514342e-03
-3.079675952932780722e-02
3.008545275691078963e-02
2.823835431044346717e-03
-2.252313956641961018e-02
-6.526933456718850279e-02
